0.49924493
0.49924487
0.49924523
0.4992451
0.49924463
0.49924386
0.49924523
0.4992451
0.4992451
0.499245
0.4992451
0.49924475
0.49924505
0.49924505
0.49924523
0.499245
0.49924523
0.4992451
0.49924523
0.49924403
0.49924523
0.499245
0.49924463
0.49924535
0.49924487
0.49924535
0.4992451
0.49924517
0.49924475
0.4992451
0.4992451
0.49924505
0.499245
0.49924523
0.49924487
0.4992454
0.499245
0.49924505
0.4992451
0.49924517
0.49924463
0.49924523
0.4992448
0.49924523
0.49924463
0.49924457
0.499245
0.4992445
0.4992453
0.4992451
0.49924487
0.4992451
0.49924475
0.4992453
0.499245
0.49924523
0.49924535
0.49924475
0.49924517
0.49924487
0.4992451
0.49924517
0.49924546
0.49924487
0.49924493
0.499245
0.49924475
0.49924493
0.49924392
0.49924487
0.49924487
0.499245
0.49924487
0.49924505
0.4992448
0.4992448
0.49924368
0.49924487
0.49924523
0.4992451
0.49924535
0.49924463
0.49924517
0.499245
0.49924523
0.499245
0.49924523
0.49924475
0.499245
0.49924487
0.49924475
0.49924523
0.49924463
0.49924582
0.499245
0.49924523
0.499245
0.49924523
0.49924487
0.49924475
0.4992451
0.499245
0.49924475
0.49924463
0.4992451
0.49924475
0.49924523
0.49924535
0.49924523
0.49924535
0.4992451
0.49924475
0.49924487
0.49924523
0.499245
0.49924505
0.499245
0.49924523
0.49924505
0.49924493
0.49924487
0.49924523
0.4992451
0.49924487
0.499245
0.4992451
0.49924475
0.4992451
0.499245
0.4992444
0.49924523
0.49924523
0.499245
0.499245
0.4992451
0.49924535
0.49924517
0.4992454
0.4992445
0.49924517
0.4992451
0.49924445
0.49924523
0.499245
0.49924487
0.49924523
0.4992448
0.4992451
0.49924517
0.49924487
0.49924523
0.49924475
0.49924505
0.49924517
0.49924546
0.49924517
0.49924564
0.49924523
0.49924463
0.49924487
0.49924475
0.49924517
0.49924493
0.499245
0.499245
0.49924457
0.49924487
0.4992445
0.49924487
0.4992451
0.4992451
0.4992451
0.4992454
0.49924487
0.4992451
0.4992451
0.49924517
0.4992451
0.49924096
0.49924505
0.49924535
0.49924523
0.49924546
0.49924523
0.49924487
0.4992451
0.4992451
0.49924523
0.49924517
0.4992454
0.49924535
0.49924535
0.499245
0.49924487
0.49924546
0.4992453
0.49924517
0.499245
0.49924505
0.49924523
0.4992453
0.49924427
0.49924535
0.4992451
0.499245
0.49924475
0.49924535
0.4992444
0.49924517
0.499245
0.49924505
0.49924403
0.49924523
0.49924487
0.4992451
0.49924487
0.49924463
0.4992451
0.49924546
0.4992451
0.49924523
0.49924535
0.49924523
0.49924493
0.4992453
0.499245
0.49924523
0.49924475
0.49924487
0.49924475
0.49924523
0.499245
0.4992451
0.49924505
0.49924487
0.4992448
0.49924505
0.49924523
0.49924487
0.4992451
0.4992453
0.4992451
0.49924517
0.4992447
0.499245
0.49924612
0.49924523
0.49924535
0.49924463
0.499245
0.4992438
0.49924517
0.49924487
0.4992447
0.49924523
0.49924475
0.4992451
0.4992451
0.4992451
0.49924546
0.49924523
0.499245
0.49924517
0.499245
0.4992451
0.499245
0.499245
0.499245
0.4992448
0.4992444
0.49924535
0.499245
0.499245
0.4992451
0.4992451
0.49924576
0.4992453
0.4992454
0.4992451
0.4992451
0.4992438
0.499245
0.49924487
0.49924523
0.49924493
0.49924523
0.49924457
0.4992451
0.499245
0.4992451
0.4992451
0.49924505
0.49924517
0.499245
0.49924475
0.49924546
0.49924487
0.4992451
0.49924517
0.49924517
0.49924523
0.49924403
0.49924535
0.49924487
0.4992451
0.49924505
0.49924523
0.49924487
0.49924475
0.4992457
0.49924487
0.49924487
0.49924517
0.49924523
0.49924487
0.499245
0.4992445
0.49924523
0.4992445
0.49924535
0.499245
0.4992451
0.49924487
0.49924463
0.49924487
0.4992454
0.4992451
0.49924517
0.49924523
0.4992451
0.49924535
0.49924517
0.49924523
0.499245
0.49924487
0.49924558
0.49924523
0.499245
0.49924546
0.49924487
0.49924445
0.49924523
0.499245
0.49924475
0.4992451
0.49924475
0.49924487
0.49924523
0.4992451
0.4992448
0.499245
0.4992451
0.499245
0.499245
0.49924523
0.4992451
0.49924517
0.4992451
0.49924487
0.4992451
0.49924493
0.49924487
0.49924535
0.4992451
0.49924517
0.499245
0.49924546
0.49924475
0.49924535
0.49924523
0.4992451
0.4992444
0.49924523
0.49924523
0.4992445
0.49924487
0.49924463
0.4992454
0.49924475
0.499245
0.49924535
0.499245
0.49924505
0.49924517
0.49924487
0.4992451
0.49924475
0.49924487
0.4992428
0.49924535
0.4992451
0.499245
0.4992451
0.4992451
0.4992451
0.4992451
0.49924487
0.49924517
0.49924487
0.49924475
0.49924487
0.499245
0.49924552
0.49924487
0.49924523
0.499245
0.49924332
0.4992451
0.49924475
0.49924463
0.4992453
0.49924517
0.499245
0.4992451
0.49924517
0.4992451
0.4992448
0.49924523
0.499245
0.4992444
0.49924517
0.4992451
0.49924535
0.49924517
0.49924475
0.49924535
0.49924487
0.4992451
0.49924475
0.4992445
0.49924517
0.49924487
0.49924505
0.499245
0.4992438
0.49924546
0.499245
0.499245
0.4992451
0.49924517
0.499245
0.49924493
0.49924493
0.4992447
0.49924475
0.499245
0.49924523
0.49924505
0.49924535
0.49924523
0.49924505
0.4992451
0.4992447
0.499245
0.499245
0.4992445
0.4992451
0.49924493
0.4992451
0.499245
0.49924487
0.49924463
0.49924487
0.4992447
0.49924445
0.49924433
0.4992453
0.499245
0.49924546
0.49924475
0.49924523
0.4992448
0.49924475
0.49924523
0.49924487
0.49924487
0.49924487
0.499245
0.49924487
0.49924487
0.49924523
0.4992453
0.4992451
0.4992445
0.4992451
0.49924523
0.49924535
0.499245
0.49924487
0.49924505
0.4992454
0.4992451
0.49924493
0.49924523
0.4992451
0.49924463
0.49924493
0.49924475
0.4992453
0.499245
0.49924523
0.49924493
0.49924546
0.49924475
0.4992448
0.49924517
0.49924517
0.49924523
0.4992451
0.49924487
0.4992451
0.49924493
0.4992451
0.4992451
0.49924487
0.4992451
0.49924475
0.49924523
0.4992451
0.4992451
0.49924546
0.4992447
0.49924523
0.499245
0.49924463
0.49924445
0.49924505
0.49924487
0.4992451
0.49924523
0.49924535
0.49924523
0.499245
0.4992451
0.49924475
0.49924475
0.49924523
0.49924493
0.49924523
0.499245
0.4992447
0.49924523
0.49924517
0.49924487
0.49924493
0.49924415
0.49924523
0.49924487
0.49924523
0.49924535
0.49924517
0.49924517
0.49924493
0.49924463
0.499245
0.499245
0.4992448
0.4992451
0.4992451
0.49924487
0.49924487
0.4992451
0.4992451
0.499245
0.49924475
0.4992451
0.4992453
0.49924463
0.49924493
0.4992451
0.49924546
0.49924558
0.49924523
0.4992453
0.4992451
0.49924505
0.49924505
0.49924523
0.49924475
0.4992451
0.499245
0.49924487
0.4992448
0.4992451
0.49924546
0.49924535
0.499245
0.49924475
0.49924505
0.49924523
0.49924517
0.49924487
0.49924475
0.49924493
0.4992453
0.4992451
0.499245
0.49924523
0.499245
0.49924487
0.4992451
0.49924463
0.499245
0.499245
0.4992451
0.49924505
0.4992451
0.49924523
0.49924523
0.49924475
0.49924535
0.49924427
0.49924517
0.49924475
0.49924505
0.499245
0.4992451
0.4992451
0.49924517
0.49924523
0.49924505
0.499245
0.4992451
0.49924523
0.49924523
0.49924535
0.49924535
0.49924517
0.499245
0.49924487
0.49924523
0.49924415
0.49924535
0.4992453
0.499245
0.49924487
0.49924475
0.499245
0.4992453
0.49924487
0.4992447
0.49924505
0.4992453
0.499245
0.49924523
0.4992451
0.499245
0.49924523
0.499245
0.499245
0.4992451
0.49924523
0.4992445
0.499245
0.49924475
0.49924487
0.49924505
0.4992454
0.49924445
0.4992445
0.4992451
0.4992451
0.4992451
0.4992451
0.4992444
0.4992451
0.4992451
0.49924523
0.4992453
0.4992448
0.49924517
0.4992451
0.49924535
0.4992453
0.499245
0.49924493
0.4992448
0.49924487
0.499245
0.49924546
0.4992457
0.49924523
0.49924505
0.4992451
0.49924475
0.499245
0.49924523
0.4992451
0.49924475
0.4992451
0.49924487
0.499245
0.499245
0.4992451
0.49924487
0.49924463
0.4992451
0.4992451
0.49924356
0.499245
0.49924523
0.49924487
0.499245
0.499245
0.49924535
0.49924487
0.49924487
0.49924487
0.4992453
0.49924523
0.4992451
0.49924523
0.49924523
0.499245
0.4992451
0.49924517
0.499245
0.4992451
0.49924463
0.49924517
0.49924523
0.4992444
0.49924487
0.49924487
0.49924493
0.49924493
0.49924487
0.49924493
0.49924535
0.49924517
0.4992448
0.4992448
0.49924493
0.49924523
0.4992451
0.49924517
0.499245
0.4992444
0.49924487
0.49924523
0.499245
0.4992448
0.49924517
0.49924493
0.49924552
0.49924475
0.49924487
0.49924505
0.49924523
0.4992454
0.49924487
0.49924523
0.49924546
0.49924517
0.4992451
0.49924535
0.49924487
0.49924475
0.4992451
0.49924523
0.49924523
0.49924493
0.49924457
0.49924493
0.49924546
0.49924493
0.4992451
0.49924475
0.499245
0.49924505
0.4992448
0.49924493
0.49924487
0.4992451
0.49924535
0.49924505
0.49924475
0.4992454
0.4992447
0.49924523
0.4992451
0.49924517
0.4992451
0.49924463
0.4992451
0.49924523
0.499245
0.49924475
0.4992451
0.4992451
0.499245
0.49924487
0.49924392
0.4992451
0.4992448
0.4992453
0.49924517
0.49924558
0.49924463
0.49924493
0.4992453
0.49924487
0.4992445
0.499245
0.4992451
0.49924523
0.499245
0.499245
0.49924487
0.49924517
0.4992451
0.499245
0.49924487
0.499245
0.49924523
0.49924475
0.4992451
0.4992451
0.49924493
0.49924415
0.499245
0.49924487
0.499245
0.4992445
0.49924505
0.49924523
0.49924487
0.49924487
0.49924523
0.499245
0.49924505
0.49924523
0.499245
0.49924523
0.499245
0.49924523
0.49924487
0.4992451
0.4992453
0.49924475
0.49924535
0.4992447
0.499245
0.4992444
0.499245
0.49924487
0.49924546
0.49924457
0.499245
0.4992447
0.4992451
0.4992432
0.49924487
0.49924535
0.49924523
0.4992451
0.49924505
0.49924487
0.49924505
0.49924517
0.49924523
0.4992445
0.49924523
0.49924523
0.4992453
0.4992453
0.49924475
0.4992448
0.4992451
0.4992448
0.49924505
0.49924523
0.49924523
0.4992445
0.4992451
0.49924523
0.4992448
0.49924505
0.49924523
0.49924487
0.49924523
0.49924493
0.49924493
0.49924517
0.4992454
0.49924457
0.4992448
0.4992453
0.4992451
0.499245
0.4992448
0.499245
0.4992451
0.4992451
0.49924487
0.4992451
0.499245
0.49924535
0.49924487
0.49924505
0.49924487
0.49924517
0.49924487
0.49924517
0.49924505
0.4992448
0.49924517
0.4992451
0.4992451
0.49924517
0.49924505
0.4992451
0.49924517
0.49924475
0.4992447
0.4992451
0.4992432
0.4992448
0.49924487
0.49924475
0.49924523
0.49924487
0.49924558
0.49924517
0.49924487
0.49924463
0.49924487
0.499245
0.49924487
0.49924475
0.49924582
0.49924535
0.4992453
0.4992451
0.499245
0.49924493
0.4992453
0.4992451
0.49924505
0.4992451
0.49924487
0.4992451
0.49924546
0.4992448
0.49924523
0.49924523
0.49924523
0.4992454
0.49924475
0.49924505
0.49924535
0.499245
0.49924523
0.49924523
0.4992448
0.4992451
0.49924487
0.4992457
0.49924475
0.4992451
0.4992448
0.49924535
0.499245
0.49924523
0.49924523
0.4992448
0.49924493
0.4992448
0.4992454
0.49924535
0.49924475
0.4992451
0.49924493
0.49924487
0.499245
0.49924523
0.49924463
0.499245
0.499245
0.49924475
0.4992451
0.49924487
0.49924535
0.49924523
0.499245
0.49924535
0.49924535
0.4992451
0.49924493
0.49924517
0.49924493
0.499245
0.49924505
0.49924487
0.499245
0.49924487
0.49924546
0.4992451
0.4992447
0.499245
0.49924475
0.49924415
0.4992451
0.49924475
0.4992451
0.49924475
0.49924517
0.4992451
0.49924433
0.49924523
0.49924546
0.49924487
0.49924546
0.49924517
0.49924487
0.49924523
0.49924523
0.49924487
0.49924487
0.4992448
0.49924505
0.49924517
0.499245
0.499245
0.49924594
0.49924427
0.49924463
0.499245
0.49924523
0.49924505
0.49924475
0.49924487
0.49924493
0.49924475
0.4992451
0.4992451
0.499245
0.4992451
0.49924493
0.49924517
0.49924487
0.49924475
0.499245
0.49924535
0.499245
0.4992451
0.49924523
0.4992453
0.4992451
0.49924505
0.4992451
0.499245
0.4992451
0.49924523
0.4992451
0.4992451
0.49924523
0.49924535
0.49924487
0.4992448
0.4992451
0.4992451
0.4992451
0.4992447
0.49924487
0.49924523
0.49924523
0.499246
0.49924505
0.4992445
0.499245
0.4992451
0.49924487
0.4992454
0.4992451
0.499245
0.49924523
0.49924493
0.49924517
0.49924594
0.49924487
0.4992451
0.499245
0.49924475
0.49924523
0.4992451
0.4992451
0.499245
0.499245
0.49924487
0.49924505
0.49924523
0.4992451
0.4992451
0.49924445
0.49924475
0.49924487
0.49924487
0.49924517
0.49924475
0.49924493
0.49924517
0.4992451
0.49924517
0.49924505
0.4992451
0.49924475
0.49924535
0.49924475
0.49924475
0.49924517
0.499245
0.49924475
0.4992451
0.49924487
0.49924487
0.49924523
0.499245
0.49924493
0.499245
0.4992451
0.499245
0.499245
0.49924523
0.4992451
0.49924493
0.4992451
0.49924523
0.4992445
0.4992451
0.49924535
0.499245
0.49924523
0.49924517
0.499245
0.499245
0.49924517
0.49924487
0.49924523
0.49924523
0.49924475
0.49924505
0.4992457
0.4992447
0.49924475
0.49924523
0.499245
0.4992451
0.499245
0.49924546
0.49924493
0.49924546
0.49924475
0.49924517
0.49924415
0.4992451
0.49924517
0.4992451
0.4992448
0.49924517
0.4992454
0.49924415
0.49924487
0.49924505
0.4992451
0.49924535
0.49924487
0.49924463
0.49924558
0.49924487
0.49924475
0.49924505
0.49924487
0.499245
0.499245
0.499245
0.49924487
0.4992451
0.499245
0.49924475
0.49924475
0.499245
0.49924463
0.49924523
0.499245
0.49924523
0.4992451
0.4992453
0.49924505
0.4992448
0.49924517
0.49924403
0.49924535
0.4992451
0.49924523
0.49924487
0.49924487
0.49924475
0.4992451
0.499245
0.49924392
0.4992438
0.499245
0.49924487
0.49924475
0.49924487
0.49924517
0.49924505
0.49924523
0.49924517
0.499245
0.4992454
0.49924517
0.49924523
0.49924517
0.49924517
0.49924517
0.499245
0.49924463
0.4992451
0.49924517
0.49924546
0.49924517
0.499245
0.4992453
0.49924523
0.499245
0.4992451
0.4992451
0.499245
0.4992451
0.49924523
0.49924523
0.49924487
0.4992451
0.4992451
0.49924517
0.4992451
0.4992451
0.49924427
0.49924505
0.49924523
0.499245
0.4992451
0.4992451
0.49924546
0.49924523
0.4992451
0.4992451
0.49924487
0.4992448
0.49924535
0.49924475
0.49924475
0.49924475
0.49924493
0.49924445
0.49924523
0.4992447
0.49924487
0.49924493
0.4992451
0.499245
0.499245
0.49924493
0.49924475
0.49924523
0.499245
0.49924427
0.49924505
0.4992451
0.499245
0.4992451
0.49924493
0.49924505
0.4992451
0.49924493
0.4992451
0.49924493
0.499245
0.49924505
0.49924493
0.49924487
0.499245
0.49924475
0.4992451
0.4992451
0.49924475
0.4992453
0.49924523
0.49924523
0.49924523
0.49924517
0.4992451
0.49924523
0.4992453
0.49924535
0.49924523
0.4992444
0.49924493
0.49924487
0.49924523
0.4992451
0.4992451
0.499245
0.49924487
0.4992447
0.499245
0.499245
0.49924505
0.4992451
0.4992451
0.4992448
0.499245
0.4992448
0.49924487
0.4992451
0.4992451
0.49924523
0.49924487
0.49924523
0.499245
0.49924505
0.49924523
0.4992451
0.49924505
0.49924475
0.4992442
0.49924523
0.499245
0.49924523
0.49924523
0.49924487
0.4992447
0.4992451
0.499245
0.4992451
0.4992451
0.49924487
0.4992451
0.49924523
0.4992451
0.49924493
0.4992451
0.49924487
0.49924523
0.49924487
0.49924523
0.49924475
0.49924487
0.49924505
0.4992451
0.49924493
0.49924487
0.49924523
0.49924487
0.4992451
0.49924523
0.49924487
0.4992448
0.49924523
0.4992454
0.49924475
0.49924517
0.4992451
0.49924487
0.49924487
0.499245
0.49924487
0.49924475
0.49924523
0.4992444
0.4992451
0.49924475
0.49924523
0.49924535
0.499245
0.49924493
0.49924505
0.49924523
0.49924505
0.499245
0.49924517
0.4992451
0.49924582
0.49924523
0.49924535
0.49924535
0.49924505
0.49924463
0.49924493
0.49924523
0.4992451
0.49924505
0.4992451
0.4992447
0.4992448
0.49924517
0.499245
0.4992451
0.499245
0.49924487
0.4992454
0.49924517
0.49924463
0.49924505
0.49924535
0.49924517
0.49924487
0.49924523
0.4992451
0.4992448
0.49924493
0.49924535
0.49924344
0.499245
0.49924487
0.499245
0.49924433
0.49924505
0.49924403
0.499245
0.49924523
0.49924517
0.49924523
0.49924487
0.499245
0.4992451
0.49924505
0.499245
0.499245
0.49924546
0.4992451
0.499245
0.4992451
0.49924523
0.4992451
0.49924594
0.49924487
0.49924505
0.49924535
0.49924487
0.49924487
0.49924505
0.499245
0.49924487
0.49924493
0.49924487
0.49924523
0.49924535
0.49924546
0.49924517
0.49924552
0.499245
0.499245
0.49924475
0.4992442
0.49924535
0.49924493
0.499245
0.49924493
0.49924505
0.499245
0.49924517
0.49924523
0.499245
0.4992444
0.49924463
0.49924523
0.49924517
0.4992451
0.499245
0.49924487
0.4992451
0.49924546
0.49924558
0.4992453
0.49924523
0.49924517
0.49924475
0.49924487
0.49924403
0.49924475
0.4992451
0.4992448
0.4992453
0.4992451
0.4992451
0.49924487
0.4992451
0.499245
0.49924487
0.49924487
0.4992451
0.49924475
0.49924493
0.49924487
0.49924523
0.49924612
0.49924505
0.49924487
0.49924487
0.49924463
0.49924463
0.49924558
0.49924475
0.49924493
0.49924487
0.499245
0.49924487
0.4992451
0.4992454
0.499245
0.499245
0.49924523
0.49924523
0.4992451
0.49924493
0.49924523
0.4992451
0.49924523
0.49924487
0.4992451
0.49924457
0.49924475
0.49924445
0.4992451
0.499245
0.499245
0.499245
0.49924487
0.4992453
0.49924505
0.4992451
0.49924546
0.49924475
0.49924505
0.49924487
0.4992451
0.4992447
0.49924505
0.49924535
0.4992444
0.49924487
0.49924487
0.4992448
0.49924505
0.49924523
0.49924487
0.49924487
0.4992451
0.4992445
0.49924505
0.49924523
0.4992451
0.49924493
0.49924463
0.49924487
0.49924463
0.49924523
0.49924475
0.4992453
0.49924552
0.499245
0.49924487
0.49924475
0.49924517
0.49924523
0.49924487
0.499245
0.49924558
0.49924493
0.49924523
0.4992451
0.499245
0.49924505
0.4992445
0.49924427
0.49924517
0.49924505
0.4992451
0.49924475
0.4992451
0.49924505
0.4992451
0.49924517
0.49924487
0.49924463
0.49924523
0.49924463
0.49924415
0.49924523
0.4992448
0.4992451
0.4992451
0.49924493
0.49924475
0.49924535
0.49924517
0.49924493
0.49924558
0.4992451
0.49924493
0.49924523
0.49924475
0.49924523
0.4992451
0.499245
0.499245
0.49924487
0.49924487
0.499245
0.49924463
0.4992451
0.49924505
0.4992448
0.49924523
0.49924523
0.49924517
0.499245
0.499245
0.49924493
0.4992454
0.49924535
0.49924487
0.49924493
0.49924523
0.499245
0.4992451
0.499245
0.499245
0.499245
0.49924517
0.49924475
0.49924487
0.49924487
0.4992447
0.49924487
0.499245
0.49924487
0.49924487
0.499245
0.4992451
0.49924523
0.49924523
0.4992451
0.49924487
0.4992451
0.49924475
0.49924505
0.4992448
0.49924523
0.49924523
0.49924517
0.49924487
0.49924505
0.4992453
0.49924487
0.499245
0.49924427
0.49924517
0.49924523
0.49924493
0.49924487
0.49924523
0.49924493
0.49924517
0.49924546
0.499245
0.4992451
0.49924493
0.49924535
0.4992448
0.4992448
0.4992448
0.49924517
0.499245
0.4992451
0.499245
0.49924475
0.49924505
0.49924517
0.49924523
0.49924487
0.499245
0.49924523
0.49924487
0.49924523
0.499245
0.49924487
0.49924487
0.4992451
0.4992451
0.49924475
0.499245
0.4992451
0.4992451
0.49924475
0.499245
0.4992453
0.49924517
0.4992451
0.49924493
0.499245
0.4992445
0.4992451
0.49924386
0.49924463
0.4992453
0.49924475
0.4992448
0.499245
0.49924487
0.49924523
0.49924523
0.49924505
0.49924546
0.49924523
0.49924487
0.4992451
0.49924517
0.499245
0.49924505
0.4992451
0.49924535
0.4992438
0.4992451
0.4992451
0.49924487
0.49924493
0.4992451
0.49924475
0.4992451
0.49924546
0.4992453
0.49924546
0.49924546
0.49924535
0.4992451
0.499245
0.49924493
0.49924475
0.49924517
0.4992451
0.499245
0.4992451
0.49924493
0.4992447
0.4992451
0.49924493
0.49924463
0.49924463
0.49924523
0.49924487
0.499245
0.4992451
0.49924517
0.49924517
0.49924517
0.49924505
0.49924517
0.4992451
0.49924535
0.499245
0.49924487
0.49924505
0.49924546
0.49924475
0.49924475
0.49924475
0.4992451
0.499245
0.49924546
0.499245
0.4992448
0.4992451
0.4992451
0.4992451
0.49924505
0.49924463
0.49924475
0.4992451
0.4992451
0.4992451
0.4992444
0.49924523
0.49924523
0.499245
0.49924487
0.49924475
0.49924493
0.49924517
0.49924523
0.49924546
0.49924493
0.49924546
0.49924487
0.499245
0.49924475
0.49924487
0.49924517
0.499245
0.4992453
0.49924487
0.499245
0.4992451
0.4992451
0.49924487
0.49924505
0.4992447
0.49924523
0.49924517
0.49924523
0.4992453
0.4992453
0.4992451
0.4992447
0.499245
0.49924517
0.4992451
0.4992451
0.49924475
0.4992451
0.4992451
0.49924475
0.49924523
0.49924517
0.49924523
0.49924523
0.49924517
0.49924523
0.49924403
0.49924487
0.499245
0.4992447
0.4992451
0.4992451
0.499245
0.49924493
0.499245
0.49924493
0.49924487
0.4992445
0.49924487
0.49924523
0.49924463
0.4992451
0.49924487
0.49924517
0.49924535
0.49924487
0.49924475
0.49924523
0.49924517
0.4992451
0.49924487
0.49924487
0.49924493
0.4992448
0.49924463
0.4992451
0.49924517
0.49924487
0.4992451
0.49924505
0.49924558
0.49924517
0.49924487
0.499245
0.49924493
0.49924546
0.4992451
0.49924463
0.49924487
0.49924487
0.49924535
0.4992451
0.49924523
0.49924475
0.49924505
0.49924505
0.49924475
0.4992444
0.49924517
0.49924487
0.4992453
0.49924487
0.49924523
0.49924487
0.4992451
0.49924487
0.49924523
0.499245
0.49924487
0.49924523
0.49924523
0.49924493
0.49924535
0.49924517
0.499245
0.49924505
0.49924505
0.49924505
0.49924523
0.4992451
0.4992454
0.49924463
0.49924535
0.49924493
0.49924517
0.49924162
0.4992451
0.499245
0.499245
0.49924517
0.49924523
0.4992445
0.49924487
0.49924505
0.4992453
0.49924493
0.499245
0.49924523
0.49924487
0.49924517
0.49924475
0.49924475
0.4992451
0.49924517
0.49924487
0.4992451
0.4992451
0.49924523
0.49924475
0.4992451
0.49924505
0.49924475
0.4992444
0.499245
0.499245
0.4992453
0.49924475
0.4992453
0.499245
0.49924517
0.499245
0.4992451
0.49924517
0.49924523
0.4992451
0.49924517
0.49924463
0.49924487
0.49924517
0.4992451
0.499245
0.499245
0.49924517
0.49924546
0.49924475
0.499245
0.49924445
0.4992451
0.49924523
0.49924535
0.49924475
0.49924523
0.49924523
0.4992451
0.4992451
0.49924445
0.4992451
0.499245
0.4992447
0.49924475
0.4992451
0.49924427
0.49924517
0.499245
0.499245
0.49924493
0.49924546
0.49924523
0.4992454
0.499245
0.49924463
0.49924487
0.49924523
0.49924517
0.49924517
0.49924558
0.4992451
0.499245
0.49924493
0.49924487
0.49924517
0.499245
0.49924523
0.49924505
0.49924493
0.4992451
0.499245
0.49924505
0.49924463
0.49924517
0.49924505
0.49924523
0.4992451
0.49924523
0.49924517
0.49924475
0.49924517
0.499245
0.4992451
0.4992451
0.49924517
0.4992451
0.49924487
0.4992451
0.49924487
0.4992453
0.4992451
0.49924517
0.49924487
0.4992451
0.49924487
0.4992451
0.49924535
0.49924475
0.49924493
0.49924463
0.49924493
0.49924156
0.49924505
0.49924535
0.49924487
0.4992444
0.49924523
0.49924475
0.49924475
0.49924475
0.49924558
0.499245
0.4992451
0.49924523
0.499245
0.49924487
0.49924523
0.49924493
0.49924505
0.49924505
0.49924463
0.49924487
0.4992451
0.49924517
0.49924445
0.4992451
0.49924475
0.49924487
0.499245
0.49924493
0.49924475
0.49924523
0.49924505
0.4992448
0.4992451
0.49924517
0.49924487
0.49924475
0.4992447
0.49924505
0.49924535
0.4992453
0.49924517
0.49924463
0.49924546
0.49924564
0.49924523
0.49924475
0.49924463
0.49924493
0.49924535
0.49924487
0.49924517
0.49924493
0.49924523
0.4992451
0.49924487
0.49924535
0.499245
0.49924475
0.4992453
0.49924523
0.4992447
0.4992451
0.49924463
0.4992451
0.499245
0.49924535
0.4992451
0.49924517
0.4992451
0.49924535
0.49924523
0.49924523
0.49924517
0.4992451
0.49924523
0.4992448
0.49924523
0.4992451
0.4992451
0.49924523
0.4992451
0.49924523
0.49924475
0.49924523
0.49924475
0.499245
0.49924487
0.49924523
0.49924487
0.4992451
0.499245
0.49924493
0.4992451
0.49924517
0.499245
0.4992448
0.49924463
0.49924487
0.49924517
0.4992451
0.49924505
0.49924463
0.4992445
0.49924558
0.4992451
0.499245
0.49924487
0.49924475
0.49924487
0.49924487
0.49924463
0.49924505
0.49924475
0.49924487
0.499245
0.49924493
0.4992453
0.4992451
0.49924475
0.49924523
0.4992453
0.4992451
0.49924523
0.499245
0.4992448
0.4992451
0.49924487
0.49924487
0.49924517
0.499245
0.49924368
0.4992451
0.4992448
0.49924487
0.4992451
0.4992451
0.49924523
0.49924493
0.4992451
0.49924523
0.4992451
0.499245
0.49924582
0.499245
0.49924523
0.49924463
0.49924523
0.49924523
0.49924517
0.4992451
0.49924487
0.49924523
0.4992454
0.499245
0.49924505
0.49924546
0.499245
0.49924475
0.4992451
0.4992451
0.4992457
0.4992451
0.49924487
0.4992451
0.49924493
0.49924523
0.49924517
0.499245
0.4992451
0.49924535
0.49924463
0.49924523
0.49924487
0.49924546
0.49924517
0.4992451
0.49924535
0.49924487
0.4992448
0.4992448
0.49924654
0.4992451
0.499245
0.49924475
0.49924487
0.4992445
0.49924523
0.49924535
0.49924487
0.4992451
0.49924523
0.49924523
0.49924475
0.49924475
0.49924457
0.49924475
0.49924523
0.49924558
0.49924523
0.499245
0.49924517
0.49924344
0.49924505
0.49924487
0.4992451
0.49924487
0.49924523
0.49924463
0.4992451
0.49924517
0.4992457
0.49924487
0.4992451
0.499245
0.49924523
0.49924463
0.49924487
0.49924523
0.499245
0.49924546
0.4992444
0.4992451
0.49924505
0.49924523
0.49924397
0.49924487
0.4992451
0.49924523
0.49924505
0.499245
0.49924523
0.49924487
0.4992448
0.4992454
0.499245
0.49924386
0.49924505
0.49924523
0.49924475
0.4992451
0.4992445
0.4992451
0.49924523
0.49924475
0.4992448
0.49924463
0.49924523
0.49924463
0.499245
0.49924487
0.49924523
0.49924523
0.49924523
0.49924475
0.49924535
0.4992451
0.4992448
0.4992451
0.49924475
0.4992451
0.49924523
0.499245
0.4992451
0.49924505
0.499245
0.4992447
0.49924463
0.499245
0.499245
0.49924475
0.499245
0.49924487
0.49924475
0.49924463
0.49924487
0.49924487
0.49924517
0.49924505
0.4992448
0.49924487
0.4992448
0.49924523
0.4992453
0.49924487
0.49924523
0.49924475
0.49924463
0.49924535
0.4992451
0.49924523
0.4992451
0.4992453
0.49924505
0.49924487
0.499245
0.4992447
0.4992447
0.49924493
0.4992447
0.4992451
0.49924487
0.4992453
0.499245
0.49924523
0.4992453
0.4992451
0.49924475
0.49924487
0.499245
0.49924487
0.4992445
0.4992451
0.49924523
0.49924517
0.49924523
0.49924523
0.499245
0.4992451
0.4992451
0.49924493
0.49924517
0.49924523
0.4992451
0.4992448
0.49924487
0.499245
0.49924517
0.49924475
0.49924517
0.49924517
0.49924463
0.49924487
0.49924487
0.499245
0.499245
0.499245
0.49924505
0.49924487
0.4992451
0.4992445
0.4992451
0.4992451
0.499245
0.49924517
0.4992451
0.49924505
0.4992444
0.4992451
0.49924505
0.49924517
0.49924457
0.499245
0.49924493
0.49924493
0.49924463
0.4992454
0.49924523
0.499245
0.499245
0.49924517
0.49924523
0.499245
0.49924505
0.49924523
0.4992451
0.4992451
0.4992451
0.49924505
0.49924493
0.49924523
0.4992451
0.49924487
0.4992451
0.4992451
0.49924535
0.499245
0.4992451
0.49924523
0.4992451
0.49924403
0.49924487
0.49924487
0.49924463
0.49924517
0.4992444
0.4992448
0.499245
0.49924487
0.49924517
0.49924523
0.499245
0.499245
0.4992451
0.4992448
0.49924487
0.49924487
0.49924487
0.4992445
0.49924487
0.4992453
0.49924546
0.49924487
0.49924535
0.4992451
0.49924523
0.4992451
0.49924493
0.499245
0.49924445
0.49924475
0.49924523
0.49924517
0.49924487
0.49924487
0.49924493
0.49924517
0.49924523
0.49924487
0.49924463
0.4992454
0.499245
0.499245
0.49924523
0.49924463
0.49924517
0.49924523
0.49924487
0.49924517
0.4992448
0.49924523
0.49924487
0.4992453
0.4992451
0.49924487
0.499245
0.499245
0.499245
0.4992451
0.49924535
0.49924493
0.49924523
0.49924487
0.499245
0.49924475
0.49924523
0.49924523
0.49924535
0.4992451
0.4992453
0.49924558
0.49924487
0.4992454
0.49924505
0.49924487
0.4992448
0.49924535
0.499245
0.4992451
0.49924475
0.49924487
0.4992451
0.49924505
0.4992451
0.4992451
0.4992451
0.499245
0.49924487
0.49924487
0.49924487
0.49924493
0.4992451
0.49924517
0.49924493
0.49924546
0.4992453
0.499245
0.499245
0.49924535
0.4992453
0.49924546
0.49924487
0.49924523
0.4992451
0.499245
0.49924475
0.49924487
0.49924487
0.49924493
0.4992451
0.49924493
0.49924558
0.49924475
0.49924487
0.4992451
0.49924493
0.49924517
0.499243
0.49924493
0.49924517
0.499245
0.4992445
0.4992451
0.49924487
0.49924505
0.49924463
0.49924517
0.49924445
0.49924487
0.49924487
0.49924517
0.499245
0.49924517
0.49924487
0.49924475
0.4992451
0.4992451
0.4992451
0.49924493
0.49924535
0.4992451
0.4992451
0.49924523
0.49924493
0.49924535
0.499245
0.49924487
0.49924618
0.49924457
0.4992448
0.49924523
0.49924493
0.49924546
0.4992447
0.499245
0.499245
0.49924475
0.49924523
0.49924517
0.4992451
0.499245
0.49924523
0.49924487
0.49924487
0.4992451
0.49924523
0.4992448
0.49924493
0.49924535
0.49924606
0.49924523
0.499245
0.49924475
0.4992448
0.49924493
0.4992451
0.49924558
0.499245
0.49924487
0.4992451
0.49924517
0.499245
0.4992448
0.49924493
0.49924523
0.499245
0.49924487
0.49924475
0.49924546
0.49924523
0.49924487
0.49924487
0.4992453
0.49924523
0.49924535
0.4992451
0.49924546
0.49924493
0.4992451
0.49924463
0.49924523
0.49924493
0.49924487
0.49924535
0.4992451
0.49924427
0.49924475
0.499245
0.49924517
0.49924487
0.49924457
0.4992451
0.49924487
0.499245
0.49924505
0.49924505
0.49924535
0.49924523
0.49924487
0.49924463
0.499245
0.49924475
0.49924487
0.49924487
0.4992451
0.49924505
0.49924505
0.4992451
0.49924487
0.4992451
0.4992445
0.49924535
0.49924546
0.4992451
0.4992448
0.49924517
0.49924523
0.4992451
0.499245
0.499245
0.49924487
0.4992448
0.4992451
0.49924475
0.4992451
0.499245
0.49924475
0.49924523
0.49924487
0.4992451
0.49924475
0.49924487
0.49924523
0.49924505
0.4992451
0.49924523
0.499245
0.499245
0.4992454
0.49924523
0.4992448
0.4992447
0.49924523
0.49924523
0.4992451
0.49924475
0.49924475
0.49924517
0.49924505
0.4992451
0.49924463
0.49924523
0.4992451
0.49924487
0.4992451
0.49924493
0.49924493
0.4992451
0.49924523
0.4992451
0.49924523
0.49924535
0.4992454
0.499245
0.49924457
0.4992447
0.4992451
0.49924463
0.49924463
0.49924523
0.4992448
0.4992451
0.49924487
0.49924523
0.49924517
0.4992451
0.4992453
0.49924546
0.4992448
0.4992448
0.49924493
0.49924392
0.49924475
0.4992447
0.49924523
0.4992451
0.49924517
0.49924523
0.49924463
0.4992448
0.49924457
0.4992451
0.4992451
0.499245
0.49924487
0.4992444
0.4992445
0.4992451
0.49924487
0.4992451
0.4992453
0.4992453
0.499245
0.4992448
0.499245
0.499245
0.49924487
0.49924523
0.49924487
0.49924535
0.4992447
0.4992448
0.49924487
0.49924523
0.4992451
0.4992445
0.4992451
0.49924493
0.499245
0.4992453
0.4992453
0.4992451
0.49924475
0.49924523
0.49924487
0.4992447
0.49924517
0.49924523
0.49924487
0.49924523
0.499245
0.49924523
0.499245
0.49924493
0.49924523
0.49924535
0.4992451
0.49924523
0.49924523
0.49924523
0.49924505
0.499245
0.49924356
0.49924546
0.49924487
0.499245
0.4992454
0.49924523
0.49924523
0.499245
0.49924523
0.49924523
0.4992457
0.49924523
0.4992451
0.49924523
0.49924487
0.49924463
0.49924487
0.49924487
0.4992451
0.49924517
0.4992448
0.49924457
0.4992451
0.49924517
0.4992447
0.49924523
0.499245
0.49924493
0.49924523
0.49924523
0.49924523
0.49924487
0.49924475
0.49924535
0.49924487
0.49924487
0.499245
0.4992451
0.49924487
0.49924475
0.49924535
0.49924523
0.49924523
0.499245
0.4992448
0.49924493
0.49924505
0.499245
0.4992451
0.4992445
0.49924523
0.49924582
0.49924487
0.49924523
0.49924487
0.499245
0.499245
0.4992451
0.49924594
0.499245
0.49924523
0.499245
0.49924487
0.4992451
0.49924493
0.4992451
0.4992451
0.49924523
0.49924493
0.4992453
0.49924517
0.49924517
0.4992448
0.49924523
0.49924487
0.49924517
0.499245
0.4992454
0.49924552
0.4992448
0.49924445
0.499245
0.4992451
0.49924505
0.4992447
0.4992451
0.49924505
0.49924505
0.49924523
0.4992453
0.4992445
0.49924505
0.49924487
0.4992451
0.49924356
0.4992451
0.49924523
0.4992445
0.49924546
0.499245
0.4992448
0.49924487
0.49924475
0.49924505
0.49924505
0.49924487
0.49924487
0.49924523
0.499245
0.49924475
0.499245
0.4992444
0.4992451
0.49924713
0.49924523
0.499245
0.49924475
0.49924505
0.49924523
0.49924523
0.4992453
0.4992451
0.49924523
0.49924517
0.4992448
0.49924487
0.49924517
0.4992442
0.4992447
0.499245
0.49924475
0.49924517
0.49924493
0.49924487
0.49924445
0.49924487
0.499245
0.49924523
0.49924517
0.4992451
0.49924445
0.49924487
0.4992451
0.49924487
0.49924517
0.49924493
0.49924523
0.4992445
0.49924427
0.49924487
0.499245
0.49924305
0.49924487
0.4992451
0.499245
0.4992451
0.499245
0.49924558
0.499245
0.49924493
0.49924505
0.4992453
0.49924487
0.4992453
0.49924517
0.49924487
0.499245
0.49924505
0.4992451
0.499245
0.49924457
0.49924523
0.499245
0.49924517
0.49924427
0.49924475
0.4992451
0.4992451
0.49924523
0.49924546
0.49924463
0.499245
0.49924535
0.4992451
0.49924523
0.49924523
0.4992451
0.49924493
0.4992447
0.49924493
0.499245
0.49924487
0.4992451
0.49924493
0.49924517
0.4992451
0.499245
0.49924487
0.49924517
0.49924535
0.4992454
0.4992451
0.49924523
0.4992453
0.4992457
0.49924523
0.49924523
0.49924487
0.49924523
0.4992451
0.4992451
0.4992451
0.49924505
0.49924505
0.4992444
0.49924505
0.49924487
0.4992451
0.49924546
0.49924487
0.49924463
0.49924517
0.49924463
0.49924523
0.49924463
0.4992448
0.49924517
0.4992453
0.49924487
0.4992451
0.4992451
0.49924517
0.49924487
0.49924445
0.4992448
0.49924505
0.49924505
0.4992451
0.4992451
0.4992447
0.49924546
0.499245
0.4992448
0.49924523
0.499245
0.499245
0.49924493
0.499245
0.49924475
0.49924523
0.49924487
0.499245
0.4992448
0.49924463
0.49924463
0.49924505
0.49924463
0.4992453
0.4992448
0.499245
0.4992451
0.49924523
0.499245
0.49924487
0.4992453
0.4992454
0.49924535
0.4992448
0.49924457
0.49924475
0.49924535
0.49924487
0.49924493
0.4992451
0.49924475
0.49924517
0.4992447
0.499245
0.4992451
0.49924618
0.499245
0.49924493
0.4992451
0.49924493
0.499245
0.49924535
0.4992451
0.49924505
0.4992451
0.4992453
0.49924505
0.49924523
0.49924445
0.49924505
0.49924523
0.499245
0.49924523
0.49924535
0.4992451
0.499245
0.4992451
0.49924403
0.49924505
0.4992451
0.4992451
0.49924517
0.499245
0.49924487
0.49924546
0.49924523
0.49924535
0.49924487
0.49924535
0.499245
0.49924463
0.49924523
0.49924523
0.49924535
0.49924463
0.49924523
0.49924582
0.49924493
0.499245
0.499245
0.4992448
0.499245
0.4992451
0.499245
0.4992451
0.4992451
0.49924475
0.49924523
0.4992453
0.4992451
0.49924517
0.49924535
0.4992451
0.49924487
0.49924523
0.4992451
0.4992451
0.49924415
0.49924523
0.49924505
0.49924523
0.4992453
0.49924505
0.4992453
0.49924493
0.49924493
0.49924517
0.49924487
0.49924523
0.49924517
0.4992453
0.4992448
0.49924487
0.499245
0.49924505
0.4992451
0.49924493
0.49924487
0.499245
0.49924487
0.49924487
0.49924523
0.4992451
0.49924475
0.49924517
0.49924505
0.49924535
0.49924523
0.49924487
0.4992451
0.4992451
0.4992453
0.4992451
0.4992448
0.49924487
0.49924487
0.4992451
0.49924487
0.49924493
0.49924487
0.49924487
0.4992451
0.49924517
0.49924517
0.4992444
0.499245
0.4992448
0.49924535
0.4992451
0.49924487
0.4992451
0.4992448
0.49924505
0.49924475
0.49924517
0.499245
0.49924487
0.4992445
0.49924475
0.4992448
0.49924523
0.49924546
0.49924505
0.49924505
0.49924487
0.4992451
0.4992448
0.499245
0.49924415
0.49924487
0.499245
0.499245
0.499245
0.49924487
0.4992454
0.4992451
0.49924517
0.49924505
0.49924475
0.499245
0.49924475
0.4992451
0.49924523
0.49924487
0.4992451
0.49924523
0.49924517
0.4992451
0.499245
0.49924523
0.49924517
0.49924523
0.49924493
0.49924523
0.49924523
0.499245
0.4992451
0.499245
0.49924475
0.49924475
0.49924523
0.49924487
0.49924475
0.49924523
0.49924475
0.4992444
0.49924403
0.49924517
0.499245
0.49924523
0.4992451
0.4992451
0.499245
0.49924475
0.49924493
0.49924493
0.499245
0.49924535
0.49924523
0.4992451
0.4992451
0.499245
0.4992448
0.49924463
0.49924523
0.49924523
0.4992451
0.49924487
0.499243
0.49924546
0.49924475
0.49924487
0.49924487
0.49924517
0.49924523
0.4992451
0.4992445
0.49924517
0.49924475
0.49924475
0.49924493
0.49924505
0.49924523
0.499245
0.4992451
0.4992451
0.49924493
0.4992451
0.4992451
0.49924523
0.49924493
0.499245
0.4992451
0.49924523
0.4992451
0.49924517
0.49924487
0.49924523
0.49924546
0.49924505
0.4992454
0.49924523
0.49924493
0.499245
0.499245
0.4992447
0.49924487
0.4992445
0.499245
0.49924535
0.49924463
0.49924523
0.4992453
0.4992457
0.4992451
0.49924475
0.499245
0.49924546
0.4992451
0.49924475
0.4992448
0.49924505
0.499245
0.49924523
0.49924654
0.49924523
0.49924487
0.4992453
0.49924475
0.4992454
0.49924463
0.4992457
0.49924487
0.49924493
0.49924517
0.499245
0.49924517
0.499245
0.49924535
0.49924505
0.4992444
0.4992448
0.499245
0.49924475
0.4992451
0.49924517
0.49924558
0.49924487
0.49924523
0.49924493
0.499245
0.49924517
0.4992451
0.4992451
0.49924535
0.49924517
0.49924523
0.4992444
0.49924475
0.4992453
0.499245
0.4992453
0.49924427
0.4992451
0.499245
0.4992453
0.4992444
0.49924523
0.499245
0.499245
0.49924523
0.49924535
0.49924487
0.49924487
0.4992447
0.49924487
0.49924487
0.49924487
0.499245
0.499245
0.49924487
0.49924517
0.49924487
0.499245
0.49924523
0.4992448
0.499245
0.4992451
0.49924487
0.4992454
0.49924517
0.49924505
0.4992451
0.49924523
0.49924618
0.4992451
0.49924487
0.49924487
0.4992451
0.4992451
0.4992451
0.49924523
0.49924523
0.49924523
0.4992448
0.49924475
0.49924493
0.49924517
0.499245
0.49924523
0.49924582
0.49924523
0.4992451
0.49924493
0.49924517
0.4992453
0.499245
0.49924523
0.49924475
0.49924493
0.49924523
0.49924475
0.49924535
0.4992448
0.4992451
0.49924487
0.49924505
0.4992451
0.4992451
0.4992451
0.49924493
0.49924523
0.49924523
0.49924523
0.49924546
0.49924523
0.4992453
0.4992451
0.4992451
0.49924487
0.4992451
0.49924535
0.49924505
0.499245
0.4992445
0.4992451
0.49924475
0.49924487
0.49924493
0.49924493
0.49924487
0.49924523
0.49924523
0.499245
0.49924493
0.49924546
0.4992451
0.4992451
0.49924487
0.49924487
0.4992451
0.4992451
0.49924475
0.4992442
0.49924487
0.49924523
0.49924475
0.49924535
0.49924505
0.49924487
0.49924487
0.4992451
0.49924493
0.4992451
0.499245
0.49924475
0.499245
0.49924505
0.4992451
0.49924463
0.49924505
0.49924475
0.49924517
0.49924487
0.499245
0.4992448
0.499245
0.49924523
0.49924523
0.4992451
0.49924475
0.49924546
0.499245
0.49924463
0.49924487
0.499245
0.499245
0.49924487
0.49924523
0.49924475
0.49924505
0.49924487
0.49924493
0.4992451
0.49924475
0.49924493
0.49924457
0.49924523
0.49924475
0.4992453
0.49924487
0.49924523
0.49924487
0.49924493
0.49924523
0.49924517
0.49924517
0.49924457
0.49924505
0.49924475
0.49924517
0.49924493
0.4992453
0.499245
0.4992451
0.49924475
0.49924487
0.4992451
0.499245
0.49924517
0.49924505
0.4992445
0.49924487
0.49924546
0.4992453
0.49924487
0.49924475
0.49924493
0.49924463
0.49924517
0.4992444
0.499245
0.49924535
0.49924505
0.4992444
0.49924487
0.49924505
0.499245
0.499245
0.49924666
0.49924475
0.49924475
0.49924487
0.49924523
0.49924523
0.4992453
0.4992451
0.49924558
0.4992453
0.49924517
0.49924505
0.49924505
0.49924463
0.4992451
0.49924505
0.4992453
0.49924535
0.49924517
0.49924475
0.499245
0.4992451
0.49924535
0.4992453
0.49924487
0.49924487
0.49924594
0.49924463
0.49924487
0.499245
0.4992454
0.4992451
0.49924505
0.49924475
0.49924475
0.49924493
0.49924523
0.499245
0.49924517
0.49924505
0.4992451
0.4992445
0.49924523
0.499245
0.4992451
0.49924517
0.49924275
0.49924517
0.499245
0.49924493
0.4992448
0.499245
0.499245
0.49924505
0.49924523
0.4992451
0.49924487
0.49924493
0.49924415
0.4992445
0.4992451
0.4992448
0.49924487
0.4992448
0.49924523
0.49924487
0.49924487
0.49924523
0.4992451
0.49924535
0.49924535
0.49924493
0.499245
0.49924535
0.49924475
0.49924517
0.49924487
0.49924487
0.49924505
0.49924535
0.49924523
0.499245
0.4992451
0.49924493
0.4992451
0.49924475
0.499245
0.49924535
0.4992451
0.49924558
0.499245
0.49924517
0.49924475
0.49924523
0.49924493
0.499245
0.49924493
0.4992451
0.499245
0.49924487
0.4992445
0.49924487
0.49924535
0.49924505
0.49924487
0.49924523
0.49924475
0.4992451
0.49924523
0.49924457
0.4992451
0.49924523
0.49924463
0.4992448
0.49924475
0.49924487
0.49924535
0.4992451
0.49924535
0.49924475
0.499245
0.49924493
0.49924505
0.49924535
0.49924517
0.4992451
0.49924523
0.49924523
0.499245
0.4992451
0.49924535
0.4992451
0.49924433
0.4992451
0.499245
0.49924487
0.49924535
0.49924523
0.49924475
0.49924493
0.4992457
0.49924475
0.49924523
0.4992447
0.4992448
0.4992451
0.4992451
0.49924475
0.49924463
0.499245
0.49924523
0.49924517
0.4992451
0.49924475
0.499245
0.4992453
0.49924487
0.49924505
0.499245
0.49924487
0.49924517
0.49924487
0.49924487
0.49924523
0.49924535
0.49924493
0.49924487
0.499245
0.4992448
0.4992451
0.4992451
0.49924505
0.49924505
0.49924475
0.499245
0.49924415
0.49924535
0.49924493
0.49924523
0.49924523
0.49924523
0.4992451
0.4992451
0.4992448
0.49924517
0.49924535
0.49924487
0.49924487
0.499245
0.49924493
0.49924517
0.4992457
0.49924505
0.49924475
0.4992431
0.4992448
0.49924493
0.49924475
0.49924523
0.4992447
0.49924487
0.49924487
0.49924487
0.49924487
0.4992451
0.49924487
0.4992451
0.49924475
0.499245
0.49924493
0.49924535
0.4992444
0.4992451
0.49924475
0.49924535
0.499245
0.49924523
0.49924546
0.49924487
0.49924523
0.49924487
0.49924523
0.4992448
0.4992453
0.49924523
0.4992451
0.49924523
0.4992453
0.499245
0.4992451
0.4992444
0.4992448
0.49924493
0.49924487
0.49924487
0.49924517
0.49924523
0.4992453
0.4992451
0.4992451
0.4992451
0.49924523
0.49924523
0.499245
0.4992451
0.49924523
0.49924487
0.4992451
0.49924487
0.49924415
0.49924517
0.49924535
0.4992451
0.49924475
0.49924505
0.49924487
0.4992445
0.4992451
0.49924493
0.4992451
0.499245
0.49924523
0.499245
0.49924487
0.49924523
0.49924427
0.49924314
0.49924505
0.499245
0.49924487
0.499245
0.49924517
0.49924487
0.49924505
0.49924523
0.49924487
0.4992448
0.499245
0.499245
0.499245
0.4992451
0.49924582
0.4992451
0.4992448
0.49924493
0.499245
0.49924546
0.499245
0.49924487
0.49924487
0.4992451
0.49924523
0.49924552
0.4992451
0.49924487
0.49924487
0.49924523
0.49924493
0.4992448
0.499245
0.499245
0.49924517
0.4992447
0.4992445
0.49924523
0.49924463
0.499245
0.49924523
0.499245
0.4992451
0.4992451
0.49924487
0.49924463
0.49924523
0.49924493
0.49924463
0.49924487
0.499245
0.49924457
0.49924475
0.49924487
0.49924517
0.49924535
0.49924463
0.49924523
0.49924523
0.49924517
0.4992451
0.49924493
0.499245
0.49924457
0.49924487
0.49924535
0.4992451
0.49924505
0.49924493
0.49924475
0.4992451
0.49924535
0.4992451
0.49924523
0.49924523
0.49924523
0.49924535
0.49924475
0.49924558
0.49924493
0.49924493
0.49924445
0.49924463
0.4992445
0.49924505
0.49924517
0.49924505
0.4992451
0.49924505
0.49924523
0.4992451
0.49924475
0.4992453
0.4992444
0.49924475
0.49924487
0.49924523
0.4992451
0.49924523
0.4992451
0.49924505
0.49924552
0.49924487
0.49924487
0.49924487
0.49924523
0.4992445
0.499245
0.49924493
0.499245
0.4992451
0.4992451
0.49924523
0.4992451
0.4992447
0.4992451
0.49924493
0.49924523
0.49924493
0.49924487
0.4992454
0.49924475
0.49924523
0.49924487
0.499245
0.499245
0.49924564
0.4992448
0.49924493
0.49924517
0.49924546
0.49924475
0.4992445
0.49924535
0.4992451
0.499245
0.499245
0.49924517
0.4992451
0.4992451
0.49924493
0.4992451
0.49924487
0.499245
0.4992453
0.49924493
0.49924487
0.49924487
0.4992451
0.499245
0.49924505
0.49924505
0.499245
0.4992448
0.49924535
0.49924535
0.49924505
0.49924386
0.49924523
0.49924505
0.49924493
0.499245
0.49924517
0.49924535
0.499245
0.4992451
0.49924523
0.499245
0.499245
0.49924475
0.4992448
0.4992451
0.49924487
0.49924505
0.49924475
0.499245
0.4992451
0.4992451
0.499245
0.4992454
0.499245
0.49924582
0.49924523
0.4992451
0.4992451
0.49924475
0.4992451
0.49924487
0.49924475
0.49924523
0.49924517
0.49924487
0.499245
0.4992453
0.49924463
0.49924523
0.49924487
0.49924523
0.49924523
0.49924487
0.499245
0.49924427
0.49924493
0.49924523
0.49924523
0.4992453
0.49924463
0.4992451
0.49924535
0.49924517
0.49924523
0.49924505
0.49924475
0.49924523
0.49924505
0.49924392
0.4992453
0.49924487
0.49924463
0.49924523
0.4992448
0.499245
0.49924493
0.4992454
0.4992448
0.49924535
0.49924558
0.49924493
0.49924535
0.4992453
0.49924523
0.49924546
0.49924535
0.49924523
0.49924493
0.49924505
0.49924475
0.499245
0.499245
0.49924523
0.499245
0.49924463
0.4992451
0.4992444
0.4992451
0.49924487
0.49924517
0.4992451
0.49924493
0.49924523
0.4992451
0.4992445
0.499245
0.49924517
0.499245
0.49924487
0.49924487
0.49924523
0.4992451
0.499245
0.499245
0.49924487
0.4992451
0.49924523
0.49924493
0.49924493
0.499245
0.49924493
0.49924523
0.4992451
0.499245
0.4992445
0.49924517
0.49924487
0.49924564
0.49924487
0.49924475
0.49924487
0.4992453
0.49924493
0.4992448
0.4992451
0.499245
0.4992451
0.499245
0.49924535
0.4992444
0.49924523
0.49924487
0.49924523
0.499245
0.49924523
0.49924415
0.4992451
0.4992453
0.4992451
0.49924475
0.49924517
0.49924523
0.49924487
0.4992451
0.49924487
0.49924487
0.49924487
0.49924475
0.49924523
0.49924493
0.499245
0.49924427
0.499245
0.49924463
0.49924475
0.499245
0.49924487
0.4992451
0.49924493
0.499245
0.49924517
0.49924517
0.4992454
0.49924505
0.49924487
0.49924505
0.4992454
0.49924487
0.49924487
0.49924523
0.4992451
0.49924487
0.49924505
0.49924487
0.49924487
0.49924463
0.4992457
0.499245
0.49924487
0.49924535
0.49924535
0.4992453
0.49924517
0.4992451
0.49924493
0.49924475
0.49924517
0.499245
0.49924487
0.4992442
0.49924457
0.499245
0.49924487
0.49924493
0.499245
0.4992451
0.4992451
0.49924523
0.499245
0.49924493
0.49924493
0.499245
0.499245
0.499245
0.4992448
0.49924523
0.499245
0.49924523
0.49924523
0.49924487
0.49924487
0.49924487
0.49924523
0.49924523
0.49924517
0.49924493
0.49924558
0.49924487
0.49924487
0.49924487
0.49924463
0.4992451
0.499245
0.49924523
0.49924535
0.49924523
0.49924493
0.499245
0.49924487
0.49924493
0.4992451
0.4992451
0.4992451
0.499245
0.49924535
0.499245
0.49924487
0.49924523
0.49924487
0.49924523
0.4992448
0.499245
0.4992432
0.499245
0.49924517
0.4992448
0.49924487
0.49924523
0.4992451
0.49924493
0.49924505
0.499245
0.49924487
0.49924487
0.499245
0.499245
0.49924487
0.4992451
0.49924535
0.49924535
0.49924505
0.499245
0.4992451
0.499246
0.4992451
0.49924487
0.4992453
0.49924535
0.4992448
0.49924493
0.49924523
0.49924487
0.499245
0.49924523
0.4992418
0.49924546
0.499245
0.4992451
0.499245
0.499245
0.49924505
0.499245
0.49924523
0.49924487
0.49924487
0.499245
0.49924487
0.49924535
0.49924517
0.49924523
0.4992451
0.49924463
0.49924505
0.49924493
0.49924535
0.49924463
0.49924505
0.49924493
0.499245
0.49924523
0.4992445
0.4992451
0.4992451
0.49924493
0.49924493
0.49924564
0.4992451
0.499245
0.49924523
0.499245
0.49924517
0.49924523
0.49924523
0.499245
0.499245
0.499245
0.4992451
0.4992448
0.49924487
0.49924475
0.499245
0.49924487
0.49924487
0.49924487
0.49924517
0.49924523
0.4992448
0.49924523
0.4992447
0.4992451
0.4992453
0.499245
0.49924517
0.49924487
0.49924523
0.49924535
0.49924523
0.499245
0.49924487
0.49924523
0.4992451
0.49924487
0.49924475
0.49924523
0.49924487
0.4992453
0.49924523
0.4992451
0.499245
0.49924487
0.49924517
0.49924523
0.4992451
0.49924517
0.4992453
0.4992438
0.49924463
0.499245
0.49924487
0.49924523
0.49924523
0.4992447
0.49924523
0.49924487
0.49924523
0.49924475
0.49924523
0.49924487
0.49924487
0.499245
0.49924517
0.4992451
0.499245
0.49924475
0.49924535
0.4992444
0.49924523
0.49924517
0.49924463
0.49924505
0.499245
0.4992451
0.4992451
0.4992453
0.499245
0.49924493
0.4992457
0.4992444
0.4992451
0.49924457
0.4992448
0.49924558
0.49924487
0.4992451
0.49924523
0.4992448
0.499245
0.49924463
0.49924505
0.49924523
0.49924523
0.4992451
0.49924487
0.49924475
0.49924493
0.49924523
0.49924487
0.499245
0.4992454
0.49924523
0.4992444
0.499245
0.49924535
0.49924493
0.4992451
0.49924535
0.4992451
0.49924487
0.49924535
0.4992451
0.49924505
0.49924475
0.49924487
0.4992451
0.49924487
0.49924475
0.49924493
0.499245
0.499245
0.49924523
0.49924505
0.49924523
0.4992457
0.499245
0.49924517
0.4992451
0.4992453
0.49924523
0.49924505
0.49924546
0.49924535
0.49924523
0.4992444
0.49924523
0.499245
0.4992448
0.4992451
0.49924517
0.49924475
0.499245
0.49924546
0.4992451
0.49924546
0.4992451
0.49924463
0.49924463
0.4992451
0.49924523
0.4992451
0.49924505
0.49924487
0.49924505
0.49924487
0.49924487
0.49924505
0.4992454
0.49924487
0.4992451
0.499245
0.49924475
0.49924505
0.499245
0.49924463
0.49924487
0.49924517
0.49924487
0.4992451
0.49924535
0.4992451
0.49924487
0.4992451
0.49924517
0.4992448
0.49924487
0.49924523
0.49924487
0.4992451
0.4992445
0.49924463
0.4992445
0.49924493
0.4992451
0.49924475
0.4992447
0.49924505
0.49924517
0.49924535
0.49924523
0.49924505
0.49924475
0.499245
0.49924517
0.49924475
0.49924523
0.49924523
0.4992451
0.49924517
0.4992438
0.49924505
0.4992448
0.49924523
0.49924582
0.4992448
0.49924517
0.499245
0.4992453
0.49924517
0.49924487
0.4992448
0.49924523
0.4992445
0.49924535
0.4992451
0.49924487
0.4992451
0.4992451
0.49924487
0.4992453
0.499245
0.4992453
0.49924523
0.499245
0.49924505
0.49924463
0.4992448
0.4992451
0.49924475
0.49924487
0.4992451
0.4992451
0.499245
0.4992448
0.49924523
0.49924505
0.49924487
0.49924535
0.49924475
0.4992451
0.499245
0.49924487
0.49924487
0.499245
0.4992451
0.4992451
0.499245
0.49924535
0.49924463
0.49924475
0.49924493
0.49924588
0.49924392
0.49924493
0.4992451
0.49924487
0.49924487
0.49924523
0.499245
0.4992453
0.49924487
0.49924475
0.49924487
0.4992451
0.49924487
0.4992451
0.4992451
0.49924546
0.4992451
0.49924487
0.49924475
0.49924535
0.4992451
0.49924523
0.4992451
0.499245
0.49924463
0.49924546
0.49924523
0.4992451
0.49924463
0.4992448
0.4992451
0.49924505
0.4992451
0.4992448
0.499245
0.499245
0.4992451
0.4992451
0.49924523
0.499245
0.49924523
0.49924505
0.49924475
0.49924505
0.49924403
0.49924523
0.49924493
0.49924445
0.49924493
0.4992451
0.49924493
0.4992451
0.4992445
0.49924523
0.49924493
0.49924493
0.49924523
0.4992451
0.49924487
0.49924523
0.49924475
0.49924493
0.4992451
0.49924517
0.499245
0.49924505
0.49924505
0.499245
0.49924546
0.49924493
0.49924523
0.49924493
0.49924475
0.49924535
0.4992448
0.4992451
0.49924493
0.49924523
0.49924487
0.499245
0.49924493
0.49924535
0.49924523
0.4992448
0.4992451
0.4992454
0.49924523
0.499245
0.499245
0.49924523
0.4992451
0.49924523
0.499245
0.4992448
0.499245
0.49924493
0.4992444
0.49924463
0.4992445
0.49924487
0.499245
0.49924463
0.499245
0.49924505
0.499245
0.499245
0.49924523
0.4992451
0.49924487
0.49924505
0.49924487
0.4992454
0.4992448
0.4992451
0.4992454
0.49924517
0.499245
0.4992451
0.49924493
0.4992445
0.49924558
0.49924493
0.4992451
0.49924493
0.49924517
0.49924487
0.4992451
0.4992448
0.4992451
0.49924505
0.49924517
0.49924535
0.4992451
0.49924505
0.4992451
0.49924517
0.49924475
0.49924487
0.49924523
0.4992448
0.4992445
0.49924517
0.499245
0.49924487
0.4992463
0.4992447
0.49924535
0.4992451
0.499245
0.499245
0.49924487
0.49924517
0.4992451
0.49924535
0.49924517
0.49924517
0.499245
0.499245
0.49924493
0.49924487
0.4992448
0.49924523
0.49924523
0.499245
0.49924487
0.499245
0.49924523
0.49924493
0.49924517
0.49924487
0.49924475
0.49924517
0.49924558
0.49924493
0.49924517
0.49924523
0.4992447
0.499245
0.49924487
0.49924535
0.49924523
0.49924487
0.499245
0.4992451
0.49924415
0.499245
0.499245
0.499245
0.4992447
0.499245
0.49924517
0.499245
0.499245
0.499245
0.4992451
0.49924493
0.49924505
0.49924546
0.49924523
0.4992457
0.49924433
0.49924487
0.49924487
0.499245
0.49924523
0.49924487
0.4992451
0.49924487
0.49924523
0.49924475
0.4992445
0.49924505
0.49924535
0.4992451
0.49924493
0.49924582
0.4992451
0.49924558
0.499245
0.49924457
0.49924493
0.499245
0.49924523
0.499245
0.49924487
0.49924463
0.49924487
0.49924475
0.49924505
0.4992451
0.4992451
0.49924517
0.4992451
0.49924487
0.49924487
0.49924558
0.4992444
0.499245
0.49924475
0.49924392
0.49924463
0.49924475
0.49924487
0.49924487
0.4992451
0.4992444
0.49924523
0.49924546
0.49924535
0.4992451
0.49924487
0.4992447
0.49924487
0.49924535
0.49924523
0.49924505
0.49924475
0.499245
0.4992451
0.499245
0.4992451
0.499245
0.49924487
0.4992453
0.4992448
0.499245
0.49924493
0.4992451
0.4992453
0.49924523
0.499245
0.4992451
0.4992451
0.49924487
0.49924523
0.49924475
0.49924493
0.499245
0.49924523
0.49924427
0.49924505
0.49924558
0.49924552
0.49924535
0.499245
0.49924505
0.49924475
0.4992451
0.49924475
0.4992448
0.49924475
0.49924546
0.49924463
0.499245
0.4992445
0.49924523
0.4992451
0.4992451
0.49924523
0.499245
0.49924523
0.49924535
0.4992451
0.4992451
0.49924535
0.49924392
0.4992451
0.4992451
0.49924546
0.49924535
0.49924487
0.49924535
0.4992451
0.49924463
0.49924535
0.49924475
0.4992451
0.499245
0.499245
0.4992451
0.49924535
0.4992442
0.49924523
0.499245
0.49924463
0.49924535
0.49924493
0.4992448
0.4992447
0.49924535
0.499245
0.49924523
0.49924523
0.49924523
0.4992444
0.49924523
0.49924493
0.49924505
0.49924523
0.49924493
0.4992451
0.49924523
0.49924546
0.4992451
0.4992451
0.49924493
0.49924523
0.499245
0.4992451
0.49924523
0.499245
0.4992445
0.49924523
0.49924415
0.499245
0.4992447
0.49924475
0.49924523
0.49924505
0.49924535
0.49924487
0.49924505
0.499245
0.49924523
0.4992453
0.499245
0.49924517
0.49924523
0.4992451
0.499245
0.4992445
0.49924517
0.49924523
0.4992451
0.499245
0.4992451
0.49924535
0.49924523
0.499245
0.499245
0.4992451
0.49924463
0.49924517
0.49924463
0.499245
0.4992457
0.4992427
0.49924463
0.49924523
0.4992448
0.4992453
0.4992451
0.4992451
0.49924457
0.49924487
0.4992454
0.49924487
0.49924523
0.49924523
0.49924505
0.4992451
0.49924463
0.49924487
0.4992451
0.49924523
0.499245
0.499245
0.49924487
0.499245
0.499245
0.499245
0.49924523
0.4992447
0.499245
0.49924445
0.4992454
0.4992445
0.4992451
0.49924493
0.4992451
0.499245
0.49924493
0.49924487
0.49924475
0.49924427
0.49924535
0.49924487
0.49924493
0.4992451
0.4992424
0.49924523
0.4992451
0.4992451
0.49924505
0.499245
0.49924523
0.49924475
0.4992451
0.49924463
0.49924463
0.49924523
0.49924427
0.4992451
0.49924487
0.49924487
0.49924505
0.49924487
0.49924475
0.4992453
0.49924517
0.49924475
0.49924517
0.49924487
0.49924523
0.499245
0.49924392
0.4992451
0.49924487
0.4992444
0.49924546
0.49924505
0.49924523
0.4992445
0.499245
0.499245
0.4992451
0.49924487
0.49924487
0.4992451
0.49924475
0.4992453
0.4992448
0.49924535
0.4992451
0.4992451
0.4992445
0.49924487
0.4992451
0.4992451
0.49924517
0.49924523
0.49924535
0.49924523
0.499245
0.49924523
0.49924487
0.49924493
0.4992447
0.4992445
0.49924487
0.49924487
0.499245
0.49924564
0.49924523
0.49924487
0.49924523
0.49924487
0.4992451
0.49924546
0.49924487
0.49924523
0.4992457
0.49924475
0.4992451
0.49924517
0.49924457
0.4992448
0.49924427
0.4992451
0.49924523
0.4992448
0.499245
0.49924487
0.49924487
0.499245
0.499245
0.4992448
0.49924517
0.49924523
0.4992451
0.4992451
0.49924523
0.499245
0.49924475
0.4992451
0.4992451
0.49924487
0.49924535
0.499245
0.49924725
0.4992451
0.49924475
0.49924493
0.49924535
0.49924493
0.49924493
0.4992451
0.49924523
0.49924546
0.49924487
0.49924523
0.4992448
0.49924493
0.499245
0.49924475
0.49924487
0.4992451
0.49924475
0.49924535
0.4992454
0.49924487
0.4992447
0.49924505
0.49924475
0.49924505
0.49924517
0.49924523
0.49924487
0.49924523
0.4992445
0.49924487
0.49924517
0.4992457
0.49924487
0.49924517
0.49924517
0.49924487
0.4992451
0.4992451
0.49924517
0.4992451
0.49924505
0.49924487
0.4992451
0.4992451
0.4992451
0.499245
0.49924475
0.499245
0.4992448
0.4992451
0.49924487
0.4992451
0.49924523
0.49924523
0.49924475
0.49924463
0.49924523
0.499245
0.499245
0.499245
0.49924523
0.49924523
0.49924487
0.49924523
0.49924535
0.49924517
0.49924493
0.49924493
0.4992453
0.49924523
0.49924475
0.49924463
0.499245
0.49924487
0.4992451
0.499245
0.49924523
0.49924523
0.499245
0.49924535
0.49924558
0.4992451
0.49924505
0.49924487
0.499245
0.499245
0.4992451
0.499245
0.49924582
0.49924535
0.49924517
0.49924523
0.499245
0.4992451
0.49924475
0.4992451
0.49924493
0.49924487
0.49924487
0.49924517
0.49924535
0.49924475
0.4992448
0.49924523
0.49924487
0.4992453
0.49924535
0.49924463
0.4992451
0.49924475
0.4992451
0.499245
0.49924517
0.49924487
0.49924457
0.4992453
0.499245
0.49924523
0.49924523
0.49924475
0.49924523
0.49924546
0.49924523
0.49924523
0.4992451
0.49924588
0.49924493
0.49924487
0.49924463
0.499245
0.49924433
0.49924517
0.49924475
0.4992451
0.49924523
0.49924517
0.49924535
0.499245
0.4992451
0.499245
0.49924582
0.499245
0.4992451
0.49924517
0.49924487
0.49924403
0.4992451
0.49924487
0.4992451
0.4992451
0.4992445
0.4992451
0.49924493
0.49924475
0.49924517
0.4992451
0.49924523
0.49924505
0.49924463
0.49924523
0.4992457
0.49924523
0.499245
0.49924475
0.49924463
0.49924517
0.49924505
0.49924517
0.4992453
0.49924427
0.49924487
0.4992451
0.49924487
0.499245
0.49924487
0.49924487
0.49924535
0.4992451
0.49924487
0.49924523
0.4992451
0.4992451
0.49924475
0.49924487
0.49924523
0.49924487
0.49924475
0.4992451
0.4992453
0.49924493
0.4992451
0.49924517
0.49924487
0.4992451
0.49924517
0.49924487
0.4992451
0.49924487
0.49924487
0.49924487
0.4992447
0.4992451
0.4992442
0.49924594
0.499245
0.49924475
0.49924535
0.499245
0.4992451
0.49924505
0.49924535
0.49924517
0.49924493
0.49924523
0.499245
0.49924487
0.49924493
0.4992451
0.49924475
0.49924475
0.49924433
0.49924403
0.49924523
0.49924475
0.4992451
0.49924487
0.4992453
0.499245
0.499245
0.49924475
0.49924535
0.49924523
0.49924505
0.4992445
0.49924487
0.49924546
0.49924505
0.49924505
0.49924535
0.49924463
0.49924487
0.49924445
0.49924505
0.499245
0.49924505
0.499245
0.49924463
0.499245
0.4992451
0.49924493
0.49924523
0.49924523
0.49924493
0.49924475
0.49924546
0.4992447
0.49924523
0.49924475
0.49924475
0.49924523
0.4992451
0.49924523
0.49924487
0.49924505
0.499245
0.4992451
0.4992451
0.49924475
0.49924493
0.49924517
0.49924558
0.49924487
0.49924535
0.49924523
0.49924427
0.49924487
0.49924475
0.4992451
0.49924523
0.4992451
0.49924487
0.49924535
0.49924517
0.49924505
0.4992451
0.49924487
0.49924523
0.49924535
0.4992451
0.49924475
0.49924546
0.49924517
0.49924517
0.49924493
0.4992451
0.49924487
0.49924475
0.49924493
0.4992451
0.4992448
0.4992451
0.499245
0.4992451
0.499245
0.49924493
0.49924642
0.49924517
0.49924535
0.49924475
0.49924487
0.49924487
0.4992448
0.49924463
0.4992448
0.49924463
0.4992451
0.4992451
0.499245
0.49924523
0.4992451
0.49924487
0.4992451
0.49924523
0.4992445
0.49924487
0.4992457
0.49924505
0.49924523
0.49924535
0.49924535
0.499245
0.499245
0.49924523
0.49924475
0.499245
0.499245
0.49924487
0.4992451
0.49924487
0.4992451
0.4992448
0.49924517
0.4992451
0.4992451
0.49924517
0.4992451
0.49924546
0.49924517
0.4992444
0.4992448
0.4992447
0.49924517
0.4992451
0.49924505
0.49924558
0.49924546
0.49924475
0.49924487
0.4992451
0.499245
0.499245
0.49924523
0.4992453
0.499245
0.49924505
0.499245
0.49924517
0.499245
0.4992448
0.4992448
0.4992448
0.4992445
0.4992444
0.499245
0.499245
0.49924427
0.49924493
0.499245
0.4992451
0.49924487
0.4992444
0.4992451
0.49924523
0.49924523
0.499245
0.49924523
0.49924523
0.49924427
0.49924558
0.499245
0.499245
0.49924517
0.49924487
0.49924535
0.499245
0.4992451
0.499245
0.499245
0.49924487
0.4992457
0.49924523
0.499245
0.4992447
0.49924523
0.4992448
0.4992448
0.49924487
0.49924517
0.49924487
0.49924523
0.49924517
0.49924487
0.4992448
0.499245
0.49924415
0.49924463
0.4992451
0.4992445
0.49924475
0.49924487
0.49924487
0.499245
0.49924505
0.49924523
0.49924332
0.49924517
0.49924535
0.49924535
0.49924523
0.49924523
0.49924493
0.4992451
0.4992451
0.49924475
0.499245
0.49924487
0.4992451
0.4992451
0.49924546
0.49924487
0.49924475
0.49924523
0.4992445
0.4992451
0.49924523
0.49924523
0.49924523
0.499245
0.49924523
0.49924463
0.4992448
0.49924517
0.4992451
0.49924475
0.49924463
0.49924427
0.4992451
0.49924505
0.4992451
0.4992451
0.4992451
0.49924475
0.49924487
0.49924475
0.49924523
0.49924523
0.49924487
0.49924517
0.499245
0.49924535
0.499245
0.49924487
0.4992451
0.49924523
0.49924505
0.4992451
0.49924493
0.49924493
0.49924523
0.49924487
0.49924517
0.49924582
0.49924523
0.49924505
0.4992444
0.4992453
0.49924505
0.49924535
0.49924493
0.499245
0.49924535
0.4992454
0.49924505
0.49924535
0.49924558
0.4992453
0.4992448
0.49924582
0.49924463
0.49924546
0.4992451
0.49924535
0.4992447
0.4992453
0.4992453
0.49924487
0.49924523
0.49924558
0.49924523
0.49924487
0.4992444
0.49924535
0.49924535
0.49924546
0.49924487
0.4992457
0.49924445
0.49924517
0.49924546
0.49924535
0.49924523
0.499245
0.4992451
0.499245
0.49924493
0.49924523
0.49924493
0.49924535
0.499245
0.49924523
0.49924505
0.4992447
0.49924523
0.499245
0.4992447
0.49924505
0.49924475
0.49924505
0.4992447
0.499245
0.49924517
0.49924463
0.499245
0.49924487
0.4992451
0.49924457
0.49924535
0.4992451
0.4992448
0.49924546
0.499246
0.4992444
0.49924493
0.49924487
0.49924523
0.49924517
0.499245
0.49924558
0.4992451
0.4992451
0.4992451
0.49924493
0.49924535
0.49924463
0.49924558
0.49924457
0.49924493
0.499245
0.4992454
0.49924427
0.49924523
0.49924535
0.49924463
0.49924487
0.4992447
0.499245
0.4992451
0.49924493
0.49924427
0.4992444
0.49924487
0.499245
0.49924523
0.499245
0.49924523
0.49924475
0.49924487
0.49924523
0.499245
0.49924535
0.4992451
0.4992451
0.49924463
0.49924523
0.49924475
0.4992451
0.49924523
0.4992451
0.49924487
0.49924487
0.49924523
0.499245
0.49924535
0.49924475
0.499245
0.4992451
0.49924523
0.4992448
0.49924463
0.49924487
0.49924487
0.4992448
0.49924505
0.4992451
0.49924523
0.49924505
0.49924535
0.499245
0.499245
0.49924505
0.49924535
0.499245
0.49924487
0.499245
0.49924487
0.4992451
0.4992448
0.499245
0.49924505
0.49924505
0.49924487
0.499245
0.4992451
0.49924493
0.49924487
0.4992448
0.49924463
0.499245
0.4992451
0.49924558
0.499245
0.4992457
0.49924487
0.49924535
0.49924463
0.49924487
0.49924475
0.49924523
0.49924523
0.49924517
0.49924487
0.4992451
0.499245
0.49924487
0.49924487
0.49924535
0.49924487
0.49924487
0.49924487
0.49924493
0.49924493
0.49924523
0.4992448
0.49924582
0.4992444
0.49924487
0.4992445
0.49924344
0.49924487
0.49924523
0.4992445
0.4992445
0.49924552
0.49924493
0.49924505
0.4992445
0.499245
0.4992451
0.49924523
0.4992451
0.49924493
0.499245
0.49924463
0.4992451
0.49924523
0.499245
0.499245
0.499245
0.49924487
0.49924475
0.49924523
0.49924475
0.4992448
0.4992451
0.49924362
0.4992451
0.4992448
0.4992451
0.4992451
0.49924523
0.49924487
0.49924463
0.49924523
0.49924523
0.499245
0.4992445
0.49924475
0.49924535
0.4992447
0.49924517
0.49924546
0.4992451
0.49924523
0.49924523
0.4992448
0.4992447
0.4992451
0.49924517
0.499245
0.4992451
0.49924523
0.499245
0.49924487
0.49924487
0.4992451
0.499245
0.49924487
0.499245
0.49924493
0.49924505
0.49924523
0.49924517
0.49924487
0.49924487
0.49924493
0.4992453
0.4992451
0.49924523
0.4992445
0.49924487
0.4992445
0.4992451
0.49924558
0.4992451
0.49924463
0.49924523
0.4992451
0.49924505
0.49924487
0.49924523
0.49924487
0.49924523
0.4992448
0.49924523
0.4992448
0.49924523
0.49924487
0.49924523
0.4992445
0.4992451
0.4992451
0.499245
0.49924517
0.4992451
0.49924505
0.49924558
0.49924475
0.499245
0.49924487
0.49924523
0.49924517
0.4992453
0.4992451
0.49924523
0.499245
0.49924505
0.49924505
0.49924523
0.499245
0.499245
0.499245
0.4992451
0.49924487
0.49924433
0.49924523
0.49924505
0.4992451
0.4992448
0.4992451
0.499245
0.49924523
0.49924523
0.499245
0.4992451
0.4992451
0.49924475
0.49924535
0.4992451
0.49924073
0.49924505
0.4992451
0.49924535
0.4992444
0.4992448
0.499245
0.499245
0.4992451
0.499245
0.49924487
0.4992451
0.49924606
0.49924505
0.49924523
0.4992453
0.49924535
0.49924535
0.4992451
0.4992451
0.49924487
0.49924523
0.49924487
0.49924523
0.4992451
0.4992451
0.49924463
0.49924487
0.499245
0.4992441
0.49924523
0.4992442
0.49924517
0.499245
0.4992451
0.49924517
0.49924523
0.49924517
0.4992453
0.49924487
0.4992451
0.49924517
0.4992451
0.49924523
0.4992445
0.49924517
0.4992451
0.4992451
0.4992451
0.4992453
0.49924505
0.499245
0.4992453
0.49924517
0.4992451
0.4992451
0.499245
0.49924493
0.499245
0.49924287
0.49924487
0.49924523
0.49924463
0.49924487
0.4992453
0.49924535
0.49924535
0.4992444
0.49924487
0.49924493
0.499245
0.49924487
0.499245
0.49924475
0.49924523
0.4992448
0.49924487
0.4992444
0.4992451
0.4992453
0.49924487
0.49924475
0.4992451
0.49924523
0.499245
0.499245
0.49924475
0.49924535
0.49924475
0.49924535
0.499245
0.49924505
0.4992451
0.49924487
0.49924505
0.49924487
0.499245
0.49924517
0.4992451
0.49924427
0.4992448
0.49924535
0.49924523
0.49924487
0.49924487
0.4992451
0.49924475
0.49924493
0.499245
0.4992448
0.49924505
0.4992451
0.49924487
0.4992447
0.49924517
0.49924523
0.49924356
0.4992451
0.49924505
0.4992451
0.4992451
0.49924463
0.49924487
0.499245
0.49924487
0.49924493
0.4992451
0.499245
0.49924493
0.49924523
0.4992448
0.49924487
0.49924493
0.49924535
0.499245
0.49924517
0.49924475
0.4992445
0.499245
0.49924505
0.49924535
0.4992444
0.4992451
0.4992451
0.49924535
0.4992451
0.49924463
0.4992451
0.49924487
0.4992445
0.499245
0.4992451
0.49924487
0.4992451
0.499245
0.49924523
0.4992447
0.49924523
0.49924487
0.49924535
0.49924505
0.49924487
0.49924463
0.4992445
0.49924493
0.499245
0.4992451
0.4992451
0.49924523
0.49924475
0.49924487
0.49924523
0.49924505
0.49924427
0.49924475
0.49924505
0.49924505
0.49924463
0.49924487
0.49924505
0.49924517
0.49924535
0.49924487
0.49924487
0.49924493
0.49924582
0.49924505
0.4992448
0.49924326
0.49924523
0.49924523
0.49924517
0.499245
0.49924505
0.49924487
0.49924523
0.49924505
0.49924356
0.499245
0.4992451
0.49924487
0.4992448
0.499245
0.49924463
0.49924475
0.49924463
0.49924475
0.49924487
0.4992427
0.49924523
0.4992453
0.499245
0.499245
0.49924523
0.499245
0.49924493
0.49924523
0.49924523
0.499245
0.49924523
0.499245
0.49924493
0.499245
0.49924523
0.49924624
0.49924523
0.499245
0.49924487
0.4992451
0.49924487
0.49924487
0.499245
0.49924523
0.49924487
0.4992453
0.49924546
0.49924523
0.49924493
0.4992453
0.49924475
0.499245
0.49924493
0.499245
0.49924493
0.4992451
0.49924535
0.4992451
0.4992451
0.49924523
0.499245
0.49924523
0.49924463
0.49924487
0.49924523
0.49924493
0.49924517
0.49924487
0.4992451
0.49924523
0.49924475
0.49924505
0.49924493
0.49924535
0.49924475
0.49924487
0.49924487
0.499245
0.4992451
0.49924487
0.49924523
0.4992451
0.49924505
0.4992451
0.49924487
0.49924445
0.49924523
0.49924457
0.49924487
0.4992447
0.4992451
0.49924523
0.49924517
0.49924475
0.499245
0.49924487
0.4992448
0.499245
0.49924517
0.4992445
0.499245
0.49924493
0.4992445
0.49924523
0.49924487
0.49924523
0.49924505
0.49924487
0.49924523
0.49924535
0.499245
0.49924535
0.49924523
0.4992451
0.4992453
0.4992451
0.49924487
0.49924552
0.49924552
0.49924487
0.4992451
0.49924487
0.4992454
0.499245
0.49924487
0.4992451
0.49924523
0.49924505
0.4992451
0.49924523
0.49924487
0.499245
0.49924475
0.499245
0.49924493
0.49924523
0.49924493
0.49924523
0.49924487
0.4992453
0.4992453
0.49924487
0.49924493
0.49924475
0.4992451
0.49924475
0.4992444
0.4992451
0.49924505
0.49924523
0.4992451
0.49924523
0.49924523
0.499245
0.49924475
0.49924463
0.49924535
0.4992453
0.4992447
0.4992451
0.49924505
0.49924558
0.4992451
0.499245
0.499245
0.4992451
0.4992447
0.49924487
0.49924523
0.4992451
0.49924493
0.49924487
0.4992451
0.49924487
0.49924487
0.49924594
0.49924517
0.499245
0.49924546
0.49924475
0.499245
0.49924493
0.49924487
0.49924493
0.4992445
0.4992451
0.49924475
0.499245
0.499245
0.4992457
0.49924487
0.499245
0.499245
0.4992447
0.49924517
0.4992453
0.49924487
0.49924463
0.49924493
0.4992451
0.49924487
0.49924535
0.49924523
0.499245
0.4992451
0.4992448
0.49924487
0.49924505
0.49924493
0.49924517
0.49924517
0.49924475
0.49924487
0.49924546
0.4992451
0.4992454
0.499245
0.49924535
0.49924523
0.499245
0.49924487
0.49924487
0.49924535
0.49924523
0.4992453
0.49924517
0.49924523
0.49924523
0.49924523
0.499245
0.49924523
0.49924558
0.4992451
0.49924487
0.49924517
0.4992448
0.499245
0.4992451
0.49924535
0.49924517
0.499245
0.49924487
0.49924588
0.49924505
0.499245
0.49924523
0.49924523
0.49924535
0.499245
0.49924487
0.49924475
0.4992451
0.49924475
0.49924517
0.4992445
0.4992451
0.499245
0.49924493
0.499245
0.499245
0.49924487
0.49924523
0.49924517
0.49924558
0.49924493
0.4992454
0.4992451
0.49924487
0.49924475
0.49924505
0.49924546
0.4992451
0.499245
0.499245
0.4992451
0.49924493
0.4992451
0.4992451
0.49924523
0.49924523
0.4992453
0.4992451
0.4992454
0.4992451
0.499245
0.49924475
0.49924487
0.4992451
0.49924493
0.49924606
0.49924493
0.49924523
0.499245
0.49924475
0.499245
0.49924523
0.49924475
0.4992451
0.499245
0.49924445
0.49924487
0.499245
0.49924535
0.49924475
0.49924493
0.49924523
0.49924523
0.49924523
0.4992453
0.4992451
0.49924493
0.49924493
0.49924517
0.49924487
0.4992451
0.499245
0.49924523
0.4992453
0.4992447
0.49924517
0.4992451
0.49924487
0.4992451
0.4992451
0.49924475
0.49924523
0.4992447
0.49924487
0.499245
0.49924487
0.49924517
0.49924517
0.49924546
0.49924517
0.49924523
0.4992451
0.499245
0.499245
0.49924523
0.499245
0.49924475
0.49924487
0.49924487
0.499245
0.49924535
0.4992453
0.4992448
0.4992451
0.4992451
0.49924523
0.4992445
0.49924475
0.499245
0.49924475
0.49924487
0.4992451
0.49924523
0.49924487
0.499245
0.49924427
0.499245
0.49924475
0.499245
0.49924487
0.49924523
0.49924546
0.4992448
0.49924493
0.49924523
0.49924535
0.49924535
0.4992451
0.49924505
0.4992451
0.4992448
0.499245
0.4992451
0.49924606
0.49924475
0.49924487
0.49924535
0.49924487
0.4992451
0.499245
0.49924523
0.49924403
0.49924487
0.49924463
0.49924523
0.49924445
0.4992451
0.49924505
0.49924493
0.49924493
0.49924523
0.49924523
0.499245
0.499245
0.49924523
0.4992457
0.4992451
0.4992448
0.499245
0.499245
0.4992451
0.499245
0.49924415
0.49924475
0.4992451
0.49924487
0.49924505
0.49924487
0.49924475
0.499245
0.499245
0.4992451
0.4992451
0.4992453
0.4992448
0.49924463
0.499245
0.49924505
0.49924523
0.49924517
0.499245
0.4992445
0.4992448
0.49924344
0.4992445
0.49924493
0.499245
0.49924523
0.499245
0.49924475
0.49924487
0.4992451
0.499245
0.4992451
0.4992451
0.49924487
0.49924517
0.499245
0.49924493
0.49924523
0.49924475
0.49924517
0.49924487
0.4992447
0.4992451
0.4992451
0.499245
0.49924517
0.4992451
0.49924523
0.4992451
0.4992453
0.49924505
0.49924535
0.49924558
0.4992445
0.49924463
0.49924523
0.4992451
0.49924493
0.499245
0.49924463
0.49924475
0.499245
0.49924517
0.49924487
0.49924433
0.4992438
0.49924487
0.4992451
0.49924535
0.499245
0.49924463
0.4992451
0.4992448
0.499245
0.4992451
0.49924475
0.4992451
0.49924433
0.49924487
0.49924535
0.4992454
0.499245
0.499245
0.4992451
0.49924523
0.49924475
0.49924523
0.4992457
0.4992453
0.49924487
0.49924493
0.49924493
0.49924523
0.4992451
0.49924493
0.4992451
0.49924535
0.49924493
0.49924463
0.4992453
0.49924487
0.4992451
0.499245
0.4992451
0.499245
0.4992451
0.49924523
0.49924493
0.49924523
0.49924475
0.4992448
0.49924546
0.499245
0.499245
0.4992451
0.499245
0.4992451
0.49924535
0.49924475
0.499245
0.49924427
0.49924517
0.499245
0.4992451
0.49924493
0.49924523
0.49924505
0.49924475
0.49924517
0.49924523
0.49924558
0.49924487
0.49924535
0.49924487
0.49924463
0.49924487
0.4992453
0.49924505
0.49924487
0.4992453
0.499245
0.49924487
0.4992451
0.49924523
0.499245
0.49924487
0.4992454
0.49924535
0.49924517
0.4992453
0.49924427
0.49924445
0.49924475
0.49924505
0.49924487
0.4992453
0.49924487
0.4992451
0.49924487
0.4992451
0.49924505
0.4992453
0.49924517
0.49924535
0.49924457
0.49924487
0.49924523
0.49924475
0.49924523
0.4992454
0.499245
0.49924535
0.4992445
0.4992451
0.49924535
0.499245
0.49924588
0.49924546
0.49924523
0.49924487
0.499245
0.49924505
0.4992453
0.49924505
0.49924475
0.49924517
0.49924523
0.499245
0.4992457
0.4992453
0.49924535
0.49924523
0.4992451
0.49924523
0.4992448
0.4992453
0.499245
0.49924487
0.4992448
0.4992451
0.49924523
0.4992451
0.49924487
0.499245
0.499245
0.49924487
0.49924535
0.499245
0.4992447
0.4992453
0.49924523
0.4992451
0.49924535
0.4992451
0.49924475
0.499245
0.499245
0.4992444
0.49924523
0.49924487
0.49924487
0.49924487
0.49924475
0.4992445
0.49924487
0.4992451
0.49924475
0.49924523
0.49924463
0.49924546
0.4992451
0.499245
0.49924523
0.4992451
0.4992448
0.49924487
0.49924487
0.49924523
0.4992451
0.49924535
0.499245
0.4992451
0.4992451
0.499245
0.49924487
0.49924523
0.49924475
0.49924487
0.49924487
0.49924535
0.4992445
0.49924487
0.4992451
0.4992451
0.4992451
0.49924475
0.49924535
0.4992457
0.4992451
0.49924487
0.4992447
0.49924487
0.49924493
0.499245
0.4992453
0.4992445
0.49924505
0.49924493
0.499245
0.4992435
0.4992448
0.49924535
0.49924475
0.4992451
0.49924523
0.4992451
0.49924523
0.49924535
0.4992448
0.49924487
0.4992453
0.4992448
0.49924546
0.49924523
0.499245
0.49924517
0.49924463
0.4992453
0.49924523
0.499245
0.4992457
0.4992448
0.4992451
0.49924517
0.49924523
0.49924475
0.49924523
0.499245
0.49924475
0.49924493
0.499245
0.4992451
0.49924487
0.49924505
0.49924493
0.49924535
0.499245
0.4992451
0.49924517
0.4992453
0.4992451
0.49924535
0.4992451
0.499245
0.49924463
0.499245
0.49924517
0.49924493
0.4992438
0.49924487
0.49924487
0.49924463
0.49924487
0.49924523
0.4992451
0.49924493
0.49924588
0.49924523
0.49924505
0.49924487
0.49924523
0.49924457
0.49924523
0.49924594
0.49924487
0.49924535
0.49924475
0.4992447
0.4992451
0.499245
0.49924487
0.49924493
0.4992448
0.4992451
0.499245
0.49924487
0.49924457
0.49924487
0.49924535
0.499245
0.49924487
0.4992445
0.49924463
0.499245
0.49924403
0.49924505
0.49924475
0.49924493
0.4992451
0.49924475
0.49924517
0.49924475
0.4992451
0.49924475
0.49924493
0.49924523
0.49924463
0.4992448
0.49924487
0.49924523
0.49924415
0.499245
0.49924487
0.49924523
0.49924427
0.4992454
0.49924475
0.49924523
0.4992451
0.49924475
0.49924487
0.49924475
0.499245
0.499245
0.49924475
0.4992447
0.4992453
0.49924463
0.499245
0.4992451
0.499245
0.499245
0.4992453
0.499245
0.49924505
0.49924523
0.49924487
0.49924523
0.49924523
0.49924487
0.49924487
0.49924463
0.49924535
0.49924546
0.49924523
0.49924505
0.49924332
0.4992445
0.49924463
0.49924493
0.49924505
0.49924523
0.49924558
0.49924487
0.49924475
0.499245
0.4992438
0.49924493
0.49924487
0.49924487
0.4992451
0.4992451
0.49924487
0.49924523
0.4992451
0.49924523
0.49924523
0.499245
0.499245
0.4992451
0.49924535
0.49924612
0.49924523
0.4992441
0.49924517
0.4992448
0.49924517
0.49924535
0.49924523
0.499245
0.4992451
0.4992451
0.499245
0.49924523
0.499245
0.49924487
0.4992444
0.4992445
0.4992438
0.499245
0.49924523
0.49924457
0.49924505
0.4992448
0.4992448
0.499245
0.49924487
0.4992451
0.49924475
0.49924493
0.49924493
0.49924523
0.499245
0.499245
0.49924523
0.49924505
0.4992453
0.49924487
0.4992457
0.49924475
0.49924487
0.4992445
0.49924493
0.49924493
0.49924487
0.4992451
0.49924505
0.49924523
0.49924523
0.499245
0.499245
0.49924487
0.499245
0.49924463
0.49924487
0.4992451
0.49924523
0.49924558
0.4992451
0.49924505
0.49924684
0.49924475
0.4992451
0.49924475
0.4992453
0.49924523
0.49924535
0.49924487
0.4992447
0.499245
0.4992451
0.4992451
0.49924546
0.49924487
0.499245
0.49924487
0.49924487
0.4992448
0.49924505
0.499245
0.4992448
0.499245
0.4992451
0.49924505
0.49924523
0.499245
0.4992451
0.49924505
0.4992448
0.49924517
0.49924487
0.49924493
0.49924487
0.49924475
0.49924487
0.49924505
0.49924505
0.4992451
0.49924493
0.49924523
0.4992451
0.49924487
0.49924546
0.499245
0.49924475
0.49924523
0.49924487
0.49924475
0.49924505
0.49924475
0.4992451
0.4992444
0.49924523
0.49924523
0.49924535
0.49924523
0.4992445
0.49924475
0.49924523
0.49924487
0.49924457
0.49924487
0.49924493
0.49924475
0.4992442
0.49924505
0.49924493
0.49924546
0.49924535
0.499245
0.49924517
0.4992451
0.49924523
0.49924505
0.4992451
0.49924487
0.49924517
0.49924546
0.4992451
0.4992453
0.49924475
0.49924517
0.49924475
0.49924523
0.49924523
0.49924517
0.499245
0.49924487
0.4992451
0.49924487
0.49924475
0.49924493
0.499245
0.49924523
0.49924582
0.49924505
0.49924457
0.49924523
0.49924523
0.499245
0.49924523
0.4992448
0.49924535
0.49924475
0.4992451
0.499245
0.49924487
0.4992451
0.4992451
0.49924517
0.499245
0.499245
0.4992451
0.49924475
0.49924535
0.49924475
0.49924523
0.4992454
0.4992448
0.49924475
0.49924523
0.49924505
0.499245
0.49924523
0.499245
0.49924493
0.499245
0.49924487
0.49924517
0.4992451
0.49924523
0.49924523
0.4992451
0.4992451
0.49924535
0.49924523
0.49924463
0.49924523
0.49924475
0.49924535
0.4992451
0.4992451
0.49924535
0.4992454
0.499245
0.4992451
0.4992451
0.49924523
0.49924523
0.49924505
0.49924535
0.49924493
0.49924517
0.4992451
0.49924535
0.49924487
0.49924523
0.4992448
0.4992451
0.49924487
0.4992448
0.49924523
0.49924487
0.49924487
0.499245
0.499245
0.49924505
0.499245
0.4992451
0.49924505
0.49924475
0.49924505
0.49924523
0.49924475
0.4992451
0.4992451
0.499245
0.49924523
0.4992451
0.4992451
0.4992451
0.49924487
0.49924493
0.4992451
0.499245
0.49924523
0.499245
0.4992451
0.4992444
0.499245
0.49924463
0.49924517
0.49924517
0.49924523
0.49924523
0.499245
0.499245
0.49924505
0.49924457
0.499245
0.49924535
0.4992442
0.49924487
0.49924475
0.49924368
0.4992451
0.499245
0.49924523
0.49924523
0.4992448
0.49924487
0.4992448
0.49924546
0.499245
0.499245
0.49924463
0.499245
0.49924475
0.49924523
0.49924535
0.49924475
0.4992444
0.499245
0.49924523
0.4992444
0.499245
0.4992451
0.499245
0.49924493
0.499245
0.4992451
0.4992451
0.4992451
0.49924505
0.49924523
0.49924505
0.49924517
0.4992454
0.4992451
0.499245
0.499245
0.4992453
0.49924505
0.49924535
0.49924523
0.49924523
0.4992453
0.4992451
0.49924523
0.4992448
0.49924523
0.4992453
0.49924487
0.49924523
0.49924475
0.49924475
0.4992451
0.4992451
0.49924523
0.499245
0.49924517
0.499245
0.4992451
0.49924493
0.49924523
0.49924487
0.499245
0.4992457
0.499245
0.49924487
0.49924487
0.49924493
0.49924523
0.49924523
0.49924505
0.49924505
0.49924475
0.499245
0.4992453
0.49924487
0.49924517
0.49924463
0.49924523
0.49924427
0.4992451
0.49924487
0.4992451
0.49924493
0.4992451
0.4992451
0.499245
0.4992445
0.499245
0.49924487
0.49924487
0.49924493
0.49924523
0.49924523
0.499245
0.4992457
0.49924487
0.49924475
0.4992445
0.499245
0.49924535
0.49924535
0.49924523
0.49924505
0.4992451
0.49924523
0.49924523
0.4992451
0.49924546
0.49924475
0.4992451
0.49924487
0.4992451
0.4992448
0.49924386
0.49924523
0.49924487
0.49924493
0.49924487
0.49924475
0.499245
0.499245
0.49924523
0.49924475
0.4992451
0.49924582
0.49924505
0.49924523
0.49924523
0.499245
0.4992451
0.4992451
0.49924487
0.499245
0.49924505
0.4992451
0.4992451
0.49924463
0.4992444
0.49924475
0.49924594
0.49924487
0.49924535
0.49924487
0.49924505
0.49924403
0.49924582
0.49924505
0.4992448
0.49924558
0.49924487
0.49924487
0.49924505
0.49924523
0.4992451
0.49924475
0.4992447
0.4992451
0.499245
0.49924487
0.4992451
0.4992448
0.49924487
0.49924523
0.49924523
0.4992451
0.4992454
0.4992451
0.4992451
0.499245
0.49924493
0.49924558
0.49924523
0.4992453
0.49924493
0.49924535
0.49924487
0.4992448
0.4992451
0.49924487
0.49924535
0.49924505
0.4992445
0.49924487
0.49924487
0.49924517
0.49924535
0.49924505
0.49924475
0.49924505
0.49924523
0.49924427
0.4992451
0.49924493
0.49924535
0.49924523
0.49924523
0.49924523
0.49924463
0.49924487
0.4992451
0.4992447
0.4992454
0.49924535
0.4992451
0.4992451
0.4992454
0.4992451
0.49924475
0.49924487
0.49924517
0.49924344
0.49924535
0.499245
0.49924475
0.49924535
0.499245
0.4992451
0.499245
0.49924517
0.49924475
0.49924493
0.49924546
0.49924523
0.4992451
0.49924493
0.4992451
0.499245
0.4992451
0.499245
0.4992447
0.4992453
0.49924487
0.4992451
0.4992451
0.4992451
0.4992453
0.49924535
0.4992451
0.49924487
0.49924445
0.4992451
0.499245
0.499245
0.49924487
0.49924487
0.4992451
0.49924505
0.49924475
0.499245
0.49924558
0.49924546
0.4992447
0.49924487
0.49924523
0.499245
0.499245
0.49924487
0.49924523
0.4992454
0.49924475
0.499245
0.49924535
0.49924493
0.49924523
0.4992448
0.49924535
0.4992447
0.4992451
0.4992448
0.49924475
0.49924487
0.49924523
0.4992451
0.4992451
0.49924552
0.4992451
0.499245
0.499245
0.499245
0.4992444
0.49924523
0.49924457
0.49924523
0.49924523
0.49924487
0.49924523
0.49924475
0.49924493
0.499245
0.4992454
0.4992442
0.49924493
0.49924475
0.4992451
0.499245
0.4992451
0.4992451
0.4992447
0.499245
0.499245
0.4992451
0.499245
0.4992451
0.4992451
0.49924523
0.49924505
0.4992451
0.49924493
0.49924487
0.49924487
0.4992451
0.49924475
0.49924487
0.49924487
0.49924523
0.4992451
0.4992451
0.49924487
0.4992447
0.4992451
0.49924564
0.49924493
0.4992451
0.4992447
0.499245
0.499245
0.4992445
0.49924493
0.4992454
0.49924487
0.499245
0.49924487
0.4992453
0.49924523
0.49924523
0.4992453
0.49924487
0.499245
0.49924523
0.4992453
0.49924475
0.49924487
0.499245
0.49924535
0.4992451
0.499245
0.49924475
0.49924493
0.49924558
0.49924487
0.4992451
0.49924475
0.49924517
0.4992447
0.49924523
0.49924403
0.49924523
0.4992451
0.49924523
0.4992451
0.4992445
0.49924475
0.49924505
0.49924523
0.49924475
0.49924523
0.49924517
0.4992451
0.49924487
0.49924493
0.49924505
0.49924493
0.49924487
0.49924427
0.49924505
0.4992453
0.49924493
0.49924535
0.49924493
0.499245
0.49924535
0.499245
0.4992448
0.49924546
0.4992451
0.499246
0.4992448
0.49924427
0.49924523
0.499245
0.49924505
0.4992448
0.499245
0.49924523
0.49924493
0.49924523
0.49924523
0.49924505
0.49924487
0.49924517
0.49924505
0.49924523
0.49924517
0.49924433
0.49924475
0.49924535
0.49924463
0.4992451
0.49924475
0.49924475
0.4992445
0.499245
0.499245
0.4992448
0.49924505
0.499245
0.49924517
0.49924487
0.499245
0.49924457
0.49924487
0.499245
0.4992445
0.49924487
0.49924475
0.49924475
0.49924523
0.49924487
0.4992451
0.49924535
0.49924582
0.49924505
0.49924523
0.4992453
0.49924523
0.4992451
0.49924523
0.4992425
0.49924487
0.4992451
0.4992448
0.49924487
0.49924535
0.4992451
0.49924523
0.49924487
0.499245
0.4992451
0.49924487
0.49924505
0.4992448
0.49924475
0.49924487
0.4992451
0.499245
0.49924427
0.4992451
0.4992451
0.49924493
0.4992451
0.49924475
0.49924487
0.4992451
0.49924505
0.4992451
0.49924487
0.4992451
0.4992448
0.49924523
0.4992451
0.49924535
0.4992451
0.49924523
0.49924487
0.49924517
0.49924487
0.499245
0.49924487
0.49924475
0.499245
0.4992451
0.4992451
0.49924523
0.4992451
0.49924487
0.49924487
0.49924523
0.4992448
0.49924523
0.4992447
0.4992451
0.49924475
0.499245
0.49924475
0.4992451
0.4992447
0.49924487
0.49924517
0.49924463
0.49924457
0.499245
0.499245
0.49924505
0.49924517
0.49924493
0.4992453
0.499245
0.4992445
0.499245
0.4992451
0.49924505
0.4992451
0.49924475
0.49924463
0.4992447
0.4992451
0.4992444
0.49924487
0.4992451
0.49924475
0.49924517
0.49924523
0.49924415
0.49924475
0.4992451
0.49924523
0.49924535
0.49924463
0.49924523
0.499245
0.49924523
0.499245
0.49924493
0.49924487
0.49924487
0.49924535
0.49924487
0.499245
0.49924517
0.49924487
0.49924517
0.49924463
0.4992451
0.499245
0.4992445
0.4992451
0.4992451
0.4992454
0.49924463
0.49924487
0.49924505
0.49924517
0.49924493
0.49924523
0.49924487
0.49924523
0.49924463
0.49924475
0.49924475
0.4992444
0.49924487
0.49924517
0.49924517
0.4992451
0.4992447
0.499245
0.49924487
0.49924505
0.49924487
0.49924475
0.499245
0.49924552
0.4992448
0.499245
0.499245
0.49924475
0.49924523
0.4992451
0.49924493
0.4992451
0.49924493
0.49924535
0.49924487
0.4992451
0.49924475
0.49924523
0.4992451
0.4992451
0.49924487
0.49924523
0.4992451
0.4992451
0.4992451
0.49924523
0.49924505
0.49924487
0.499245
0.49924535
0.499245
0.49924523
0.49924535
0.49924487
0.49924475
0.4992451
0.49924517
0.49924535
0.49924487
0.49924546
0.49924523
0.4992448
0.49924475
0.4992451
0.49924487
0.49924535
0.49924523
0.49924523
0.49924475
0.4992451
0.49924427
0.49924582
0.4992451
0.49924505
0.49924535
0.49924493
0.49924523
0.499245
0.4992453
0.49924523
0.4992451
0.49924517
0.49924535
0.4992445
0.4992451
0.4992451
0.4992445
0.4992451
0.4992451
0.49924487
0.499245
0.49924517
0.499245
0.49924517
0.49924517
0.4992451
0.49924535
0.4992451
0.49924487
0.499245
0.49924463
0.49924487
0.4992451
0.49924487
0.49924505
0.49924523
0.49924535
0.49924505
0.49924463
0.49924523
0.4992451
0.499245
0.49924505
0.49924463
0.499245
0.4992451
0.499245
0.49924493
0.49924487
0.49924493
0.49924463
0.4992448
0.49924463
0.49924535
0.499245
0.49924487
0.49924487
0.4992451
0.49924523
0.4992447
0.49924517
0.4992451
0.49924535
0.4992445
0.49924517
0.4992451
0.49924487
0.49924523
0.49924517
0.4992453
0.4992445
0.499245
0.499245
0.49924564
0.499245
0.49924487
0.49924523
0.49924535
0.49924523
0.49924546
0.4992453
0.499245
0.49924535
0.49924475
0.49924475
0.4992451
0.49924517
0.49924535
0.4992451
0.4992454
0.49924517
0.4992454
0.49924523
0.4992447
0.49924523
0.49924493
0.49924493
0.49924493
0.499245
0.49924463
0.49924535
0.49924475
0.49924535
0.49924523
0.4992451
0.49924535
0.4992451
0.49924475
0.49924523
0.4992453
0.499245
0.49924535
0.499245
0.499245
0.4992447
0.49924535
0.49924487
0.49924523
0.49924475
0.499245
0.49924523
0.4992447
0.4992453
0.499245
0.49924493
0.499245
0.49924493
0.49924535
0.49924487
0.4992448
0.49924457
0.49924493
0.4992451
0.49924487
0.49924505
0.49924517
0.49924493
0.49924505
0.49924517
0.49924487
0.49924487
0.49924487
0.4992451
0.49924523
0.49924433
0.49924487
0.49924505
0.4992451
0.49924493
0.49924517
0.49924487
0.4992451
0.49924487
0.4992451
0.49924475
0.49924475
0.499245
0.4992448
0.4992453
0.49924535
0.49924475
0.49924475
0.49924535
0.4992447
0.49924487
0.49924475
0.49924517
0.4992457
0.4992451
0.4992451
0.49924493
0.499245
0.4992453
0.4992448
0.499245
0.49924523
0.49924493
0.49924517
0.49924523
0.49924475
0.49924487
0.49924427
0.4992453
0.49924463
0.49924517
0.49924517
0.49924487
0.49924552
0.4992451
0.49924546
0.49924535
0.4992451
0.4992451
0.4992457
0.49924535
0.49924475
0.49924475
0.4992451
0.49924493
0.49924535
0.4992451
0.49924487
0.49924523
0.49924517
0.49924487
0.49924523
0.49924523
0.49924523
0.499245
0.49924535
0.4992451
0.4992451
0.499245
0.49924487
0.499245
0.49924493
0.4992451
0.49924535
0.49924493
0.4992448
0.49924523
0.49924487
0.49924523
0.49924523
0.49924475
0.49924487
0.4992451
0.49924523
0.4992444
0.49924463
0.499245
0.4992451
0.49924523
0.4992451
0.49924517
0.4992451
0.49924523
0.49924493
0.49924517
0.49924523
0.49924523
0.4992445
0.4992451
0.49924517
0.49924517
0.499245
0.49924517
0.4992451
0.49924523
0.49924475
0.49924505
0.49924535
0.49924546
0.49924517
0.4992453
0.4992453
0.49924523
0.4992451
0.4992451
0.499245
0.49924487
0.4992451
0.4992451
0.49924517
0.49924487
0.49924415
0.49924523
0.4992451
0.49924475
0.49924552
0.49924487
0.49924505
0.4992451
0.499245
0.49924505
0.49924493
0.4992447
0.49924535
0.4992451
0.499245
0.49924552
0.49924475
0.499245
0.49924535
0.49924505
0.49924475
0.49924558
0.4992453
0.49924475
0.499245
0.4992451
0.49924493
0.49924546
0.499245
0.499245
0.49924493
0.49924517
0.49924493
0.4992451
0.4992451
0.49924517
0.499245
0.49924535
0.49924487
0.49924475
0.4992451
0.49924487
0.4992448
0.49924475
0.49924493
0.49924475
0.49924457
0.499245
0.49924475
0.4992453
0.4992444
0.49924535
0.499245
0.4992451
0.49924493
0.49924493
0.499245
0.49924523
0.49924517
0.4992451
0.49924517
0.49924505
0.49924487
0.499245
0.4992453
0.49924535
0.49924487
0.49924535
0.49924535
0.49924487
0.49924523
0.499245
0.49924487
0.4992451
0.49924517
0.499245
0.49924475
0.4992451
0.4992451
0.49924523
0.499245
0.49924535
0.4992454
0.49924546
0.4992447
0.49924493
0.4992451
0.49924475
0.4992451
0.4992448
0.499245
0.49924535
0.49924475
0.499245
0.49924517
0.4992451
0.49924523
0.49924517
0.49924487
0.49924487
0.49924427
0.49924487
0.4992451
0.499245
0.49924493
0.49924523
0.499245
0.49924487
0.49924523
0.49924505
0.499245
0.49924487
0.4992451
0.49924487
0.49924487
0.49924487
0.49924523
0.499245
0.4992457
0.49924475
0.49924463
0.4992451
0.49924535
0.49924517
0.49924505
0.4992451
0.49924475
0.4992453
0.499245
0.49924487
0.49924487
0.4992451
0.499245
0.49924487
0.49924517
0.4992444
0.49924475
0.4992451
0.4992451
0.49924427
0.4992445
0.49924523
0.49924594
0.49924517
0.499245
0.49924523
0.49924523
0.4992451
0.4992445
0.4992451
0.49924487
0.49924523
0.49924493
0.4992451
0.4992451
0.49924523
0.49924517
0.499245
0.499245
0.49924487
0.49924582
0.49924558
0.49924493
0.49924523
0.49924523
0.49924517
0.4992448
0.4992451
0.49924493
0.49924487
0.4992451
0.49924475
0.49924523
0.4992457
0.499245
0.49924523
0.49924487
0.4992451
0.49924493
0.4992451
0.499245
0.49924606
0.49924487
0.49924523
0.49924535
0.49924487
0.4992451
0.499245
0.4992451
0.49924546
0.499245
0.49924517
0.49924505
0.49924487
0.49924523
0.49924505
0.49924523
0.49924487
0.49924517
0.49924505
0.49924493
0.49924523
0.49924493
0.49924487
0.49924487
0.49924487
0.499245
0.49924457
0.4992454
0.49924487
0.49924535
0.49924535
0.49924487
0.49924505
0.49924487
0.499245
0.49924475
0.49924523
0.4992454
0.49924487
0.49924487
0.49924523
0.4992451
0.49924475
0.49924535
0.499245
0.49924475
0.499245
0.49924463
0.4992453
0.4992451
0.499245
0.49924463
0.49924475
0.49924517
0.499245
0.49924523
0.49924523
0.49924546
0.49924517
0.49924523
0.49924493
0.49924505
0.4992447
0.49924505
0.49924493
0.4992445
0.49924487
0.4992451
0.499245
0.49924535
0.499245
0.49924487
0.49924487
0.49924523
0.49924523
0.49924487
0.49924505
0.49924457
0.4992451
0.49924523
0.49924487
0.499245
0.4992451
0.499245
0.49924487
0.49924523
0.49924558
0.49924523
0.49924475
0.49924487
0.49924535
0.49924523
0.4992448
0.49924475
0.499245
0.49924475
0.49924487
0.49924475
0.49924475
0.49924457
0.4992451
0.4992444
0.4992451
0.4992451
0.4992444
0.49924517
0.49924618
0.49924523
0.49924475
0.49924427
0.49924475
0.49924523
0.4992453
0.49924475
0.49924493
0.49924487
0.49924487
0.499245
0.49924487
0.49924493
0.49924475
0.4992448
0.49924505
0.49924475
0.49924535
0.49924427
0.499245
0.4992448
0.499245
0.49924463
0.499245
0.49924475
0.49924487
0.49924517
0.49924487
0.49924517
0.49924475
0.49924487
0.49924517
0.49924445
0.49924487
0.499245
0.49924487
0.49924523
0.49924487
0.49924535
0.49924487
0.4992451
0.49924457
0.49924433
0.4992451
0.49924523
0.49924487
0.49924475
0.499245
0.49924475
0.49924558
0.49924517
0.4992451
0.49924523
0.4992451
0.4992451
0.499245
0.49924523
0.49924493
0.49924517
0.49924535
0.49924487
0.4992451
0.49924505
0.49924493
0.4992451
0.499245
0.49924487
0.49924535
0.499245
0.499245
0.4992451
0.499245
0.4992451
0.49924463
0.4992448
0.4992451
0.49924487
0.4992454
0.49924523
0.49924505
0.49924487
0.4992445
0.49924415
0.49924523
0.4992451
0.499245
0.49924457
0.49924523
0.49924523
0.49924517
0.4992451
0.4992453
0.49924487
0.4992448
0.499245
0.49924493
0.49924517
0.49924487
0.49924517
0.499245
0.49924523
0.49924546
0.49924475
0.49924535
0.499245
0.4992448
0.4992453
0.49924487
0.49924487
0.49924594
0.499245
0.49924475
0.49924493
0.499245
0.49924475
0.49924505
0.49924487
0.49924487
0.4992451
0.49924457
0.49924517
0.4992451
0.4992451
0.49924517
0.49924517
0.499245
0.4992451
0.49924487
0.4992445
0.49924487
0.49924517
0.49924535
0.49924487
0.49924493
0.4992451
0.49924535
0.49924487
0.49924535
0.49924487
0.49924535
0.4992451
0.49924493
0.4992451
0.49924505
0.49924523
0.49924517
0.49924493
0.49924487
0.49924475
0.4992448
0.49924546
0.4992451
0.49924523
0.49924487
0.499245
0.4992451
0.49924463
0.4992451
0.49924475
0.4992444
0.49924475
0.499245
0.49924505
0.49924427
0.49924487
0.49924493
0.499245
0.49924493
0.49924517
0.4992451
0.49924487
0.499245
0.49924517
0.49924475
0.49924505
0.4992451
0.4992453
0.49924505
0.4992451
0.4992451
0.4992444
0.49924523
0.499245
0.49924427
0.4992451
0.49924493
0.49924505
0.499245
0.49924392
0.49924523
0.49924523
0.49924415
0.4992451
0.49924517
0.49924487
0.4992451
0.49924475
0.49924487
0.49924523
0.49924517
0.49924487
0.49924487
0.49924487
0.49924523
0.4992451
0.4992451
0.4992448
0.49924487
0.4992451
0.49924487
0.499245
0.49924475
0.49924535
0.499245
0.49924523
0.49924463
0.49924523
0.49924493
0.499245
0.49924535
0.49924493
0.49924487
0.49924523
0.4992451
0.49924535
0.4992453
0.49924487
0.4992457
0.49924523
0.499245
0.49924427
0.499245
0.49924392
0.49924505
0.4992454
0.49924487
0.49924517
0.49924487
0.4992453
0.49924546
0.499245
0.4992451
0.49924517
0.49924517
0.49924517
0.49924487
0.4992451
0.4992453
0.4992448
0.4992451
0.49924517
0.4992453
0.49924523
0.49924505
0.49924535
0.499245
0.4992448
0.49924517
0.49924487
0.499245
0.49924594
0.49924505
0.499245
0.499245
0.499245
0.49924552
0.4992457
0.49924475
0.4992453
0.49924463
0.499245
0.49924457
0.49924487
0.49924505
0.49924523
0.49924487
0.49924523
0.49924517
0.49924535
0.499245
0.4992451
0.499245
0.49924487
0.499245
0.49924564
0.49924505
0.49924487
0.49924535
0.49924487
0.4992451
0.4992451
0.49924487
0.49924523
0.49924535
0.49924535
0.4992451
0.49924487
0.4992451
0.49924487
0.49924552
0.49924517
0.49924487
0.499245
0.49924487
0.49924493
0.49924523
0.49924523
0.49924493
0.499245
0.49924475
0.4992453
0.4992451
0.4992448
0.4992451
0.49924517
0.499245
0.49924463
0.4992451
0.49924493
0.4992451
0.49924415
0.499245
0.49924475
0.49924505
0.4992451
0.49924546
0.49924445
0.49924517
0.4992451
0.49924505
0.49924523
0.49924523
0.49924505
0.4992441
0.49924523
0.49924546
0.4992453
0.49924493
0.49924493
0.49924505
0.49924505
0.49924505
0.499245
0.4992451
0.4992451
0.49924493
0.49924487
0.49924546
0.49924523
0.499245
0.49924523
0.49924576
0.4992451
0.49924523
0.499245
0.49924523
0.4992448
0.4992451
0.49924558
0.4992448
0.49924463
0.49924505
0.49924523
0.49924475
0.49924517
0.49924523
0.499245
0.49924493
0.49924487
0.49924535
0.49924535
0.49924517
0.4992451
0.49924523
0.4992448
0.49924523
0.4992451
0.49924535
0.49924523
0.49924535
0.49924475
0.4992453
0.49924487
0.49924505
0.49924493
0.4992451
0.4992451
0.499245
0.49924546
0.49924493
0.4992454
0.49924552
0.4992454
0.49924523
0.49924523
0.49924475
0.49924523
0.499245
0.49924475
0.49924487
0.4992448
0.4992451
0.49924487
0.49924517
0.4992451
0.4992444
0.49924505
0.4992453
0.499245
0.49924517
0.49924517
0.4992451
0.49924487
0.49924546
0.49924487
0.49924487
0.4992445
0.49924523
0.49924487
0.4992448
0.49924535
0.4992451
0.49924487
0.499245
0.49924487
0.49924487
0.499245
0.49924475
0.49924427
0.49924523
0.49924576
0.4992451
0.49924523
0.49924535
0.49924523
0.49924517
0.4992448
0.49924505
0.49924523
0.49924487
0.49924523
0.49924517
0.49924523
0.49924463
0.499245
0.49924546
0.49924523
0.4992451
0.49924463
0.49924648
0.499245
0.4992451
0.4992451
0.499245
0.49924463
0.499245
0.4992451
0.4992451
0.49924493
0.49924523
0.49924463
0.49924535
0.49924523
0.49924517
0.4992451
0.49924457
0.4992451
0.499245
0.49924517
0.49924517
0.49924523
0.4992454
0.49924487
0.49924505
0.49924475
0.49924517
0.4992445
0.4992445
0.49924523
0.49924505
0.49924463
0.49924493
0.49924546
0.49924523
0.49924487
0.49924487
0.49924493
0.49924505
0.499245
0.49924493
0.49924487
0.4992451
0.49924457
0.4992451
0.499245
0.49924457
0.49924535
0.49924523
0.49924523
0.49924523
0.49924535
0.499245
0.499245
0.4992451
0.49924535
0.4992447
0.49924505
0.49924523
0.49924475
0.49924505
0.499245
0.4992451
0.49924475
0.49924493
0.49924535
0.49924475
0.49924523
0.49924523
0.49924475
0.4992453
0.4992451
0.499245
0.49924505
0.4992457
0.49924487
0.4992451
0.499245
0.499245
0.49924463
0.49924523
0.499245
0.4992451
0.49924487
0.4992451
0.49924487
0.49924475
0.49924487
0.4992451
0.4992451
0.49924535
0.49924463
0.49924487
0.4992451
0.49924505
0.49924523
0.49924487
0.49924487
0.49924523
0.4992453
0.49924523
0.49924487
0.49924523
0.49924523
0.499245
0.499245
0.4992451
0.4992451
0.4992445
0.49924475
0.499245
0.49924493
0.4992448
0.49924493
0.4992444
0.49924487
0.499245
0.49924523
0.49924523
0.49924487
0.49924523
0.4992448
0.499245
0.49924523
0.4992447
0.499245
0.49924475
0.49924505
0.49924535
0.499245
0.499245
0.4992453
0.49924475
0.49924475
0.49924517
0.49924487
0.4992447
0.49924505
0.49924505
0.49924505
0.49924546
0.49924552
0.4992448
0.49924523
0.499245
0.499245
0.49924475
0.49924517
0.4992447
0.49924475
0.49924505
0.4992451
0.49924475
0.49924517
0.49924505
0.499245
0.499245
0.49924475
0.49924463
0.4992448
0.49924475
0.49924475
0.4992448
0.49924475
0.49924535
0.499245
0.49924475
0.49924523
0.499245
0.4992451
0.4992451
0.49924517
0.49924523
0.49924517
0.499245
0.49924487
0.499245
0.499245
0.49924523
0.4992451
0.499245
0.499245
0.49924505
0.4992451
0.49924487
0.499245
0.4992453
0.4992447
0.49924523
0.4992451
0.49924463
0.49924493
0.49924523
0.4992451
0.4992451
0.49924493
0.49924517
0.49924535
0.4992451
0.4992451
0.49924523
0.49924493
0.49924487
0.49924475
0.49924517
0.499245
0.49924558
0.49924475
0.4992445
0.4992451
0.4992445
0.49924475
0.4992448
0.499245
0.49924773
0.499245
0.499245
0.499245
0.4992445
0.49924493
0.49924487
0.49924523
0.49924523
0.499245
0.49924427
0.49924594
0.49924487
0.49924487
0.499245
0.4992445
0.49924523
0.49924523
0.49924493
0.49924493
0.49924487
0.49924517
0.49924517
0.49924493
0.49924535
0.4992451
0.499245
0.49924475
0.4992451
0.4992453
0.49924487
0.49924475
0.49924493
0.49924487
0.4992438
0.4992451
0.49924505
0.49924523
0.49924505
0.49924475
0.49924487
0.499245
0.4992448
0.4992451
0.49924523
0.49924517
0.49924546
0.49924523
0.49924475
0.49924552
0.49924523
0.49924475
0.4992453
0.499245
0.499245
0.49924523
0.49924463
0.499245
0.49924475
0.49924475
0.4992451
0.499245
0.49924517
0.49924523
0.49924493
0.49924523
0.49924487
0.49924493
0.499245
0.49924475
0.49924535
0.49924517
0.49924475
0.49924523
0.49924487
0.49924487
0.49924523
0.499245
0.499245
0.4992448
0.499245
0.4992447
0.49924523
0.49924487
0.49924487
0.49924558
0.49924487
0.49924487
0.49924546
0.4992453
0.49924487
0.49924487
0.499245
0.49924535
0.49924475
0.49924487
0.49924535
0.49924523
0.49924505
0.49924523
0.499245
0.4992453
0.4992451
0.49924475
0.49924415
0.4992451
0.49924523
0.499245
0.49924487
0.499245
0.49924487
0.4992451
0.49924487
0.49924487
0.499245
0.49924493
0.4992451
0.49924475
0.49924535
0.49924493
0.49924517
0.49924523
0.49924535
0.49924475
0.4992448
0.49924523
0.49924427
0.4992453
0.4992447
0.4992447
0.4992448
0.49924427
0.49924475
0.49924475
0.49924487
0.49924535
0.499245
0.4992448
0.49924523
0.499245
0.49924487
0.49924493
0.4992445
0.49924517
0.49924535
0.49924493
0.49924523
0.49924523
0.499245
0.49924535
0.49924535
0.49924475
0.4992448
0.49924475
0.49924523
0.49924475
0.49924535
0.49924523
0.49924523
0.49924535
0.4992448
0.49924487
0.499245
0.4992445
0.4992451
0.499245
0.49924487
0.49924517
0.49924493
0.49924523
0.49924287
0.49924523
0.4992451
0.4992451
0.499245
0.49924523
0.4992451
0.49924493
0.49924517
0.49924475
0.499245
0.49924523
0.4992451
0.49924558
0.49924487
0.49924457
0.4992451
0.49924433
0.49924487
0.49924487
0.49924505
0.499245
0.49924493
0.49924523
0.499245
0.4992453
0.49924475
0.49924493
0.499245
0.49924475
0.4992451
0.49924523
0.49924085
0.4992451
0.49924493
0.49924517
0.499245
0.49924517
0.499245
0.499245
0.499245
0.49924475
0.49924523
0.49924487
0.49924487
0.49924463
0.49924546
0.49924535
0.49924487
0.49924523
0.49924505
0.49924475
0.49924493
0.49924445
0.4992451
0.49924535
0.49924475
0.4992451
0.499245
0.49924523
0.499245
0.49924523
0.49924523
0.49924487
0.49924487
0.4992453
0.49924523
0.4992451
0.4992451
0.4992447
0.49924463
0.49924493
0.4992451
0.49924457
0.49924487
0.49924463
0.49924457
0.49924493
0.49924487
0.49924523
0.49924487
0.49924517
0.49924523
0.499245
0.499245
0.49924523
0.49924487
0.499245
0.49924493
0.4992451
0.49924523
0.49924558
0.4992453
0.49924487
0.4992453
0.49924517
0.49924475
0.49924487
0.4992451
0.49924487
0.499245
0.4992451
0.4992451
0.49924505
0.499245
0.49924582
0.49924493
0.49924535
0.49924517
0.49924487
0.49924475
0.49924463
0.49924487
0.49924523
0.49924517
0.49924523
0.499245
0.499245
0.49924535
0.499245
0.49924558
0.49924475
0.49924344
0.49924535
0.4992451
0.4992451
0.49924517
0.4992451
0.49924293
0.49924523
0.4992451
0.4992453
0.49924523
0.49924523
0.49924505
0.499245
0.4992451
0.49924523
0.49924487
0.49924535
0.4992451
0.4992453
0.49924505
0.499245
0.499245
0.49924475
0.49924517
0.49924505
0.49924493
0.49924505
0.4992451
0.499245
0.49924523
0.49924463
0.4992451
0.49924487
0.499245
0.49924463
0.4992451
0.49924517
0.49924523
0.49924535
0.49924523
0.4992451
0.4992445
0.49924487
0.49924517
0.4992451
0.49924475
0.499245
0.49924535
0.4992451
0.4992451
0.49924463
0.499245
0.4992451
0.49924535
0.49924523
0.49924523
0.49924475
0.49924523
0.4992444
0.49924445
0.49924535
0.49924552
0.499245
0.49924368
0.49924487
0.49924523
0.49924517
0.49924523
0.49924523
0.499245
0.49924463
0.49924463
0.49924523
0.49924535
0.49924505
0.49924523
0.49924505
0.49924523
0.49924535
0.49924523
0.499245
0.4992453
0.49924546
0.49924487
0.49924463
0.4992451
0.49924523
0.4992445
0.49924523
0.4992451
0.4992451
0.4992451
0.49924475
0.49924487
0.499245
0.499245
0.4992451
0.49924523
0.499245
0.49924582
0.49924487
0.49924505
0.49924487
0.49924517
0.499245
0.49924535
0.49924493
0.4992451
0.4992451
0.4992451
0.49924475
0.4992451
0.49924475
0.49924517
0.49924523
0.4992451
0.49924678
0.49924523
0.49924487
0.499245
0.49924487
0.4992454
0.49924475
0.49924475
0.49924487
0.499245
0.49924487
0.49924487
0.49924487
0.4992451
0.49924523
0.4992451
0.49924546
0.49924523
0.49924517
0.49924487
0.49924487
0.49924523
0.4992444
0.4992447
0.49924475
0.4992448
0.49924487
0.49924493
0.4992451
0.49924487
0.49924523
0.49924487
0.49924475
0.49924487
0.49924546
0.49924475
0.4992444
0.49924523
0.4992451
0.49924463
0.499245
0.4992451
0.49924487
0.49924523
0.499245
0.4992453
0.499245
0.4992451
0.4992451
0.49924475
0.49924475
0.4992451
0.49924487
0.49924523
0.49924487
0.4992451
0.49924505
0.49924463
0.499245
0.49924487
0.499245
0.499245
0.49924505
0.49924487
0.49924594
0.49924475
0.49924475
0.49924463
0.49924487
0.49924546
0.49924487
0.4992451
0.4992451
0.49924487
0.49924392
0.4992453
0.49924535
0.49924505
0.49924505
0.49924523
0.49924487
0.49924535
0.49924505
0.49924463
0.49924505
0.49924475
0.49924487
0.499245
0.4992451
0.49924463
0.49924546
0.49924523
0.4992451
0.499245
0.4992444
0.49924523
0.49924493
0.499245
0.49924475
0.49924487
0.499245
0.49924523
0.499245
0.49924487
0.49924433
0.49924517
0.49924523
0.49924487
0.499245
0.49924517
0.49924546
0.49924523
0.499245
0.4992451
0.4992451
0.49924523
0.4992445
0.49924523
0.49924487
0.4992451
0.499245
0.4992451
0.49924463
0.49924463
0.499245
0.49924487
0.49924523
0.4992451
0.499245
0.49924517
0.499245
0.49924505
0.49924535
0.49924493
0.49924457
0.49924517
0.4992448
0.4992451
0.49924487
0.49924487
0.49924535
0.499245
0.49924517
0.49924535
0.4992448
0.499245
0.49924523
0.49924487
0.49924523
0.4992451
0.49924523
0.4992451
0.49924523
0.49924505
0.49924505
0.49924475
0.4992451
0.499245
0.49924427
0.4992451
0.49924463
0.49924523
0.49924475
0.49924523
0.49924475
0.49924487
0.49924487
0.4992451
0.499245
0.49924487
0.4992451
0.49924523
0.499245
0.4992451
0.49924475
0.4992448
0.4992451
0.49924475
0.49924487
0.4992453
0.4992451
0.4992451
0.49924505
0.49924475
0.4992451
0.49924523
0.499245
0.49924535
0.4992448
0.49924493
0.4992447
0.499245
0.499245
0.49924427
0.49924523
0.49924523
0.499245
0.499245
0.4992451
0.49924517
0.4992451
0.499245
0.49924517
0.49924523
0.4992451
0.49924493
0.4992454
0.49924535
0.499245
0.49924487
0.49924487
0.49924487
0.499245
0.49924523
0.49924517
0.49924493
0.499245
0.49924487
0.49924457
0.499245
0.499245
0.4992451
0.49924475
0.49924535
0.4992451
0.49924523
0.499245
0.49924475
0.49924523
0.49924487
0.499245
0.49924523
0.499245
0.49924523
0.49924475
0.4992451
0.499245
0.49924564
0.4992451
0.49924505
0.49924523
0.4992451
0.49924487
0.49924487
0.499245
0.499245
0.49924487
0.49924475
0.4992451
0.49924487
0.499245
0.49924523
0.4992451
0.49924487
0.49924475
0.499245
0.49924475
0.49924475
0.4992454
0.49924523
0.49924523
0.49924517
0.4992451
0.499245
0.4992451
0.49924487
0.499245
0.49924523
0.49924523
0.49924582
0.4992451
0.4992451
0.49924523
0.4992451
0.49924493
0.49924493
0.49924517
0.4992451
0.4992448
0.4992451
0.49924475
0.499245
0.49924505
0.4992448
0.4992451
0.49924505
0.4992451
0.49924475
0.49924487
0.49924523
0.4992448
0.49924475
0.49924463
0.49924475
0.499245
0.499245
0.49924427
0.49924523
0.49924403
0.49924505
0.49924487
0.49924505
0.4992451
0.499245
0.4992453
0.49924523
0.49924552
0.49924475
0.4992447
0.49924475
0.49924415
0.49924523
0.49924517
0.4992451
0.49924475
0.49924463
0.4992451
0.499245
0.49924546
0.499245
0.4992451
0.49924493
0.49924535
0.49924487
0.4992451
0.49924475
0.49924505
0.49924487
0.49924493
0.49924487
0.49924505
0.49924487
0.49924487
0.49924523
0.4992451
0.49924475
0.4992447
0.49924523
0.49924475
0.49924535
0.49924535
0.49924493
0.49924505
0.49924523
0.49924558
0.4992451
0.4992448
0.49924493
0.49924523
0.49924517
0.49924523
0.49924523
0.4992451
0.49924493
0.49924517
0.49924475
0.49924517
0.49924505
0.4992451
0.4992451
0.49924475
0.499245
0.4992453
0.49924505
0.49924582
0.49924505
0.4992453
0.4992453
0.49924517
0.49924517
0.4992448
0.49924636
0.49924475
0.49924487
0.499245
0.49924523
0.499245
0.4992451
0.49924493
0.49924487
0.49924523
0.49924523
0.49924487
0.499245
0.49924487
0.49924487
0.49924487
0.4992457
0.49924505
0.4992451
0.49924487
0.49924505
0.4992453
0.499245
0.49924523
0.4992448
0.4992451
0.49924487
0.49924457
0.49924487
0.49924487
0.4992447
0.49924523
0.4992451
0.4992451
0.4992453
0.49924517
0.49924535
0.49924487
0.49924487
0.49924535
0.49924475
0.49924546
0.4992451
0.49924487
0.49924535
0.49924457
0.4992451
0.499245
0.49924487
0.49924433
0.49924535
0.49924505
0.499245
0.49924487
0.4992451
0.4992447
0.49924517
0.4992451
0.49924546
0.4992448
0.4992444
0.4992442
0.49924505
0.49924487
0.49924505
0.499245
0.49924517
0.4992451
0.4992451
0.49924517
0.49924523
0.4992448
0.4992451
0.49924523
0.4992453
0.4992445
0.49924558
0.49924558
0.49924523
0.49924535
0.49924487
0.49924535
0.49924517
0.4992453
0.499245
0.49924505
0.49924493
0.49924487
0.4992447
0.4992453
0.49924463
0.4992451
0.499245
0.49924487
0.49924523
0.49924505
0.49924487
0.4992451
0.4992451
0.499245
0.499247
0.49924487
0.499245
0.499245
0.49924487
0.49924493
0.49924475
0.49924487
0.4992451
0.49924487
0.49924475
0.49924463
0.499245
0.49924487
0.49924517
0.4992451
0.49924684
0.499245
0.499245
0.49924523
0.49924493
0.49924487
0.499245
0.4992451
0.4992453
0.499245
0.49924487
0.49924523
0.49924463
0.49924517
0.4992451
0.4992451
0.49924487
0.49924517
0.4992451
0.4992451
0.4992454
0.49924457
0.4992448
0.49924523
0.4992451
0.49924523
0.49924523
0.49924517
0.49924475
0.4992451
0.499245
0.49924475
0.49924523
0.49924523
0.49924523
0.4992454
0.4992445
0.499245
0.4992447
0.4992444
0.49924487
0.49924487
0.49924523
0.49924475
0.49924505
0.4992451
0.49924487
0.4992453
0.4992447
0.49924505
0.49924505
0.49924523
0.49924475
0.49924535
0.49924535
0.49924487
0.49924475
0.49924505
0.49924487
0.4992451
0.4992448
0.49924505
0.49924487
0.49924475
0.49924493
0.4992451
0.4992463
0.499245
0.49924523
0.4992448
0.49924493
0.49924523
0.49924475
0.499245
0.4992451
0.49924505
0.4992451
0.499245
0.49924523
0.4992451
0.49924475
0.4992451
0.49924523
0.4992453
0.49924523
0.499245
0.4992451
0.49924487
0.49924535
0.49924493
0.49924523
0.49924517
0.49924523
0.4992451
0.4992447
0.49924523
0.499245
0.49924523
0.49924558
0.49924356
0.49924445
0.49924523
0.4992451
0.499245
0.4992448
0.4992451
0.4992448
0.49924475
0.4992445
0.49924475
0.49924475
0.4992448
0.49924487
0.49924517
0.49924475
0.49924505
0.49924618
0.49924493
0.49924546
0.499245
0.4992447
0.49924487
0.4992451
0.49924535
0.49924523
0.49924523
0.49924546
0.4992445
0.49924523
0.49924505
0.49924523
0.4992451
0.49924523
0.49924546
0.49924523
0.499245
0.49924523
0.49924487
0.49924475
0.4992445
0.49924505
0.49924475
0.4992447
0.499245
0.49924535
0.49924487
0.4992451
0.49924505
0.49924475
0.49924535
0.4992451
0.49924487
0.499245
0.4992451
0.49924535
0.49924487
0.49924487
0.49924487
0.4992451
0.49924523
0.4992445
0.4992451
0.49924505
0.49924493
0.49924487
0.49924523
0.4992447
0.4992451
0.49924517
0.49924678
0.499245
0.49924493
0.4992451
0.49924546
0.49924487
0.4992453
0.49924535
0.49924475
0.49924523
0.49924475
0.4992448
0.49924505
0.49924475
0.4992451
0.49924487
0.499245
0.49924475
0.4992445
0.4992451
0.49924505
0.49924475
0.499245
0.49924427
0.49924487
0.49924523
0.49924523
0.49924523
0.4992451
0.49924523
0.4992448
0.49924523
0.49924475
0.49924505
0.49924475
0.499245
0.49924546
0.49924475
0.4992451
0.49924487
0.4992447
0.4992451
0.49924475
0.49924487
0.49924517
0.49924546
0.499245
0.49924523
0.4992444
0.49924535
0.49924535
0.499245
0.4992445
0.49924517
0.49924487
0.49924523
0.49924475
0.49924415
0.49924523
0.4992454
0.49924487
0.49924475
0.49924487
0.49924523
0.4992451
0.49924523
0.4992444
0.49924505
0.49924505
0.4992451
0.49924523
0.49924493
0.49924487
0.4992451
0.49924463
0.49924535
0.4992451
0.4992454
0.49924487
0.49924493
0.49924487
0.4992451
0.49924523
0.4992451
0.4992453
0.49924487
0.49924523
0.4992445
0.4992451
0.49924493
0.49924552
0.4992451
0.4992451
0.4992451
0.49924517
0.49924433
0.49924493
0.49924427
0.4992454
0.4992451
0.49924433
0.4992448
0.49924505
0.499245
0.49924523
0.49924463
0.49924487
0.4992451
0.499245
0.49924487
0.499245
0.49924523
0.49924523
0.4992451
0.4992451
0.4992451
0.4992451
0.49924493
0.4992451
0.49924475
0.49924493
0.4992451
0.499245
0.49924523
0.49924415
0.4992445
0.4992451
0.4992448
0.49924523
0.49924535
0.49924487
0.499245
0.4992453
0.49924517
0.4992451
0.499245
0.49924487
0.4992451
0.4992451
0.49924487
0.4992447
0.49924505
0.49924523
0.49924523
0.499245
0.49924475
0.49924463
0.4992451
0.49924523
0.4992457
0.49924493
0.4992445
0.499245
0.49924487
0.49924427
0.4992451
0.4992451
0.4992451
0.49924493
0.4992448
0.49924523
0.4992451
0.4992451
0.49924487
0.4992451
0.4992451
0.499245
0.499245
0.4992451
0.49924475
0.499245
0.49924552
0.4992447
0.49924523
0.49924487
0.49924505
0.4992451
0.4992451
0.4992454
0.49924505
0.4992451
0.49924517
0.49924505
0.4992451
0.49924517
0.49924523
0.4992451
0.49924475
0.4992451
0.49924523
0.4992451
0.49924487
0.49924487
0.49924517
0.49924523
0.499245
0.49924523
0.499245
0.49924523
0.4992451
0.499245
0.4992451
0.49924487
0.499245
0.49924475
0.49924487
0.49924535
0.4992448
0.49924475
0.4992451
0.49924487
0.49924535
0.4992451
0.4992448
0.49924475
0.499245
0.4992454
0.49924475
0.49924523
0.49924487
0.4992451
0.49924487
0.49924487
0.49924523
0.49924463
0.49924487
0.4992451
0.49924535
0.4992431
0.49924475
0.49924523
0.49924475
0.4992451
0.4992445
0.4992451
0.49924546
0.4992451
0.4992451
0.4992453
0.4992451
0.49924523
0.499245
0.49924463
0.49924517
0.49924546
0.49924487
0.49924493
0.4992445
0.49924517
0.49924475
0.499245
0.49924493
0.49924487
0.49924505
0.49924505
0.499245
0.4992451
0.49924475
0.49924475
0.499245
0.4992451
0.49924523
0.49924505
0.499245
0.49924517
0.4992451
0.49924535
0.49924505
0.49924523
0.499245
0.49924517
0.49924523
0.49924463
0.49924523
0.4992447
0.49924392
0.49924523
0.49924475
0.4992447
0.49924487
0.49924523
0.4992445
0.49924475
0.49924546
0.49924493
0.4992445
0.499245
0.4992451
0.4992451
0.49924523
0.49924517
0.4992448
0.49924487
0.49924487
0.4992453
0.4992445
0.4992448
0.4992451
0.4992451
0.49924475
0.4992445
0.4992451
0.49924493
0.49924535
0.49924487
0.4992448
0.499245
0.4992451
0.49924487
0.4992453
0.49924487
0.49924517
0.49924505
0.49924487
0.49924475
0.49924523
0.499245
0.49924487
0.4992453
0.49924523
0.49924505
0.49924535
0.4992441
0.49924523
0.499245
0.4992451
0.49924487
0.4992451
0.49924517
0.4992451
0.49924487
0.49924487
0.4992453
0.499245
0.4992451
0.49924517
0.499245
0.4992451
0.4992451
0.49924523
0.499245
0.499245
0.49924517
0.49924445
0.49924535
0.49924487
0.49924523
0.499245
0.499245
0.49924487
0.49924445
0.49924505
0.49924517
0.49924487
0.4992453
0.49924517
0.49924517
0.499245
0.499245
0.49924582
0.49924523
0.49924523
0.4992445
0.4992453
0.49924523
0.4992447
0.4992447
0.49924445
0.4992448
0.499245
0.499245
0.4992451
0.49924505
0.49924487
0.49924505
0.49924463
0.499245
0.49924523
0.49924523
0.49924535
0.49924546
0.49924487
0.4992451
0.49924463
0.49924487
0.4992435
0.499245
0.4992451
0.4992451
0.4992447
0.49924487
0.49924505
0.49924535
0.49924487
0.499245
0.499245
0.49924475
0.49924535
0.49924505
0.49924463
0.49924517
0.499245
0.49924523
0.49924487
0.4992451
0.49924487
0.49924475
0.499245
0.499245
0.49924487
0.49924463
0.49924487
0.4992453
0.49924505
0.499245
0.49924523
0.499245
0.49924505
0.4992448
0.4992451
0.4992451
0.49924535
0.49924523
0.49924546
0.49924487
0.4992448
0.49924475
0.4992451
0.49924517
0.49924535
0.49924475
0.49924582
0.49924457
0.499245
0.49924493
0.499245
0.49924487
0.49924535
0.49924487
0.49924552
0.49924475
0.49924523
0.49924523
0.4992454
0.49924493
0.499245
0.49924523
0.499245
0.49924487
0.49924523
0.4992453
0.49924067
0.49924517
0.49924487
0.49924475
0.49924475
0.49924505
0.49924487
0.4992451
0.49924546
0.49924463
0.499245
0.4992447
0.499245
0.49924535
0.4992451
0.49924517
0.49924475
0.49924487
0.4992451
0.4992451
0.49924517
0.49924487
0.4992445
0.4992451
0.4992451
0.49924523
0.49924517
0.4992451
0.499245
0.49924523
0.49924588
0.4992451
0.49924487
0.49924475
0.4992451
0.49924523
0.499245
0.49924523
0.49924523
0.49924487
0.49924535
0.4992451
0.499245
0.499245
0.49924493
0.49924505
0.4992453
0.4992448
0.49924505
0.49924535
0.49924487
0.4992454
0.49924517
0.49924505
0.49924558
0.4992447
0.499246
0.49924487
0.49924463
0.4992444
0.49924535
0.49924487
0.49924505
0.4992451
0.49924517
0.4992451
0.49924523
0.49924415
0.4992451
0.49924523
0.49924523
0.4992451
0.4992448
0.4992451
0.49924517
0.49924505
0.4992451
0.4992451
0.499245
0.4992451
0.499245
0.4992451
0.499245
0.49924523
0.4992444
0.49924487
0.49924475
0.49924523
0.49924523
0.49924487
0.4992451
0.49924517
0.4992451
0.4992445
0.4992451
0.4992451
0.49924505
0.49924487
0.49924517
0.49924463
0.49924505
0.49924535
0.499245
0.4992451
0.49924463
0.49924487
0.49924493
0.49924487
0.49924546
0.49924535
0.499245
0.49924523
0.4992451
0.4992451
0.499245
0.49924523
0.4992451
0.4992453
0.49924493
0.49924535
0.49924523
0.4992451
0.4992451
0.49924505
0.499245
0.49924523
0.4992454
0.49924487
0.49924523
0.49924535
0.49924523
0.499245
0.4992451
0.49924535
0.49924523
0.49924517
0.49924505
0.4992451
0.49924517
0.49924523
0.49924487
0.49924535
0.49924475
0.49924535
0.49924505
0.49924523
0.499245
0.499245
0.49924517
0.499245
0.49924487
0.49924535
0.49924558
0.499245
0.49924475
0.4992451
0.49924487
0.49924487
0.49924493
0.49924517
0.4992451
0.49924475
0.4992448
0.499245
0.4992448
0.49924487
0.4992451
0.4992457
0.49924523
0.499245
0.49924546
0.49924487
0.49924457
0.49924463
0.499245
0.499245
0.4992451
0.4992448
0.4992448
0.499245
0.49924487
0.4992448
0.49924535
0.49924505
0.49924487
0.49924487
0.4992453
0.49924475
0.4992448
0.49924517
0.4992453
0.4992451
0.49924487
0.49924523
0.49924523
0.4992448
0.49924535
0.4992451
0.49924505
0.49924517
0.49924523
0.49924487
0.4992451
0.49924523
0.49924523
0.49924493
0.4992451
0.499245
0.49924487
0.49924493
0.49924523
0.4992451
0.49924487
0.49924546
0.49924505
0.4992451
0.4992447
0.49924523
0.49924463
0.4992451
0.49924493
0.49924487
0.49924493
0.49924475
0.499245
0.49924475
0.49924475
0.4992457
0.49924493
0.49924505
0.4992447
0.499245
0.4992451
0.4992451
0.4992451
0.4992451
0.4992451
0.499245
0.49924487
0.499245
0.49924523
0.4992448
0.4992448
0.4992451
0.4992451
0.49924535
0.499245
0.4992453
0.4992448
0.49924517
0.4992451
0.49924475
0.4992451
0.4992451
0.4992451
0.49924546
0.4992451
0.49924487
0.499245
0.49924487
0.49924487
0.49924475
0.499245
0.49924535
0.4992447
0.4992451
0.49924546
0.49924493
0.49924523
0.4992451
0.49924487
0.4992451
0.4992451
0.4992451
0.4992448
0.4992453
0.499245
0.49924505
0.4992453
0.4992451
0.49924523
0.49924463
0.4992451
0.49924487
0.499245
0.499245
0.49924523
0.499245
0.49924463
0.49924517
0.49924535
0.4992447
0.49924546
0.4992451
0.49924487
0.49924475
0.49924487
0.4992451
0.4992451
0.49924487
0.499245
0.4992453
0.49924546
0.49924487
0.499245
0.49924535
0.49924535
0.49924487
0.4992447
0.499245
0.49924415
0.49924517
0.499245
0.49924535
0.49924374
0.499245
0.499245
0.49924487
0.49924487
0.499245
0.499245
0.49924535
0.4992451
0.4992453
0.49924397
0.49924505
0.49924475
0.49924523
0.49924493
0.49924487
0.49924487
0.49924475
0.4992447
0.49924487
0.49924546
0.49924415
0.49924475
0.49924475
0.49924487
0.49924493
0.499245
0.49924505
0.49924475
0.4992448
0.4992451
0.499245
0.49924505
0.49924475
0.49924427
0.49924523
0.49924535
0.49924487
0.49924505
0.49924487
0.4992448
0.49924523
0.4992448
0.499245
0.49924475
0.49924493
0.49924517
0.4992451
0.49924517
0.499245
0.49924505
0.49924487
0.4992451
0.49924487
0.499245
0.49924523
0.49924457
0.4992451
0.499245
0.49924487
0.49924546
0.4992448
0.49924523
0.499245
0.49924487
0.49924487
0.4992451
0.4992457
0.4992447
0.4992451
0.49924618
0.49924535
0.4992451
0.49924517
0.4992453
0.49924487
0.499245
0.49924535
0.49924475
0.499245
0.49924475
0.49924475
0.4992451
0.49924517
0.49924546
0.49924487
0.49924463
0.49924517
0.4992451
0.4992451
0.49924457
0.4992457
0.49924517
0.4992451
0.4992451
0.49924523
0.49924487
0.499245
0.49924487
0.4992451
0.4992451
0.499245
0.49924463
0.499245
0.4992451
0.49924505
0.499245
0.499245
0.49924487
0.49924493
0.4992451
0.49924535
0.49924517
0.4992451
0.49924523
0.49924487
0.4992453
0.49924487
0.49924487
0.49924493
0.4992451
0.4992451
0.49924546
0.49924475
0.49924535
0.4992451
0.499245
0.49924517
0.49924642
0.499245
0.49924487
0.4992447
0.49924535
0.4992453
0.499245
0.49924463
0.49924493
0.49924523
0.49924475
0.49924517
0.49924523
0.4992451
0.49924564
0.49924517
0.49924535
0.49924475
0.4992451
0.49924523
0.499245
0.49924564
0.4992445
0.4992448
0.499245
0.49924523
0.499245
0.49924463
0.49924517
0.49924517
0.49924523
0.49924487
0.49924475
0.499245
0.49924487
0.4992445
0.49924523
0.4992451
0.49924427
0.49924487
0.49924523
0.49924415
0.49924475
0.499245
0.49924493
0.4992451
0.4992448
0.49924487
0.4992451
0.49924487
0.49924713
0.49924535
0.49924523
0.4992451
0.49924523
0.49924535
0.49924535
0.49924475
0.49924445
0.49924487
0.499245
0.49924487
0.49924558
0.49924493
0.49924523
0.49924523
0.49924493
0.4992453
0.499245
0.49924535
0.49924487
0.4992453
0.4992445
0.49924487
0.4992451
0.499245
0.49924523
0.499245
0.49924487
0.49924487
0.49924415
0.49924493
0.499245
0.4992453
0.49924475
0.49924493
0.49924487
0.49924475
0.49924535
0.49924523
0.49924517
0.49924487
0.499245
0.49924493
0.49924487
0.49924475
0.499245
0.49924535
0.49924493
0.49924517
0.49924475
0.4992451
0.49924517
0.49924493
0.49924523
0.49924535
0.499245
0.49924487
0.4992453
0.4992451
0.49924487
0.499245
0.499245
0.49924463
0.49924463
0.49924523
0.49924463
0.49924368
0.499245
0.49924558
0.499245
0.49924517
0.49924487
0.49924475
0.49924487
0.4992451
0.49924523
0.49924487
0.499245
0.4992451
0.49924523
0.49924487
0.49924487
0.499245
0.4992448
0.49924535
0.49924487
0.49924415
0.4992451
0.49924463
0.4992448
0.499245
0.49924487
0.49924523
0.4992451
0.49924475
0.4992451
0.49924475
0.49924523
0.4992447
0.4992451
0.49924493
0.499245
0.4992451
0.4992451
0.49924523
0.4992451
0.49924493
0.49924517
0.4992453
0.49924594
0.4992451
0.49924445
0.49924487
0.49924493
0.49924523
0.49924487
0.49924517
0.4992445
0.4992451
0.4992447
0.49924517
0.49924523
0.4992451
0.49924523
0.4992451
0.49924517
0.4992448
0.49924463
0.49924523
0.49924523
0.49924523
0.49924523
0.499245
0.49924415
0.499245
0.49924523
0.4992451
0.499245
0.49924493
0.49924493
0.49924523
0.499245
0.4992451
0.49924427
0.49924475
0.49924535
0.49924493
0.49924475
0.49924487
0.4992454
0.49924546
0.49924523
0.499245
0.49924487
0.49924463
0.49924505
0.4992451
0.49924487
0.49924523
0.4992451
0.49924523
0.49924475
0.4992451
0.499245
0.4992418
0.49924487
0.499245
0.499245
0.4992451
0.49924493
0.49924487
0.49924523
0.4992445
0.4992451
0.49924535
0.499245
0.49924415
0.4992453
0.4992448
0.499245
0.499245
0.49924487
0.4992448
0.49924487
0.4992453
0.49924523
0.499245
0.4992457
0.49924487
0.49924523
0.4992451
0.49924475
0.4992451
0.49924505
0.49924505
0.499245
0.4992451
0.499245
0.4992451
0.499245
0.4992445
0.4992444
0.4992451
0.49924487
0.4992451
0.49924535
0.49924475
0.4992444
0.499245
0.49924463
0.499245
0.49924475
0.49924487
0.49924493
0.49924517
0.49924487
0.4992447
0.499245
0.4992453
0.49924493
0.499245
0.49924475
0.4992451
0.4992451
0.49924517
0.49924535
0.49924523
0.49924487
0.49924546
0.49924505
0.49924487
0.499245
0.49924475
0.49924523
0.4992453
0.49924487
0.49924487
0.49924475
0.4992451
0.499245
0.4992448
0.4992448
0.4992451
0.49924523
0.49924523
0.49924546
0.499245
0.49924523
0.4992451
0.499245
0.49924535
0.49924475
0.499245
0.4992451
0.49924487
0.4992451
0.49924487
0.49924457
0.49924493
0.49924523
0.49924517
0.49924475
0.49924475
0.49924427
0.49924505
0.4992451
0.49924517
0.4992448
0.49924463
0.499245
0.4992451
0.499245
0.4992451
0.49924493
0.49924457
0.49924475
0.49924535
0.49924457
0.49924487
0.49924517
0.49924505
0.4992451
0.4992451
0.49924535
0.4992451
0.49924523
0.4992451
0.49924487
0.4992448
0.49924493
0.49924475
0.49924475
0.49924535
0.49924487
0.4992445
0.49924505
0.4992451
0.4992444
0.49924487
0.49924517
0.4992444
0.49924523
0.49924523
0.4992451
0.49924493
0.49924535
0.4992451
0.49924546
0.49924535
0.49924523
0.4992451
0.49924535
0.49924517
0.49924517
0.49924463
0.49924487
0.49924487
0.49924475
0.4992447
0.49924523
0.499245
0.49924523
0.49924523
0.49924523
0.4992451
0.49924535
0.49924558
0.49924487
0.49924475
0.4992451
0.49924505
0.49924535
0.4992451
0.499245
0.499245
0.49924487
0.49924523
0.49924475
0.49924463
0.49924487
0.49924487
0.49924535
0.4992451
0.4992451
0.49924535
0.49924475
0.49924487
0.49924523
0.49924487
0.4992451
0.49924505
0.4992444
0.499245
0.49924517
0.4992453
0.4992451
0.49924487
0.49924487
0.49924523
0.49924523
0.4992453
0.49924487
0.49924427
0.4992451
0.49924517
0.49924487
0.49924463
0.49924523
0.49924493
0.49924475
0.4992451
0.49924397
0.49924505
0.49924523
0.49924523
0.499245
0.4992448
0.4992451
0.4992451
0.49924523
0.499245
0.49924535
0.49924487
0.49924475
0.49924517
0.4992448
0.499245
0.49924487
0.499245
0.49924493
0.49924487
0.4992463
0.499245
0.49924475
0.49924475
0.49924523
0.49924487
0.4992451
0.49924487
0.49924517
0.49924523
0.49924523
0.4992451
0.49924493
0.49924487
0.49924517
0.4992451
0.4992451
0.4992451
0.4992451
0.49924493
0.49924523
0.49924523
0.49924427
0.49924475
0.4992445
0.49924457
0.49924523
0.49924475
0.49924487
0.499245
0.49924505
0.49924523
0.49924523
0.49924505
0.49924523
0.49924487
0.4992451
0.4992451
0.49924517
0.49924523
0.49924552
0.49924493
0.4992451
0.4992451
0.499245
0.49924475
0.49924523
0.49924505
0.49924505
0.49924505
0.4992451
0.49924487
0.49924487
0.4992451
0.49924505
0.4992447
0.49924517
0.49924475
0.4992448
0.499245
0.49924487
0.49924457
0.49924535
0.49924517
0.4992454
0.4992447
0.49924535
0.499245
0.4992453
0.4992451
0.49924546
0.499245
0.4992445
0.49924517
0.49924487
0.499245
0.49924487
0.49924523
0.49924475
0.49924487
0.4992451
0.49924505
0.49924487
0.49924535
0.49924487
0.49924535
0.499245
0.49924523
0.499245
0.49924535
0.4992451
0.499245
0.49924505
0.49924523
0.4992451
0.4992451
0.49924552
0.49924535
0.49924517
0.49924487
0.49924392
0.49924487
0.49924546
0.4992451
0.49924463
0.49924475
0.49924523
0.499245
0.4992451
0.49924493
0.49924535
0.49924535
0.499245
0.49924487
0.499245
0.49924487
0.499245
0.49924415
0.49924487
0.49924535
0.49924487
0.499245
0.49924475
0.4992447
0.49924505
0.49924475
0.49924487
0.49924487
0.49924493
0.499245
0.49924493
0.49924493
0.4992451
0.4992451
0.49924493
0.49924475
0.49924493
0.4992451
0.4992453
0.4992451
0.49924475
0.49924487
0.49924475
0.49924445
0.49924487
0.49924523
0.49924493
0.4992451
0.49924523
0.4992451
0.4992448
0.4992451
0.4992451
0.49924523
0.49924523
0.4992451
0.49924505
0.49924487
0.49924487
0.49924523
0.49924487
0.49924523
0.4992453
0.4992451
0.4992451
0.4992448
0.49924523
0.49924517
0.49924517
0.49924463
0.499245
0.49924463
0.4992448
0.4992451
0.49924487
0.49924463
0.49924535
0.4992448
0.49924475
0.49924487
0.49924535
0.4992445
0.499245
0.499245
0.4992451
0.4992444
0.49924517
0.4992445
0.49924523
0.49924517
0.49924487
0.4992451
0.499245
0.49924463
0.4992451
0.49924523
0.49924523
0.49924493
0.49924457
0.49924552
0.4992454
0.4992451
0.49924463
0.49924505
0.49924546
0.4992451
0.4992451
0.4992448
0.4992451
0.49924517
0.49924535
0.49924517
0.49924523
0.4992441
0.4992451
0.49924505
0.4992448
0.49924523
0.49924457
0.49924535
0.49924475
0.49924487
0.49924523
0.49924475
0.49924487
0.49924487
0.4992453
0.49924487
0.49924475
0.49924493
0.49924475
0.4992451
0.49924505
0.499245
0.499245
0.4992447
0.49924505
0.49924487
0.49924475
0.49924523
0.4992451
0.499245
0.49924475
0.4992453
0.49924487
0.4992445
0.49924475
0.4992451
0.49924523
0.4992451
0.49924523
0.49924517
0.4992445
0.4992451
0.49924517
0.49924475
0.499245
0.49924523
0.49924523
0.4992451
0.49924475
0.49924517
0.499245
0.4992451
0.49924505
0.49924487
0.499245
0.49924523
0.49924523
0.4992448
0.49924523
0.4992448
0.499245
0.499245
0.49924546
0.4992453
0.49924487
0.49924505
0.499245
0.4992454
0.49924523
0.49924517
0.49924523
0.4992451
0.49924475
0.49924505
0.49924487
0.49924505
0.49924523
0.4992451
0.4992451
0.49924427
0.4992448
0.4992445
0.499245
0.499245
0.4992451
0.49924463
0.4992454
0.49924487
0.49924487
0.49924487
0.49924475
0.49924523
0.49924517
0.49924493
0.499245
0.49924475
0.49924535
0.4992454
0.4992451
0.49924588
0.49924505
0.4992451
0.49924427
0.49924392
0.4992451
0.499245
0.49924493
0.4992457
0.49924535
0.4992445
0.49924523
0.49924475
0.49924523
0.4992451
0.49924558
0.49924618
0.4992445
0.4992453
0.49924535
0.4992445
0.49924475
0.49924517
0.49924487
0.4992451
0.49924505
0.49924475
0.49924535
0.49924523
0.49924546
0.49924517
0.49924505
0.4992451
0.49924517
0.49924475
0.49924493
0.49924517
0.49924487
0.4992453
0.49924523
0.499245
0.49924493
0.49924505
0.49924523
0.499245
0.4992453
0.49924523
0.49924445
0.4992454
0.499245
0.49924487
0.4992451
0.49924487
0.49924523
0.49924487
0.499245
0.49924493
0.49924517
0.499245
0.4992451
0.49924487
0.49924487
0.4992448
0.4992448
0.49924523
0.4992445
0.49924505
0.499245
0.4992451
0.4992448
0.49924475
0.4992451
0.49924487
0.49924493
0.49924487
0.4992451
0.49924523
0.49924594
0.4992445
0.4992451
0.4992451
0.4992451
0.49924493
0.4992451
0.49924523
0.49924505
0.49924535
0.499245
0.49924457
0.499245
0.49924535
0.49924493
0.499245
0.49924487
0.4992451
0.49924493
0.4992454
0.49924487
0.49924523
0.4992447
0.49924475
0.49924487
0.4992453
0.49924505
0.4992451
0.4992451
0.49924523
0.49924517
0.49924487
0.4992451
0.49924523
0.49924493
0.4992447
0.4992451
0.49924493
0.4992451
0.49924493
0.4992447
0.49924487
0.4992453
0.49924523
0.499245
0.49924517
0.4992451
0.49924552
0.49924487
0.49924535
0.4992451
0.49924505
0.4992451
0.49924487
0.49924493
0.49924475
0.49924487
0.49924523
0.49924463
0.49924505
0.49924505
0.499245
0.4992451
0.49924535
0.4992453
0.49924427
0.4992447
0.4992448
0.49924523
0.49924558
0.4992454
0.49924475
0.49924493
0.499245
0.4992451
0.4992453
0.49924523
0.4992451
0.49924505
0.4992448
0.49924505
0.49924487
0.49924487
0.499245
0.49924535
0.499245
0.49924523
0.499245
0.49924523
0.49924475
0.49924475
0.49924523
0.49924523
0.49924475
0.49924475
0.49924415
0.4992444
0.49924487
0.49924475
0.4992451
0.49924475
0.49924493
0.4992451
0.4992451
0.499245
0.4992447
0.49924415
0.49924487
0.49924487
0.49924427
0.499245
0.49924475
0.49924523
0.49924517
0.4992451
0.49924487
0.499245
0.49924517
0.49924487
0.49924487
0.49924523
0.499245
0.4992451
0.499245
0.49924535
0.499245
0.499245
0.4992451
0.49924535
0.49924493
0.49924493
0.49924487
0.49924463
0.499245
0.49924493
0.4992451
0.499245
0.4992451
0.49924493
0.49924523
0.49924487
0.49924523
0.49924457
0.499245
0.4992447
0.49924475
0.499245
0.49924493
0.499245
0.49924535
0.4992453
0.49924546
0.4992445
0.49924475
0.49924487
0.49924517
0.49924505
0.49924535
0.49924475
0.4992442
0.49924546
0.49924523
0.4992451
0.49924475
0.49924517
0.4992454
0.49924546
0.49924463
0.4992448
0.4992448
0.49924505
0.49924523
0.49924487
0.4992451
0.49924487
0.4992451
0.4992448
0.499245
0.4992451
0.4992451
0.49924523
0.499245
0.49924535
0.49924463
0.49924523
0.4992451
0.49924517
0.49924475
0.49924475
0.4992451
0.499245
0.49924493
0.49924415
0.49924535
0.499245
0.49924523
0.49924463
0.4992453
0.49924475
0.49924535
0.49924493
0.499245
0.49924487
0.499245
0.4992451
0.4992451
0.499245
0.49924487
0.49924535
0.49924475
0.4992451
0.49924457
0.49924517
0.499245
0.4992451
0.49924594
0.49924487
0.499245
0.49924493
0.4992451
0.49924523
0.4992451
0.4992451
0.499245
0.49924523
0.49924523
0.4992451
0.4992451
0.49924535
0.49924493
0.49924475
0.499245
0.4992454
0.49924463
0.49924523
0.49924487
0.49924487
0.499245
0.49924487
0.49924558
0.4992454
0.49924505
0.49924475
0.49924523
0.49924505
0.4992447
0.49924487
0.49924535
0.499245
0.49924493
0.49924523
0.49924487
0.499245
0.49924505
0.4992451
0.49924535
0.4992453
0.49924505
0.4992451
0.49924523
0.49924487
0.49924463
0.499245
0.499245
0.4992451
0.4992444
0.49924505
0.49924517
0.4992454
0.4992453
0.49924517
0.499245
0.49924487
0.499245
0.4992451
0.49924487
0.4992451
0.49924517
0.49924505
0.4992451
0.49924463
0.49924523
0.49924493
0.4992451
0.49924535
0.4992451
0.4992448
0.499245
0.49924487
0.49924523
0.4992451
0.4992451
0.49924487
0.49924558
0.499245
0.4992448
0.49924523
0.49924523
0.49924517
0.49924487
0.49924493
0.49924475
0.49924505
0.4992451
0.49924487
0.49924523
0.49924463
0.4992447
0.49924487
0.49924523
0.4992447
0.4992453
0.49924505
0.49924505
0.4992451
0.49924475
0.49924493
0.4992451
0.499245
0.4992444
0.49924517
0.49924487
0.49924487
0.4992451
0.4992445
0.499245
0.49924517
0.49924475
0.49924487
0.4992451
0.49924517
0.49924546
0.49924535
0.49924505
0.49924517
0.4992451
0.49924517
0.49924487
0.49924487
0.499245
0.4992445
0.49924487
0.49924475
0.49924457
0.49924487
0.4992451
0.499245
0.49924475
0.4992451
0.49924523
0.49924493
0.49924517
0.4992447
0.4992453
0.49924505
0.4992451
0.4992451
0.4992447
0.49924487
0.4992451
0.4992445
0.4992453
0.4992451
0.4992447
0.4992451
0.4992453
0.49924535
0.49924523
0.49924493
0.49924546
0.4992448
0.4992451
0.49924517
0.4992454
0.49924415
0.49924457
0.4992457
0.499245
0.49924505
0.49924487
0.49924523
0.49924505
0.49924427
0.499245
0.49924493
0.4992445
0.49924487
0.4992451
0.499245
0.49924493
0.4992451
0.499245
0.4992448
0.49924523
0.49924463
0.499245
0.49924517
0.49924475
0.49924523
0.49924517
0.49924523
0.4992448
0.49924487
0.4992453
0.49924523
0.49924415
0.49924517
0.49924523
0.49924523
0.49924523
0.49924445
0.49924475
0.49924523
0.4992451
0.49924505
0.49924523
0.49924475
0.4992451
0.49924493
0.49924523
0.49924552
0.49924523
0.49924487
0.49924475
0.49924487
0.4992451
0.49924463
0.49924523
0.4992451
0.49924523
0.49924463
0.499245
0.49924487
0.49924505
0.4992445
0.49924535
0.499245
0.4992451
0.4992448
0.49924487
0.49924493
0.499245
0.49924523
0.4992448
0.4992451
0.49924475
0.49924493
0.49924523
0.49924475
0.49924475
0.4992451
0.49924487
0.49924523
0.4992451
0.4992448
0.49924517
0.49924487
0.49924487
0.49924475
0.49924523
0.499245
0.49924487
0.49924517
0.49924535
0.4992451
0.49924475
0.4992451
0.4992447
0.49924493
0.499245
0.499245
0.49924523
0.49924493
0.49924523
0.4992451
0.49924523
0.49924517
0.49924487
0.49924475
0.49924415
0.49924487
0.4992451
0.49924487
0.499245
0.49924487
0.4992451
0.4992451
0.49924523
0.49924463
0.4992451
0.49924475
0.4992451
0.4992451
0.4992451
0.49924463
0.49924505
0.4992451
0.49924535
0.49924475
0.49924535
0.49924517
0.4992451
0.49924523
0.499245
0.499245
0.49924582
0.4992448
0.49924535
0.4992445
0.49924463
0.49924523
0.49924493
0.4992445
0.49924523
0.49924487
0.499245
0.4992451
0.4992451
0.49924475
0.49924463
0.49924523
0.49924523
0.49924505
0.4992451
0.4992448
0.499245
0.4992451
0.49924606
0.49924523
0.499245
0.49924558
0.49924505
0.49924523
0.49924487
0.4992451
0.49924463
0.4992451
0.49924523
0.4992451
0.4992454
0.4992451
0.49924487
0.49924487
0.49924517
0.4992451
0.49924463
0.49924523
0.4992451
0.49924523
0.49924523
0.49924487
0.49924517
0.49924487
0.499245
0.4992451
0.49924487
0.49924427
0.49924457
0.49924487
0.4992451
0.49924475
0.4992444
0.49924672
0.49924463
0.49924487
0.49924475
0.4992451
0.4992451
0.499245
0.4992451
0.49924523
0.4992447
0.49924523
0.499245
0.499245
0.499245
0.49924487
0.49924475
0.49924487
0.49924475
0.4992451
0.499245
0.4992454
0.4992448
0.4992447
0.4992453
0.49924362
0.49924487
0.49924505
0.4992451
0.4992451
0.499243
0.49924487
0.499245
0.4992451
0.49924493
0.499245
0.499245
0.4992451
0.4992451
0.4992451
0.49924523
0.49924487
0.49924523
0.4992451
0.49924517
0.499245
0.4992451
0.49924487
0.49924505
0.49924487
0.49924487
0.4992451
0.4992451
0.4992451
0.49924487
0.49924517
0.49924505
0.4992451
0.49924517
0.49924433
0.4992451
0.49924463
0.49924523
0.4992451
0.49924535
0.499245
0.4992451
0.4992451
0.4992451
0.49924517
0.4992451
0.4992451
0.499245
0.4992451
0.499245
0.49924552
0.4992451
0.49924523
0.4992451
0.49924523
0.49924493
0.49924475
0.4992451
0.49924523
0.499245
0.4992451
0.4992445
0.499245
0.499245
0.49924535
0.49924493
0.4992448
0.49924487
0.49924535
0.49924517
0.499245
0.49924523
0.49924523
0.49924505
0.499245
0.499245
0.49924535
0.49924535
0.49924493
0.49924475
0.4992438
0.499245
0.4992451
0.49924505
0.49924487
0.49924558
0.49924463
0.49924523
0.499246
0.49924487
0.49924487
0.4992451
0.49924487
0.499245
0.49924487
0.4992451
0.4992457
0.4992451
0.49924517
0.49924505
0.4992451
0.499245
0.4992448
0.49924523
0.49924505
0.49924535
0.49924487
0.49924618
0.49924475
0.4992451
0.49924517
0.4992451
0.49924493
0.4992454
0.49924523
0.4992451
0.4992451
0.49924487
0.49924487
0.4992445
0.499245
0.49924523
0.499245
0.49924457
0.4992448
0.4992448
0.4992451
0.49924463
0.499245
0.49924535
0.49924505
0.49924517
0.49924517
0.4992451
0.499245
0.4992451
0.4992448
0.49924523
0.49924487
0.49924517
0.4992451
0.49924487
0.499245
0.49924535
0.4992451
0.49924487
0.49924463
0.49924535
0.49924523
0.49924535
0.499245
0.49924493
0.4992447
0.49924523
0.49924535
0.49924517
0.49924523
0.49924493
0.49924535
0.4992448
0.499245
0.49924546
0.4992451
0.499245
0.4992448
0.499245
0.499245
0.499245
0.499245
0.4992448
0.4992451
0.4992451
0.49924523
0.49924535
0.49924523
0.49924517
0.49924463
0.49924487
0.49924523
0.4992451
0.4992451
0.4992448
0.4992451
0.499245
0.49924493
0.4992451
0.499245
0.4992451
0.49924493
0.4992453
0.49924475
0.499245
0.4992451
0.49924487
0.49924487
0.49924487
0.4992451
0.4992453
0.49924457
0.4992451
0.49924463
0.4992451
0.49924493
0.4992451
0.49924487
0.49924493
0.49924487
0.4992448
0.49924523
0.499245
0.49924463
0.49924475
0.49924546
0.4992451
0.4992453
0.4992451
0.49924392
0.4992451
0.499245
0.4992454
0.4992451
0.49924523
0.49924523
0.499245
0.499245
0.49924505
0.49924517
0.49924505
0.4992451
0.49924523
0.4992453
0.49924475
0.4992451
0.499245
0.49924505
0.49924523
0.4992451
0.4992448
0.499245
0.4992451
0.49924463
0.49924523
0.49924594
0.49924523
0.4992451
0.49924493
0.4992451
0.49924535
0.49924475
0.49924505
0.49924493
0.49924523
0.49924523
0.499245
0.49924558
0.49924535
0.4992451
0.49924487
0.4992451
0.499245
0.499245
0.4992453
0.4992451
0.49924523
0.499245
0.49924463
0.49924535
0.49924523
0.49924487
0.4992451
0.4992445
0.49924487
0.49924487
0.499245
0.49924463
0.499245
0.4992451
0.49924493
0.4992447
0.49924517
0.49924475
0.49924475
0.49924493
0.49924493
0.4992451
0.499245
0.4992454
0.4992451
0.49924523
0.49924517
0.49924523
0.49924505
0.49924487
0.49924487
0.49924463
0.49924523
0.49924517
0.4992445
0.4992448
0.49924493
0.4992451
0.499245
0.49924523
0.4992451
0.49924636
0.4992444
0.49924487
0.499245
0.4992451
0.49924546
0.49924475
0.49924523
0.4992453
0.49924487
0.4992453
0.49924505
0.49924505
0.4992451
0.4992451
0.49924487
0.49924493
0.49924517
0.49924517
0.49924535
0.4992453
0.4992451
0.4992451
0.49924287
0.49924517
0.49924546
0.49924463
0.4992453
0.49924546
0.4992451
0.4992453
0.499245
0.49924475
0.49924493
0.499245
0.49924535
0.4992444
0.49924517
0.4992451
0.499245
0.49924535
0.49924487
0.49924535
0.49924505
0.49924505
0.49924487
0.49924463
0.499245
0.49924487
0.4992454
0.4992447
0.49924493
0.49924505
0.49924546
0.49924475
0.499245
0.49924493
0.49924523
0.49924517
0.4992451
0.4992451
0.49924535
0.49924487
0.49924475
0.4992451
0.49924505
0.499245
0.49924392
0.49924493
0.49924523
0.49924463
0.49924493
0.49924487
0.49924523
0.49924487
0.4992451
0.4992451
0.4992448
0.49924523
0.49924463
0.4992451
0.4992457
0.4992447
0.499245
0.4992451
0.49924487
0.49924535
0.4992451
0.49924523
0.4992453
0.49924517
0.4992447
0.49924535
0.49924463
0.4992447
0.499245
0.49924445
0.4992451
0.49924475
0.4992451
0.499245
0.49924523
0.4992451
0.49924463
0.49924523
0.499245
0.49924636
0.4992438
0.49924546
0.4992448
0.49924493
0.4992451
0.49924505
0.49924487
0.499245
0.49924517
0.49924493
0.4992454
0.4992451
0.499245
0.49924475
0.49924505
0.49924487
0.499245
0.4992451
0.4992451
0.49924523
0.499245
0.49924487
0.4992451
0.49924505
0.4992453
0.49924523
0.49924546
0.49924505
0.499245
0.49924594
0.4992447
0.4992451
0.49924487
0.49924523
0.49924535
0.49924552
0.49924487
0.49924517
0.499245
0.49924505
0.49924523
0.49924445
0.49924427
0.499245
0.49924505
0.49924475
0.49924523
0.4992451
0.4992448
0.499245
0.49924475
0.49924487
0.4992445
0.49924475
0.4992451
0.49924493
0.49924523
0.49924487
0.49924403
0.49924475
0.49924523
0.4992451
0.4992451
0.49924487
0.49924487
0.49924487
0.4992448
0.49924487
0.49924374
0.49924582
0.49924517
0.49924523
0.49924487
0.49924493
0.49924535
0.4992451
0.499245
0.4992451
0.49924463
0.4992451
0.49924493
0.4992451
0.49924523
0.49924535
0.49924535
0.49924487
0.49924535
0.4992451
0.49924487
0.49924523
0.4992451
0.49924487
0.4992451
0.499245
0.49924257
0.49924517
0.4992448
0.49924475
0.499245
0.49924535
0.4992451
0.49924475
0.4992451
0.4992451
0.49924487
0.499245
0.49924487
0.49924505
0.49924487
0.49924523
0.49924523
0.49924487
0.49924546
0.49924523
0.499245
0.4992445
0.49924523
0.49924487
0.49924475
0.4992451
0.49924487
0.49924535
0.4992454
0.49924523
0.49924356
0.4992454
0.49924523
0.49924523
0.49924505
0.4992451
0.49924415
0.49924445
0.49924505
0.4992451
0.4992451
0.49924546
0.49924505
0.4992451
0.49924487
0.4992448
0.4992447
0.49924493
0.49924523
0.4992454
0.49924475
0.49924493
0.499245
0.4992451
0.49924463
0.4992451
0.49924523
0.499245
0.49924535
0.49924523
0.49924487
0.49924523
0.49924487
0.49924457
0.49924487
0.49924487
0.49924475
0.499245
0.4992451
0.499245
0.49924517
0.49924523
0.49924523
0.49924505
0.499245
0.49924415
0.499245
0.499245
0.49924463
0.49924505
0.49924415
0.4992448
0.49924523
0.499245
0.4992457
0.4992444
0.49924535
0.49924487
0.4992451
0.4992451
0.49924487
0.4992451
0.499245
0.49924475
0.49924475
0.49924493
0.49924535
0.49924517
0.49924463
0.499245
0.49924612
0.49924523
0.4992451
0.4992451
0.4992453
0.49924487
0.49924618
0.49924523
0.49924523
0.49924523
0.49924523
0.49924457
0.49924517
0.49924475
0.49924487
0.49924493
0.49924445
0.49924523
0.49924463
0.4992451
0.4992451
0.499245
0.49924493
0.4992447
0.49924535
0.4992451
0.49924487
0.49924505
0.49924517
0.49924618
0.4992451
0.49924475
0.49924535
0.49924487
0.49924487
0.49924463
0.49924535
0.4992451
0.49924546
0.4992457
0.49924523
0.49924535
0.49924523
0.49924505
0.49924487
0.49924487
0.499245
0.4992451
0.4992451
0.499245
0.4992451
0.49924523
0.49924487
0.499245
0.49924475
0.49924523
0.4992451
0.4992448
0.49924546
0.499245
0.49924487
0.49924487
0.4992453
0.4992448
0.49924463
0.49924487
0.4992451
0.49924445
0.49924487
0.49924535
0.49924505
0.49924535
0.4992444
0.49924523
0.49924523
0.49924535
0.49924523
0.49924493
0.49924487
0.49924475
0.49924517
0.49924505
0.49924487
0.49924558
0.4992453
0.499245
0.49924523
0.4992448
0.49924463
0.4992451
0.49924523
0.499245
0.49924457
0.4992451
0.499245
0.49924487
0.49924523
0.49924493
0.499245
0.49924535
0.4992451
0.49924517
0.49924493
0.49924487
0.4992451
0.49924487
0.49924487
0.49924523
0.49924523
0.49924344
0.49924523
0.49924487
0.49924505
0.49924415
0.4992451
0.499245
0.499245
0.49924487
0.49924487
0.4992454
0.49924517
0.49924505
0.4992451
0.49924487
0.4992451
0.49924523
0.4992444
0.4992448
0.49924487
0.49924517
0.49924487
0.499245
0.49924517
0.49924535
0.49924475
0.49924475
0.4992451
0.4992451
0.4992451
0.499245
0.49924487
0.49924523
0.4992451
0.49924493
0.4992448
0.4992451
0.49924475
0.49924523
0.49924487
0.4992451
0.49924475
0.49924392
0.49924523
0.49924487
0.4992453
0.49924552
0.49924487
0.49924523
0.4992453
0.49924505
0.49924523
0.4992451
0.49924487
0.49924523
0.499245
0.49924523
0.4992447
0.49924493
0.4992451
0.4992453
0.49924523
0.4992453
0.4992454
0.49924475
0.4992451
0.499245
0.49924427
0.499245
0.49924475
0.49924493
0.49924487
0.49924552
0.49924475
0.49924445
0.49924487
0.49924517
0.49924505
0.4992451
0.4992451
0.49924517
0.4992453
0.49924523
0.49924535
0.4992451
0.49924463
0.49924475
0.4992445
0.49924493
0.4992451
0.4992451
0.49924505
0.49924523
0.499245
0.49924487
0.499245
0.4992447
0.49924535
0.49924493
0.49924463
0.4992448
0.4992453
0.499245
0.49924535
0.49924487
0.49924463
0.4992451
0.49924487
0.4992451
0.49924517
0.49924546
0.49924535
0.49924463
0.49924487
0.499245
0.49924487
0.49924505
0.4992451
0.4992453
0.4992453
0.49924523
0.49924517
0.499245
0.49924505
0.499245
0.4992451
0.4992451
0.49924523
0.49924493
0.499245
0.49924546
0.4992448
0.49924493
0.499245
0.49924487
0.49924517
0.49924523
0.4992453
0.499245
0.49924487
0.4992451
0.4992444
0.49924493
0.49924487
0.49924535
0.49924445
0.49924523
0.4992451
0.49924535
0.49924228
0.49924487
0.4992451
0.4992447
0.4992451
0.4992451
0.4992451
0.4992451
0.49924493
0.49924475
0.49924487
0.49924487
0.49924523
0.4992451
0.49924475
0.49924487
0.4992453
0.49924517
0.4992451
0.49924517
0.49924487
0.49924523
0.49924505
0.49924487
0.49924487
0.49924487
0.49924487
0.4992445
0.49924517
0.49924487
0.49924487
0.49924487
0.499245
0.49924535
0.49924487
0.49924523
0.4992451
0.4992451
0.49924517
0.49924463
0.499245
0.49924487
0.49924517
0.4992454
0.49924403
0.49924546
0.49924463
0.49924535
0.4992445
0.49924505
0.49924523
0.49924463
0.499245
0.49924523
0.49924517
0.49924487
0.499245
0.49924523
0.4992451
0.4992451
0.499245
0.49924403
0.499245
0.49924487
0.4992454
0.4992453
0.49924523
0.49924457
0.499245
0.49924523
0.49924487
0.49924546
0.4992454
0.4992451
0.49924523
0.4992447
0.4992448
0.49924523
0.4992451
0.49924475
0.49924487
0.49924487
0.49924505
0.49924523
0.4992451
0.499245
0.49924487
0.49924463
0.49924505
0.4992451
0.4992451
0.499245
0.49924535
0.49924487
0.49924505
0.499245
0.49924523
0.49924546
0.49924523
0.49924493
0.49924493
0.499245
0.499245
0.4992447
0.49924475
0.4992451
0.49924487
0.49924475
0.49924457
0.49924487
0.49924535
0.4992451
0.49924523
0.49924475
0.49924463
0.499245
0.4992445
0.49924523
0.4992447
0.4992451
0.49924487
0.49924523
0.49924505
0.49924523
0.4992451
0.49924493
0.49924475
0.49924505
0.49924487
0.49924475
0.4992451
0.49924535
0.499245
0.49924463
0.49924475
0.499245
0.49924523
0.49924487
0.49924517
0.499245
0.4992451
0.49924475
0.4992448
0.499245
0.49924594
0.4992454
0.4992447
0.49924493
0.499245
0.49924463
0.499245
0.49924445
0.49924475
0.49924475
0.49924463
0.49924487
0.4992451
0.49924487
0.4992451
0.4992451
0.49924517
0.49924517
0.4992448
0.49924475
0.49924463
0.49924475
0.49924493
0.4992451
0.4992451
0.49924487
0.49924403
0.4992447
0.49924457
0.4992448
0.4992451
0.49924523
0.49924493
0.49924427
0.4992454
0.499245
0.49924505
0.4992451
0.499245
0.49924505
0.4992445
0.49924552
0.49924332
0.4992451
0.4992451
0.499245
0.4992451
0.49924523
0.499245
0.49924463
0.49924487
0.49924523
0.49924523
0.499245
0.49924493
0.499245
0.4992451
0.499245
0.4992445
0.49924475
0.499245
0.49924618
0.49924523
0.4992451
0.49924523
0.49924487
0.49924433
0.49924487
0.49924582
0.49924475
0.49924523
0.49924552
0.49924493
0.49924517
0.49924523
0.4992451
0.49924493
0.49924523
0.4992451
0.49924487
0.49924523
0.49924517
0.4992451
0.499245
0.499245
0.49924463
0.49924493
0.4992425
0.49924487
0.49924582
0.4992451
0.4992451
0.49924517
0.49924487
0.4992451
0.499245
0.49924523
0.499245
0.49924487
0.49924535
0.49924505
0.499245
0.4992448
0.49924523
0.49924493
0.49924523
0.49924493
0.4992448
0.499245
0.4992451
0.49924517
0.4992445
0.49924487
0.4992444
0.4992448
0.49924517
0.4992448
0.4992451
0.49924523
0.499245
0.49924487
0.49924493
0.49924523
0.4992451
0.49924457
0.499245
0.4992453
0.49924517
0.49924505
0.4992451
0.49924523
0.499245
0.49924523
0.499245
0.49924523
0.49924493
0.49924487
0.49924493
0.499245
0.4992451
0.499245
0.4992453
0.49924493
0.4992451
0.49924564
0.49924535
0.49924475
0.4992451
0.49924523
0.49924475
0.4992453
0.499245
0.49924463
0.49924535
0.49924546
0.4992451
0.4992445
0.49924487
0.49924552
0.499245
0.4992447
0.49924546
0.4992445
0.4992457
0.49924493
0.49924523
0.4992448
0.49924487
0.49924523
0.49924523
0.4992451
0.49924505
0.49924475
0.4992448
0.49924523
0.4992451
0.499245
0.499245
0.4992448
0.4992451
0.49924505
0.4992451
0.49924487
0.4992451
0.499245
0.4992451
0.4992451
0.49924475
0.4992444
0.49924487
0.4992453
0.4992445
0.49924487
0.4992454
0.49924475
0.49924618
0.4992451
0.4992451
0.4992453
0.49924535
0.49924475
0.4992451
0.49924546
0.4992448
0.49924523
0.4992451
0.49924588
0.499245
0.49924517
0.4992445
0.4992451
0.49924487
0.499245
0.499245
0.4992451
0.4992451
0.4992451
0.49924493
0.4992445
0.49924427
0.49924505
0.49924517
0.49924427
0.49924475
0.49924493
0.4992451
0.49924487
0.499245
0.49924493
0.49924475
0.499245
0.49924523
0.4992447
0.49924487
0.49924487
0.49924505
0.49924487
0.49924487
0.49924493
0.499245
0.4992445
0.49924505
0.4992453
0.49924517
0.499245
0.4992451
0.499245
0.49924517
0.49924487
0.49924546
0.4992451
0.49924505
0.49924517
0.49924523
0.499245
0.49924517
0.499245
0.49924487
0.4992454
0.49924475
0.49924487
0.49924487
0.4992451
0.49924487
0.4992447
0.49924487
0.499245
0.4992451
0.4992448
0.49924523
0.49924463
0.49924546
0.4992451
0.49924523
0.49924493
0.49924523
0.4992451
0.49924505
0.4992451
0.49924517
0.49924493
0.499245
0.49924487
0.499245
0.499245
0.49924487
0.49924505
0.49924558
0.499245
0.49924505
0.49924505
0.49924493
0.49924523
0.499245
0.49924523
0.49924523
0.49924523
0.4992451
0.499245
0.49924523
0.49924487
0.49924475
0.4992453
0.4992451
0.49924505
0.49924517
0.49924517
0.49924487
0.49924475
0.49924397
0.49924487
0.499245
0.49924505
0.49924475
0.49924523
0.49924505
0.49924535
0.49924523
0.499245
0.49924487
0.49924535
0.4992451
0.49924523
0.499245
0.49924535
0.499245
0.49924475
0.4992451
0.4992451
0.49924487
0.4992448
0.49924487
0.499245
0.4992453
0.49924535
0.499245
0.49924523
0.49924475
0.49924523
0.49924505
0.4992448
0.49924523
0.49924523
0.49924535
0.49924552
0.499245
0.49924505
0.49924523
0.49924505
0.49924463
0.49924493
0.4992447
0.49924487
0.4992451
0.49924475
0.4992451
0.49924487
0.49924463
0.49924487
0.49924475
0.49924523
0.49924487
0.499245
0.4992454
0.499245
0.49924463
0.49924493
0.49924523
0.49924475
0.49924523
0.49924463
0.49924523
0.4992448
0.4992444
0.49924493
0.4992451
0.499245
0.4992451
0.4992451
0.49924505
0.499245
0.4992451
0.49924475
0.49924523
0.49924475
0.49924535
0.49924487
0.49924523
0.49924523
0.4992445
0.49924487
0.499245
0.49924487
0.49924523
0.49924475
0.49924487
0.49924546
0.4992448
0.49924487
0.499245
0.49924463
0.49924535
0.49924523
0.4992453
0.49924523
0.49924487
0.49924546
0.49924475
0.49924523
0.4992447
0.4992451
0.49924275
0.49924535
0.499245
0.49924517
0.499245
0.4992448
0.4992451
0.49924493
0.49924535
0.49924475
0.49924457
0.499245
0.49924535
0.4992447
0.499245
0.499245
0.4992451
0.4992447
0.4992451
0.49924523
0.499245
0.49924433
0.49924546
0.49924487
0.49924475
0.4992454
0.49924487
0.499245
0.499245
0.49924523
0.49924535
0.4992453
0.49924505
0.4992451
0.49924535
0.49924487
0.4992453
0.49924523
0.49924535
0.49924487
0.499245
0.49924523
0.49924523
0.49924505
0.49924493
0.4992444
0.49924493
0.49924517
0.4992451
0.499245
0.4992451
0.49924493
0.49924546
0.49924505
0.49924582
0.49924552
0.49924523
0.49924505
0.4992451
0.4992451
0.4992451
0.4992447
0.49924523
0.49924463
0.49924487
0.49924487
0.4992451
0.49924523
0.49924463
0.499245
0.49924523
0.49924487
0.499245
0.49924475
0.4992447
0.4992453
0.49924463
0.49924535
0.49924535
0.49924457
0.49924535
0.4992448
0.4992451
0.49924493
0.49924487
0.499245
0.49924475
0.49924475
0.49924487
0.499245
0.499245
0.49924493
0.49924487
0.49924493
0.49924475
0.4992454
0.4992448
0.4992453
0.49924463
0.499245
0.4992448
0.4992448
0.49924546
0.4992451
0.49924475
0.49924493
0.49924558
0.49924523
0.49924517
0.49924487
0.49924523
0.4992445
0.49924523
0.4992451
0.4992448
0.499245
0.499245
0.49924487
0.4992447
0.499245
0.49924523
0.49924505
0.4992444
0.49924546
0.49924594
0.499245
0.49924517
0.499245
0.499245
0.49924546
0.4992451
0.49924475
0.4992451
0.49924517
0.49924535
0.499245
0.49924517
0.49924487
0.499245
0.49924523
0.49924523
0.49924517
0.49924487
0.499245
0.49924523
0.49924475
0.4992454
0.4992451
0.49924523
0.49924517
0.49924427
0.49924517
0.499245
0.49924487
0.49924475
0.499245
0.499245
0.4992451
0.49924523
0.4992451
0.4992448
0.49924487
0.499245
0.499245
0.49924523
0.49924523
0.49924505
0.49924457
0.499245
0.49924493
0.49924523
0.4992453
0.49924475
0.4992448
0.49924535
0.4992451
0.49924487
0.49924475
0.49924535
0.49924487
0.499245
0.49924475
0.49924487
0.4992451
0.49924594
0.49924505
0.4992451
0.49924475
0.4992451
0.4992447
0.49924487
0.49924517
0.49924517
0.499245
0.49924493
0.49924505
0.49924517
0.4992451
0.49924487
0.4992451
0.4992448
0.49924546
0.49924487
0.4992451
0.49924487
0.49924517
0.49924523
0.49924463
0.4992451
0.49924475
0.49924493
0.49924523
0.4992451
0.4992451
0.49924505
0.4992451
0.499245
0.49924523
0.4992451
0.49924517
0.49924487
0.49924523
0.4992453
0.4992448
0.49924475
0.49924523
0.49924487
0.4992451
0.49924576
0.49924535
0.49924487
0.49924505
0.4992451
0.49924487
0.49924582
0.49924487
0.49924523
0.49924564
0.4992448
0.49924487
0.49924487
0.4992451
0.49924475
0.49924546
0.49924523
0.4992451
0.4992451
0.49924487
0.49924463
0.49924475
0.49924505
0.49924666
0.49924475
0.4992448
0.49924505
0.4992451
0.49924493
0.499245
0.499245
0.4992445
0.49924487
0.49924546
0.4992451
0.49924558
0.49924523
0.49924487
0.49924493
0.49924606
0.49924493
0.4992451
0.49924523
0.49924505
0.49924523
0.49924523
0.49924487
0.49924487
0.499245
0.49924487
0.49924487
0.49924487
0.49924505
0.49924523
0.49924517
0.49924523
0.49924475
0.49924493
0.49924463
0.49924523
0.4992451
0.49924523
0.4992451
0.499245
0.49924487
0.49924475
0.49924523
0.49924535
0.49924457
0.49924493
0.49924523
0.49924523
0.4992451
0.49924523
0.49924475
0.499245
0.49924493
0.49924487
0.499245
0.4992451
0.49924535
0.4992454
0.49924523
0.49924487
0.49924487
0.49924535
0.49924493
0.499245
0.49924463
0.49924487
0.4992447
0.49924487
0.49924487
0.49924523
0.49924403
0.49924517
0.49924487
0.499245
0.49924433
0.4992451
0.4992451
0.49924535
0.49924535
0.499245
0.49924475
0.4992447
0.49924368
0.49924523
0.49924487
0.49924487
0.49924523
0.499245
0.4992453
0.49924523
0.4992451
0.49924475
0.4992448
0.49924475
0.4992453
0.49924427
0.4992451
0.4992448
0.49924523
0.49924523
0.49924517
0.49924523
0.49924427
0.49924493
0.49924475
0.4992451
0.4992451
0.49924523
0.49924475
0.49924493
0.49924523
0.4992448
0.499245
0.49924487
0.499245
0.49924487
0.49924463
0.49924505
0.49924523
0.49924523
0.499245
0.49924475
0.49924487
0.49924487
0.49924523
0.49924487
0.49924505
0.4992447
0.499245
0.49924546
0.49924475
0.49924493
0.4992451
0.49924487
0.4992451
0.4992451
0.49924517
0.4992451
0.4992451
0.49924505
0.49924487
0.49924535
0.4992454
0.49924523
0.49924523
0.499245
0.49924475
0.49924523
0.49924523
0.49924463
0.4992445
0.4992451
0.49924487
0.49924493
0.4992453
0.49924493
0.499245
0.49924487
0.499245
0.49924517
0.499245
0.4992451
0.499245
0.49924523
0.49924505
0.49924564
0.49924487
0.49924535
0.49924493
0.49924487
0.49924523
0.49924487
0.49924487
0.49924487
0.49924523
0.499245
0.4992451
0.4992451
0.4992453
0.49924517
0.4992445
0.49924517
0.49924487
0.49924487
0.4992451
0.4992451
0.49924493
0.49924582
0.4992453
0.49924535
0.49924475
0.4992451
0.49924523
0.4992447
0.49924487
0.49924505
0.49924457
0.49924487
0.4992451
0.49924535
0.49924475
0.4992453
0.4992451
0.499245
0.4992448
0.499245
0.4992451
0.49924493
0.4992445
0.4992445
0.49924523
0.49924552
0.49924535
0.4992453
0.49924523
0.4992451
0.49924475
0.499245
0.49924523
0.49924517
0.4992448
0.49924517
0.499245
0.499245
0.4992453
0.4992451
0.4992451
0.49924535
0.4992451
0.499245
0.49924487
0.49924487
0.4992451
0.49924457
0.49924487
0.49924523
0.49924493
0.4992451
0.4992451
0.4992451
0.4992447
0.49924457
0.49924523
0.49924535
0.49924505
0.49924475
0.4992453
0.4992451
0.4992448
0.49924523
0.49924493
0.49924487
0.49924487
0.499245
0.49924505
0.49924493
0.49924493
0.4992451
0.49924558
0.499245
0.49924523
0.49924487
0.4992451
0.4992451
0.4992451
0.49924487
0.49924535
0.499245
0.4992451
0.4992451
0.499245
0.49924475
0.4992451
0.49924523
0.499245
0.49924517
0.49924523
0.49924517
0.49924493
0.4992451
0.49924487
0.49924505
0.49924475
0.49924475
0.49924493
0.49924475
0.49924487
0.499245
0.4992451
0.49924523
0.49924523
0.49924505
0.49924505
0.499245
0.49924517
0.499245
0.49924475
0.49924535
0.49924523
0.4992451
0.49924523
0.49924546
0.4992453
0.499245
0.4992451
0.4992438
0.49924535
0.499245
0.49924487
0.49924475
0.49924517
0.4992451
0.49924523
0.49924517
0.49924523
0.49924487
0.499245
0.49924475
0.49924535
0.49924505
0.4992451
0.49924505
0.49924493
0.49924523
0.4992448
0.49924523
0.49924487
0.49924487
0.49924517
0.49924535
0.499245
0.499245
0.49924493
0.49924535
0.49924475
0.49924463
0.49924535
0.499245
0.4992451
0.49924517
0.4992454
0.4992451
0.49924487
0.49924487
0.49924487
0.49924475
0.49924487
0.49924523
0.49924523
0.4992451
0.4992451
0.4992451
0.499245
0.49924505
0.49924287
0.4992451
0.49924487
0.49924403
0.49924505
0.49924493
0.4992451
0.49924487
0.49924493
0.49924517
0.49924523
0.49924523
0.49924487
0.49924523
0.49924463
0.49924523
0.49924487
0.4992451
0.49924517
0.499245
0.4992451
0.49924517
0.4992451
0.49924535
0.49924493
0.4992453
0.4992453
0.49924475
0.499245
0.4992454
0.49924523
0.49924463
0.49924493
0.49924552
0.49924517
0.4992453
0.4992451
0.4992451
0.49924523
0.4992451
0.4992448
0.49924523
0.4992451
0.49924487
0.49924594
0.4992451
0.49924535
0.49924475
0.49924487
0.49924523
0.49924523
0.49924332
0.499245
0.4992451
0.49924427
0.499245
0.49924523
0.4992454
0.49924487
0.49924463
0.49924487
0.49924523
0.49924594
0.4992445
0.4992451
0.49924505
0.49924523
0.4992451
0.49924523
0.499245
0.4992448
0.4992448
0.49924475
0.4992451
0.49924475
0.49924558
0.49924523
0.49924475
0.49924493
0.49924535
0.49924493
0.499245
0.499245
0.4992451
0.4992451
0.499245
0.4992448
0.499245
0.4992451
0.49924487
0.49924535
0.4992441
0.49924487
0.49924535
0.4992451
0.49924517
0.49924523
0.49924523
0.49924523
0.49924463
0.499245
0.499245
0.4992451
0.4992451
0.4992448
0.49924523
0.49924493
0.499245
0.4992451
0.4992451
0.4992451
0.49924505
0.49924546
0.4992448
0.49924552
0.49924463
0.49924505
0.49924523
0.4992451
0.49924487
0.49924487
0.49924535
0.49924505
0.49924523
0.49924535
0.49924505
0.49924487
0.49924523
0.4992454
0.49924523
0.499245
0.49924523
0.49924505
0.4992451
0.49924487
0.49924523
0.49924523
0.4992451
0.4992447
0.49924505
0.49924517
0.49924487
0.4992453
0.49924487
0.49924535
0.4992451
0.499245
0.499245
0.49924523
0.49924338
0.4992451
0.499245
0.49924505
0.4992445
0.49924427
0.49924475
0.49924463
0.49924493
0.4992451
0.49924427
0.4992451
0.49924505
0.4992451
0.499245
0.499245
0.4992447
0.4992451
0.4992447
0.49924535
0.499245
0.499245
0.4992451
0.49924487
0.4992453
0.49924487
0.49924493
0.499245
0.4992448
0.49924535
0.49924487
0.4992445
0.4992451
0.49924523
0.499245
0.49924558
0.4992451
0.49924487
0.499245
0.4992448
0.49924523
0.4992445
0.4992442
0.4992451
0.4992444
0.4992451
0.49924523
0.49924463
0.49924523
0.4992451
0.49924392
0.49924487
0.49924445
0.4992445
0.499245
0.49924535
0.499245
0.49924523
0.4992445
0.49924517
0.49924582
0.49924493
0.49924487
0.49924463
0.49924606
0.49924523
0.49924535
0.4992448
0.4992444
0.4992454
0.49924523
0.4992448
0.49924487
0.49924487
0.4992451
0.49924487
0.49924517
0.49924535
0.4992454
0.4992451
0.49924523
0.4992454
0.499245
0.4992451
0.4992451
0.49924535
0.49924546
0.4992451
0.49924475
0.49924523
0.49924487
0.49924535
0.499245
0.49924475
0.49924523
0.49924505
0.4992451
0.49924523
0.49924517
0.4992451
0.4992451
0.4992453
0.49924433
0.49924475
0.49924487
0.499245
0.499245
0.49924463
0.4992451
0.49924558
0.49924523
0.4992451
0.49924493
0.49924517
0.49924487
0.49924487
0.4992457
0.49924523
0.499245
0.49924523
0.49924493
0.49924487
0.49924487
0.49924523
0.49924475
0.4992444
0.49924487
0.49924493
0.49924487
0.4992448
0.4992447
0.4992451
0.49924463
0.49924493
0.49924487
0.49924535
0.49924475
0.4992451
0.4992451
0.499245
0.4992451
0.4992454
0.49924493
0.49924487
0.49924487
0.49924535
0.4992451
0.4992447
0.49924475
0.49924487
0.49924505
0.499245
0.49924487
0.49924475
0.4992448
0.49924552
0.49924523
0.4992451
0.4992453
0.49924463
0.49924493
0.49924487
0.49924487
0.49924475
0.4992451
0.49924517
0.49924523
0.49924487
0.49924517
0.499245
0.4992451
0.499245
0.4992451
0.49924505
0.49924564
0.499245
0.499245
0.4992457
0.49924517
0.49924523
0.4992448
0.49924445
0.4992451
0.49924535
0.49924487
0.49924517
0.49924475
0.49924535
0.4992448
0.499245
0.49924487
0.49924475
0.49924535
0.49924475
0.49924505
0.4992451
0.499245
0.499245
0.4992451
0.4992448
0.49924487
0.499245
0.49924487
0.49924535
0.49924535
0.4992451
0.4992451
0.499245
0.49924558
0.49924487
0.499245
0.499245
0.49924475
0.4992451
0.4992445
0.49924475
0.4992451
0.49924535
0.49924487
0.49924487
0.49924415
0.4992451
0.4992445
0.4992453
0.49924505
0.4992451
0.49924535
0.4992453
0.49924493
0.49924487
0.49924558
0.499245
0.4992448
0.49924475
0.49924475
0.499245
0.49924487
0.4992448
0.49924487
0.4992451
0.499245
0.49924457
0.49924523
0.49924535
0.49924523
0.49924535
0.499245
0.49924517
0.4992453
0.499245
0.4992451
0.49924523
0.49924523
0.4992451
0.4992451
0.49924564
0.499245
0.49924463
0.49924505
0.49924546
0.49924487
0.49924487
0.4992451
0.49924535
0.49924517
0.49924523
0.49924493
0.49924505
0.499245
0.4992451
0.499245
0.4992451
0.49924487
0.49924445
0.4992451
0.49924475
0.4992451
0.49924517
0.49924517
0.49924487
0.4992451
0.4992451
0.49924487
0.49924517
0.49924493
0.4992451
0.4992448
0.49924487
0.499245
0.49924463
0.49924552
0.49924546
0.49924535
0.49924523
0.49924487
0.499245
0.49924517
0.49924523
0.49924523
0.49924493
0.49924493
0.4992453
0.49924535
0.49924463
0.49924535
0.4992451
0.4992447
0.49924493
0.49924523
0.49924487
0.49924487
0.49924487
0.49924523
0.49924505
0.4992451
0.499245
0.49924523
0.49924517
0.4992448
0.49924535
0.499245
0.499245
0.49924463
0.4992451
0.4992453
0.49924487
0.499245
0.4992451
0.49924517
0.49924523
0.4992451
0.49924523
0.49924523
0.49924523
0.49924487
0.49924535
0.49924517
0.499245
0.4992451
0.499245
0.49924546
0.4992451
0.49924493
0.49924386
0.49924427
0.49924505
0.4992438
0.4992451
0.4992447
0.499245
0.49924505
0.49924517
0.499245
0.49924487
0.49924523
0.4992451
0.49924535
0.4992447
0.49924523
0.49924475
0.4992453
0.4992453
0.49924487
0.49924523
0.4992448
0.499245
0.49924475
0.499245
0.49924505
0.499245
0.4992445
0.49924558
0.499245
0.49924505
0.49924535
0.49924463
0.49924475
0.49924523
0.4992453
0.499245
0.49924517
0.49924505
0.4992444
0.49924505
0.49924523
0.499245
0.49924493
0.49924487
0.49924505
0.49924523
0.4992447
0.4992451
0.499245
0.49924475
0.49924427
0.49924523
0.49924523
0.4992448
0.49924487
0.4992451
0.4992451
0.49924493
0.49924487
0.49924487
0.49924487
0.49924505
0.49924523
0.4992451
0.49924523
0.49924535
0.4992451
0.49924523
0.4992451
0.49924535
0.499245
0.49924523
0.49924505
0.499245
0.49924475
0.49924475
0.499245
0.49924523
0.49924517
0.49924523
0.49924523
0.49924523
0.49924493
0.49924535
0.49924517
0.49924475
0.49924493
0.49924427
0.499245
0.4992451
0.49924487
0.49924427
0.49924457
0.4992451
0.49924523
0.499245
0.49924487
0.49924344
0.49924493
0.499245
0.499245
0.49924523
0.49924403
0.49924523
0.4992451
0.49924475
0.49924487
0.49924487
0.4992451
0.49924493
0.499245
0.49924523
0.4992451
0.4992448
0.49924475
0.49924487
0.49924535
0.499245
0.49924505
0.49924523
0.49924523
0.499245
0.4992448
0.49924505
0.49924505
0.49924487
0.4992451
0.499245
0.49924523
0.49924457
0.49924517
0.4992451
0.49924517
0.49924523
0.49924445
0.49924523
0.4992451
0.49924505
0.49924523
0.49924487
0.49924517
0.49924523
0.49924523
0.49924535
0.4992451
0.4992451
0.4992451
0.49924523
0.49924493
0.499245
0.49924535
0.4992451
0.49924475
0.49924523
0.49924487
0.4992451
0.49924463
0.4992451
0.49924475
0.49924517
0.49924475
0.49924564
0.4992451
0.49924535
0.4992451
0.4992448
0.49924487
0.49924523
0.49924535
0.499245
0.4992448
0.49924523
0.49924523
0.499245
0.49924505
0.49924505
0.4992451
0.49924487
0.49924523
0.4992451
0.49924523
0.49924487
0.49924475
0.49924487
0.4992444
0.4992447
0.49924517
0.49924523
0.49924475
0.49924445
0.49924523
0.49924505
0.49924487
0.49924475
0.49924523
0.499245
0.49924487
0.49924517
0.49924505
0.49924475
0.4992453
0.4992451
0.4992451
0.499245
0.49924523
0.49924487
0.4992451
0.49924457
0.4992451
0.49924505
0.49924445
0.49924523
0.4992451
0.49924463
0.4992448
0.4992444
0.4992451
0.49924487
0.4992451
0.49924493
0.49924487
0.49924475
0.4992453
0.49924475
0.49924487
0.49924558
0.49924487
0.4992448
0.49924493
0.499245
0.49924523
0.49924523
0.4992453
0.49924523
0.499245
0.49924487
0.4992447
0.4992448
0.4992451
0.49924475
0.49924558
0.4992451
0.499245
0.49924523
0.49924487
0.49924523
0.49924505
0.49924493
0.499245
0.499245
0.49924487
0.4992451
0.499245
0.49924487
0.4992454
0.49924487
0.499245
0.49924505
0.499245
0.49924523
0.499245
0.4992451
0.4992451
0.49924487
0.49924487
0.4992451
0.499245
0.49924552
0.4992448
0.49924535
0.49924475
0.49924505
0.49924535
0.49924517
0.4992448
0.49924487
0.49924463
0.49924487
0.499245
0.49924463
0.49924523
0.4992448
0.4992451
0.4992451
0.49924552
0.49924475
0.49924535
0.49924487
0.499245
0.4992453
0.4992451
0.4992451
0.49924487
0.49924517
0.49924523
0.49924493
0.499245
0.4992451
0.49924546
0.49924463
0.49924517
0.49924445
0.4992448
0.49924475
0.49924457
0.49924523
0.49924546
0.4992447
0.49924523
0.499245
0.4992451
0.4992453
0.49924546
0.49924487
0.49924523
0.49924535
0.49924535
0.499245
0.49924523
0.499245
0.49924523
0.49924493
0.49924493
0.49924487
0.49924493
0.4992453
0.4992445
0.49924523
0.4992453
0.49924475
0.499245
0.49924523
0.49924487
0.4992444
0.49924552
0.49924517
0.49924517
0.49924517
0.4992454
0.49924523
0.49924475
0.49924517
0.49924523
0.499245
0.49924475
0.49924523
0.4992451
0.49924493
0.49924523
0.4992448
0.49924517
0.4992448
0.4992448
0.499245
0.499245
0.49924487
0.499245
0.4992451
0.49924368
0.49924523
0.49924505
0.49924517
0.4992451
0.49924487
0.49924523
0.49924487
0.4992451
0.49924535
0.49924445
0.49924523
0.49924427
0.4992451
0.49924475
0.499245
0.49924487
0.49924505
0.49924463
0.49924475
0.49924493
0.4992451
0.49924505
0.4992451
0.4992451
0.4992451
0.4992451
0.4992451
0.499245
0.49924523
0.4992451
0.49924487
0.49924517
0.499245
0.4992453
0.49924463
0.499245
0.49924487
0.4992451
0.49924487
0.4992431
0.49924493
0.49924475
0.49924344
0.499245
0.49924487
0.49924523
0.49924552
0.49924487
0.49924433
0.49924487
0.49924433
0.4992451
0.49924487
0.49924475
0.49924487
0.499245
0.4992451
0.499245
0.4992451
0.49924552
0.49924493
0.499245
0.49924523
0.49924523
0.49924505
0.4992451
0.4992444
0.49924517
0.49924535
0.49924517
0.49924487
0.49924535
0.49924523
0.49924523
0.49924523
0.49924493
0.49924523
0.4992451
0.49924505
0.49924535
0.49924523
0.4992451
0.49924493
0.4992451
0.49924487
0.49924487
0.4992451
0.49924546
0.499245
0.499245
0.49924487
0.49924523
0.49924487
0.49924523
0.49924523
0.49924564
0.49924475
0.49924487
0.499245
0.49924523
0.49924475
0.49924475
0.49924535
0.499245
0.49924505
0.49924475
0.4992451
0.4992445
0.4992453
0.4992444
0.49924463
0.49924487
0.49924505
0.49924344
0.49924487
0.49924523
0.499245
0.499245
0.49924517
0.49924517
0.49924523
0.49924487
0.4992451
0.4992451
0.4992451
0.499245
0.49924523
0.49924493
0.499245
0.4992451
0.49924493
0.49924517
0.49924523
0.4992448
0.4992451
0.49924535
0.4992445
0.49924505
0.4992451
0.49924517
0.499245
0.499245
0.49924517
0.49924505
0.49924523
0.49924505
0.49924523
0.49924523
0.4992451
0.4992451
0.49924505
0.49924535
0.49924517
0.4992451
0.4992448
0.49924463
0.499245
0.49924487
0.4992451
0.4992451
0.4992454
0.49924493
0.49924523
0.49924594
0.4992451
0.49924463
0.499245
0.49924487
0.4992451
0.499245
0.499245
0.4992451
0.499245
0.4992451
0.49924487
0.499245
0.49924546
0.49924463
0.49924475
0.499245
0.4992451
0.49924523
0.4992451
0.49924523
0.49924517
0.499245
0.49924523
0.4992451
0.49924523
0.499245
0.49924523
0.49924523
0.49924463
0.49924517
0.499245
0.49924517
0.49924523
0.49924487
0.49924505
0.49924487
0.49924287
0.49924517
0.49924505
0.49924505
0.49924493
0.49924487
0.49924523
0.4992447
0.4992453
0.49924487
0.499245
0.499245
0.49924487
0.49924487
0.49924493
0.49924487
0.49924517
0.499245
0.49924487
0.499245
0.49924487
0.49924523
0.49924463
0.4992445
0.49924523
0.4992451
0.49924505
0.4992445
0.49924487
0.49924535
0.49924487
0.49924475
0.4992451
0.4992453
0.499245
0.49924457
0.49924523
0.4992451
0.4992451
0.4992447
0.4992451
0.49924487
0.499245
0.499245
0.49924535
0.4992448
0.49924487
0.49924487
0.49924475
0.49924558
0.499245
0.4992457
0.49924493
0.4992448
0.49924457
0.49924493
0.49924475
0.4992457
0.49924523
0.49924427
0.4992447
0.49924517
0.4992444
0.49924558
0.49924487
0.49924535
0.499245
0.49924487
0.499245
0.49924523
0.49924517
0.49924493
0.49924487
0.49924463
0.49924535
0.49924487
0.499245
0.4992453
0.499245
0.49924487
0.49924505
0.49924523
0.4992451
0.4992451
0.499245
0.49924535
0.499245
0.49924517
0.4992448
0.499245
0.49924487
0.49924487
0.4992448
0.4992451
0.49924517
0.49924475
0.4992445
0.49924523
0.4992451
0.4992453
0.49924487
0.49924523
0.4992451
0.4992451
0.4992451
0.4992451
0.49924493
0.49924493
0.49924493
0.49924523
0.49924445
0.49924505
0.4992451
0.49924475
0.4992451
0.49924523
0.49924487
0.49924505
0.49924558
0.499245
0.4992451
0.49924523
0.49924493
0.49924493
0.49924523
0.499245
0.499245
0.49924487
0.4992448
0.4992451
0.49924487
0.49924505
0.4992451
0.49924523
0.499245
0.4992445
0.49924487
0.49924475
0.4992445
0.49924523
0.4992451
0.4992448
0.4992451
0.49924493
0.4992448
0.49924475
0.49924535
0.4992457
0.4992451
0.49924505
0.4992451
0.49924505
0.49924487
0.49924487
0.49924582
0.49924535
0.49924475
0.4992451
0.49924523
0.49924523
0.499245
0.49924475
0.49924523
0.49924517
0.4992451
0.49924546
0.49924475
0.4992451
0.4992448
0.49924475
0.4992448
0.49924487
0.4992451
0.49924505
0.49924523
0.49924487
0.49924558
0.499245
0.49924523
0.49924523
0.499245
0.49924523
0.49924433
0.49924517
0.499245
0.49924487
0.49924463
0.4992451
0.49924487
0.49924517
0.49924535
0.49924517
0.49924535
0.49924523
0.49924523
0.499245
0.49924523
0.49924475
0.49924475
0.49924493
0.49924487
0.49924505
0.4992451
0.499245
0.4992451
0.49924457
0.499245
0.4992451
0.49924475
0.49924505
0.4992448
0.49924505
0.4992451
0.4992451
0.4992451
0.49924463
0.49924457
0.49924523
0.499245
0.49924487
0.49924487
0.4992454
0.49924493
0.49924487
0.49924487
0.49924535
0.4992444
0.499245
0.49924535
0.49924523
0.4992435
0.499245
0.49924535
0.49924475
0.49924535
0.4992453
0.49924505
0.49924505
0.4992451
0.499245
0.499245
0.49924505
0.49924582
0.49924505
0.4992447
0.4992447
0.49924487
0.49924487
0.49924535
0.49924535
0.4992451
0.49924487
0.4992453
0.49924487
0.4992451
0.49924523
0.49924505
0.499245
0.49924523
0.4992451
0.49924535
0.4992451
0.499245
0.49924523
0.4992453
0.49924535
0.49924523
0.49924487
0.4992448
0.499245
0.49924523
0.4992451
0.4992453
0.49924535
0.49924487
0.4992453
0.4992451
0.49924493
0.4992451
0.4992451
0.49924487
0.49924517
0.49924523
0.49924493
0.4992457
0.4992451
0.49924493
0.49924463
0.49924523
0.49924493
0.49924487
0.4992448
0.49924505
0.49924505
0.49924546
0.49924487
0.49924535
0.49924493
0.49924475
0.4992454
0.499245
0.4992453
0.49924505
0.49924517
0.49924505
0.4992445
0.49924523
0.49924517
0.49924475
0.4992453
0.49924505
0.49924475
0.49924523
0.49924487
0.49924535
0.49924487
0.4992448
0.49924523
0.4992445
0.49924487
0.4992453
0.49924392
0.49924564
0.49924505
0.49924666
0.49924475
0.499245
0.499245
0.4992451
0.49924505
0.49924505
0.49924487
0.4992451
0.49924487
0.49924523
0.49924552
0.49924505
0.4992451
0.4992448
0.49924523
0.49924487
0.4992445
0.499245
0.49924523
0.49924564
0.49924517
0.4992451
0.49924475
0.499245
0.49924523
0.49924487
0.4992445
0.49924487
0.49924523
0.49924517
0.49924487
0.4992451
0.499245
0.49924523
0.49924493
0.49924523
0.49924535
0.49924517
0.49924523
0.49924487
0.49924505
0.49924523
0.49924433
0.49924535
0.49924523
0.49924433
0.49924487
0.49924582
0.4992451
0.499245
0.49924487
0.49924487
0.49924517
0.49924475
0.49924493
0.49924523
0.4992451
0.499245
0.4992451
0.49924517
0.4992444
0.4992451
0.49924517
0.4992451
0.4992451
0.4992451
0.49924475
0.49924487
0.4992453
0.49924582
0.49924535
0.499245
0.49924535
0.49924493
0.4992451
0.49924487
0.4992447
0.49924475
0.49924523
0.499245
0.499245
0.49924475
0.49924487
0.49924523
0.499245
0.49924517
0.4992451
0.49924487
0.4992451
0.49924445
0.49924523
0.49924415
0.49924427
0.499245
0.49924493
0.49924517
0.4992451
0.49924618
0.4992451
0.499245
0.4992451
0.4992451
0.499245
0.4992451
0.49924535
0.4992451
0.49924493
0.49924523
0.4992445
0.4992445
0.4992451
0.49924487
0.49924475
0.499245
0.49924517
0.49924582
0.49924475
0.49924487
0.4992451
0.49924487
0.4992451
0.49924523
0.499245
0.49924517
0.4992451
0.4992448
0.49924523
0.49924517
0.4992448
0.4992457
0.49924505
0.49924487
0.4992448
0.49924517
0.4992451
0.49924487
0.49924505
0.49924487
0.49924523
0.4992451
0.49924517
0.499245
0.499245
0.4992457
0.49924523
0.49924535
0.4992451
0.49924475
0.49924487
0.49924523
0.4992444
0.49924535
0.4992451
0.4992451
0.4992448
0.49924517
0.49924505
0.49924475
0.4992448
0.49924523
0.49924463
0.4992451
0.49924523
0.49924493
0.49924546
0.49924487
0.4992451
0.4992451
0.4992451
0.499245
0.4992451
0.499245
0.499245
0.49924487
0.499245
0.49924493
0.499245
0.4992451
0.49924463
0.499245
0.49924487
0.4992444
0.49924487
0.49924493
0.4992451
0.499245
0.499245
0.49924523
0.49924612
0.49924487
0.49924487
0.4992451
0.49924493
0.49924535
0.4992451
0.499245
0.499245
0.49924493
0.49924606
0.49924523
0.49924493
0.4992448
0.49924475
0.49924523
0.49924457
0.49924523
0.49924505
0.49924535
0.49924487
0.49924535
0.4992448
0.49924535
0.4992445
0.49924517
0.4992457
0.499245
0.4992453
0.49924463
0.49924487
0.499245
0.49924493
0.49924505
0.49924546
0.4992451
0.49924487
0.4992451
0.49924517
0.499245
0.49924546
0.4992451
0.4992451
0.49924475
0.4992453
0.49924493
0.4992451
0.4992451
0.49924487
0.49924535
0.49924475
0.49924505
0.49924493
0.49924523
0.49924475
0.4992451
0.49924487
0.499245
0.49924487
0.49924487
0.49924475
0.499245
0.49924535
0.4992451
0.49924505
0.4992451
0.49924505
0.49924535
0.49924523
0.49924487
0.49924535
0.49924523
0.49924523
0.499245
0.49924523
0.49924487
0.49924517
0.499245
0.49924546
0.49924523
0.49924523
0.499245
0.49924523
0.49924535
0.4992448
0.499245
0.4992451
0.4992451
0.4992451
0.4992447
0.49924487
0.49924523
0.49924523
0.499245
0.49924505
0.49924523
0.49924523
0.49924558
0.49924487
0.49924487
0.4992453
0.49924505
0.4992451
0.49924487
0.4992451
0.4992451
0.49924517
0.49924493
0.4992447
0.49924487
0.4992453
0.49924523
0.49924552
0.49924475
0.49924487
0.4992451
0.49924493
0.499245
0.49924517
0.49924475
0.499245
0.49924487
0.49924523
0.4992451
0.49924523
0.49924487
0.49924564
0.4992454
0.4992451
0.49924535
0.499245
0.49924493
0.4992451
0.49924535
0.499245
0.499245
0.4992451
0.49924487
0.49924487
0.49924523
0.4992453
0.49924463
0.49924523
0.499245
0.49924523
0.49924523
0.49924523
0.499245
0.4992451
0.499245
0.4992451
0.499245
0.499245
0.49924487
0.4992451
0.49924523
0.49924517
0.4992451
0.49924523
0.49924517
0.499245
0.499245
0.4992453
0.49924487
0.499245
0.49924535
0.4992445
0.49924487
0.49924535
0.49924475
0.49924493
0.49924517
0.49924505
0.49924487
0.49924475
0.49924594
0.499245
0.49924487
0.49924523
0.49924523
0.4992451
0.49924523
0.49924505
0.499245
0.49924535
0.49924475
0.49924505
0.4992451
0.49924493
0.499245
0.49924475
0.499245
0.4992448
0.4992451
0.49924523
0.4992451
0.4992451
0.4992451
0.4992453
0.4992451
0.49924463
0.49924517
0.49924463
0.499245
0.49924523
0.49924463
0.499245
0.49924493
0.499245
0.49924558
0.4992451
0.4992451
0.49924523
0.499245
0.49924517
0.499245
0.499245
0.4992451
0.4992451
0.49924546
0.49924517
0.49924523
0.49924523
0.49924535
0.4992441
0.4992451
0.499245
0.4992451
0.4992453
0.49924517
0.49924523
0.49924517
0.49924505
0.4992451
0.49924505
0.4992453
0.49924535
0.49924535
0.499245
0.4992451
0.4992451
0.4992448
0.49924487
0.4992451
0.4992451
0.499245
0.4992451
0.49924517
0.499245
0.4992451
0.49924487
0.49924475
0.4992451
0.499245
0.499245
0.49924487
0.4992451
0.4992451
0.49924523
0.49924523
0.49924493
0.49924523
0.49924535
0.49924523
0.49924523
0.49924517
0.49924523
0.49924535
0.499245
0.4992451
0.49924427
0.49924433
0.4992451
0.49924487
0.4992451
0.49924505
0.49924487
0.499245
0.49924505
0.49924493
0.49924505
0.49924517
0.49924493
0.49924523
0.4992451
0.49924546
0.49924535
0.49924463
0.49924463
0.49924487
0.49924493
0.49924487
0.4992451
0.49924523
0.4992451
0.499245
0.4992451
0.49924505
0.49924487
0.49924505
0.49924505
0.49924535
0.49924517
0.49924493
0.49924523
0.49924535
0.4992451
0.499245
0.499245
0.49924523
0.49924487
0.4992451
0.4992451
0.49924487
0.49924463
0.49924505
0.49924517
0.49924517
0.49924505
0.49924433
0.49924523
0.49924523
0.49924546
0.499245
0.49924487
0.49924475
0.4992451
0.49924487
0.49924523
0.49924517
0.4992451
0.4992451
0.49924546
0.499245
0.4992451
0.49924535
0.49924487
0.4992445
0.49924523
0.49924523
0.49924546
0.49924517
0.49924475
0.49924475
0.49924463
0.4992453
0.49924523
0.4992451
0.499245
0.49924546
0.49924523
0.49924523
0.4992451
0.49924493
0.4992451
0.49924487
0.49924287
0.4992448
0.49924487
0.49924475
0.499245
0.4992448
0.49924523
0.49924535
0.49924463
0.49924523
0.4992451
0.49924523
0.4992451
0.49924523
0.499245
0.499245
0.4992451
0.49924505
0.4992451
0.49924493
0.4992453
0.49924463
0.499245
0.49924457
0.49924535
0.49924535
0.4992448
0.499245
0.49924487
0.4992451
0.49924523
0.49924523
0.49924475
0.49924517
0.4992451
0.49924487
0.49924493
0.4992451
0.499245
0.49924475
0.49924535
0.49924427
0.4992451
0.499245
0.49924475
0.49924487
0.49924505
0.49924493
0.4992451
0.49924523
0.49924487
0.4992441
0.49924463
0.4992451
0.49924523
0.49924505
0.49924517
0.4992451
0.49924517
0.4992448
0.49924475
0.499245
0.4992451
0.499245
0.49924523
0.4992451
0.49924523
0.49924475
0.49924517
0.49924487
0.49924523
0.49924523
0.49924546
0.4992447
0.4992451
0.49924475
0.49924475
0.4992445
0.4992451
0.49924487
0.49924487
0.4992451
0.499245
0.4992451
0.49924427
0.49924523
0.499245
0.49924463
0.49924535
0.49924475
0.49924523
0.4992447
0.49924487
0.4992448
0.49924487
0.4992453
0.4992451
0.49924546
0.49924475
0.49924552
0.4992451
0.49924505
0.499245
0.499245
0.4992445
0.4992451
0.4992447
0.49924523
0.49924517
0.49924523
0.4992453
0.49924523
0.49924487
0.499245
0.4992445
0.499245
0.4992451
0.49924445
0.49924415
0.499243
0.49924535
0.49924493
0.49924493
0.49924535
0.49924505
0.49924374
0.4992445
0.499245
0.499245
0.49924517
0.4992453
0.49924475
0.4992451
0.4992457
0.49924475
0.49924505
0.499245
0.4992451
0.4992451
0.499245
0.49924493
0.4992451
0.49924493
0.49924487
0.49924475
0.49924493
0.49924487
0.49924517
0.4992451
0.49924457
0.4992451
0.499245
0.4992451
0.49924505
0.4992445
0.49924523
0.49924505
0.49924475
0.499245
0.49924523
0.4992451
0.4992445
0.49924493
0.49924487
0.4992453
0.49924487
0.49924493
0.499245
0.4992451
0.49924523
0.49924475
0.4992451
0.4992451
0.499245
0.4992451
0.499245
0.4992453
0.4992451
0.49924475
0.49924487
0.49924493
0.499245
0.4992444
0.49924546
0.49924487
0.499245
0.4992453
0.4992451
0.49924517
0.49924523
0.49924487
0.49924475
0.49924487
0.49924487
0.49924487
0.499245
0.4992447
0.49924523
0.49924505
0.49924535
0.4992451
0.49924523
0.4992451
0.49924523
0.4992451
0.499245
0.49924523
0.49924487
0.49924535
0.4992451
0.49924487
0.49924535
0.49924487
0.4992453
0.4992451
0.49924523
0.49924463
0.4992453
0.4992453
0.49924523
0.4992453
0.49924463
0.49924457
0.4992445
0.49924523
0.49924523
0.499245
0.49924475
0.49924517
0.4992444
0.4992451
0.49924558
0.49924487
0.49924535
0.49924487
0.499245
0.49924535
0.49924493
0.49924535
0.4992453
0.49924523
0.49924523
0.49924517
0.4992451
0.49924505
0.49924535
0.4992453
0.4992451
0.4992451
0.49924523
0.49924487
0.49924517
0.49924487
0.49924475
0.4992451
0.499245
0.4992454
0.4992451
0.49924517
0.4992444
0.4992448
0.49924487
0.4992451
0.49924535
0.499245
0.49924487
0.49924475
0.49924505
0.49924523
0.49924397
0.4992451
0.499245
0.499245
0.49924487
0.49924523
0.4992451
0.49924475
0.49924493
0.49924487
0.4992453
0.49924517
0.49924505
0.49924487
0.49924523
0.49924487
0.4992451
0.49924523
0.499245
0.4992451
0.4992451
0.4992448
0.49924505
0.499245
0.49924487
0.4992451
0.4992453
0.49924487
0.4992447
0.49924505
0.49924487
0.49924523
0.4992451
0.4992448
0.49924505
0.4992444
0.4992454
0.49924505
0.49924463
0.49924493
0.4992451
0.499245
0.499245
0.49924487
0.4992451
0.49924535
0.49924487
0.499245
0.49924523
0.499245
0.4992451
0.4992448
0.499245
0.49924096
0.49924487
0.49924493
0.499245
0.4992451
0.49924523
0.4992451
0.49924523
0.49924523
0.4992451
0.4992453
0.49924523
0.49924517
0.49924517
0.4992451
0.49924487
0.4992451
0.4992451
0.4992451
0.49924618
0.49924475
0.4992451
0.4992451
0.4992451
0.499245
0.49924487
0.4992451
0.49924505
0.4992451
0.49924523
0.4992451
0.49924463
0.49924517
0.4992451
0.49924475
0.49924523
0.499245
0.499245
0.49924517
0.49924475
0.4992451
0.4992448
0.49924535
0.49924487
0.499245
0.49924493
0.49924523
0.49924487
0.4992451
0.4992451
0.49924487
0.49924463
0.4992451
0.49924475
0.49924535
0.49924505
0.4992453
0.4992453
0.49924505
0.49924487
0.49924523
0.49924487
0.499245
0.4992448
0.49924475
0.4992451
0.49924505
0.49924415
0.49924505
0.4992441
0.4992444
0.49924487
0.49924535
0.4992451
0.49924517
0.499245
0.4992445
0.49924475
0.4992451
0.49924445
0.49924523
0.499245
0.49924517
0.49924463
0.49924523
0.4992451
0.49924487
0.49924523
0.49924487
0.499245
0.49924463
0.4992451
0.4992451
0.49924487
0.49924463
0.49924546
0.49924487
0.49924475
0.4992451
0.4992451
0.49924487
0.49924487
0.49924487
0.4992453
0.4992451
0.49924517
0.4992447
0.49924493
0.49924487
0.49924505
0.49924517
0.49924475
0.49924523
0.49924475
0.499245
0.49924475
0.49924475
0.49924523
0.49924487
0.4992451
0.49924517
0.49924523
0.499245
0.49924457
0.49924505
0.4992451
0.49924487
0.499245
0.4992444
0.49924493
0.499245
0.499245
0.49924517
0.4992451
0.4992451
0.49924487
0.4992451
0.49924523
0.49924493
0.499245
0.4992451
0.49924493
0.4992451
0.49924487
0.499245
0.499245
0.49924487
0.4992451
0.49924523
0.499245
0.49924475
0.49924535
0.49924505
0.49924535
0.49924523
0.49924487
0.49924546
0.49924523
0.49924475
0.4992445
0.49924523
0.4992451
0.4992451
0.4992451
0.49924546
0.499245
0.4992451
0.49924517
0.4992445
0.4992451
0.49924487
0.49924487
0.4992448
0.49924403
0.499245
0.49924475
0.4992451
0.49924493
0.49924517
0.49924558
0.49924475
0.49924523
0.49924493
0.4992451
0.49924523
0.4992453
0.49924505
0.49924546
0.499245
0.49924415
0.49924546
0.4992448
0.499245
0.49924463
0.4992451
0.49924523
0.499245
0.4992444
0.4992457
0.49924493
0.49924487
0.49924505
0.49924558
0.4992453
0.49924535
0.49924403
0.4992444
0.49924517
0.4992451
0.49924475
0.49924487
0.49924546
0.4992451
0.49924505
0.49924523
0.49924523
0.49924535
0.4992441
0.4992451
0.49924463
0.499245
0.499245
0.49924523
0.4992453
0.49924475
0.499245
0.499245
0.49924493
0.49924523
0.49924487
0.49924517
0.49924535
0.49924463
0.4992451
0.49924493
0.499245
0.4992453
0.49924505
0.49924535
0.4992445
0.49924517
0.49924505
0.4992451
0.49924493
0.49924535
0.4992451
0.4992453
0.49924487
0.49924523
0.49924523
0.4992453
0.49924535
0.49924523
0.49924475
0.49924523
0.49924517
0.4992451
0.4992445
0.49924523
0.4992451
0.49924427
0.499245
0.49924463
0.4992444
0.499245
0.49924475
0.499245
0.49924523
0.49924493
0.4992448
0.49924463
0.49924558
0.499245
0.4992451
0.4992448
0.49924487
0.499245
0.49924463
0.4992451
0.49924505
0.49924487
0.49924475
0.49924403
0.499245
0.4992451
0.49924487
0.49924576
0.49924535
0.49924475
0.49924517
0.49924535
0.49924475
0.4992451
0.4992451
0.4992451
0.49924523
0.49924517
0.49924487
0.4992451
0.49924487
0.49924546
0.499245
0.4992444
0.4992451
0.4992448
0.49924523
0.4992451
0.49924487
0.49924523
0.49924517
0.49924523
0.49924535
0.4992457
0.4992454
0.49924487
0.49924493
0.49924463
0.499245
0.49924487
0.49924523
0.49924505
0.499245
0.49924523
0.4992451
0.4992451
0.499245
0.49924517
0.49924463
0.49924517
0.49924386
0.49924475
0.499245
0.4992451
0.49924493
0.49924505
0.49924487
0.49924523
0.499245
0.4992451
0.49924463
0.4992451
0.4992447
0.49924433
0.49924523
0.49924523
0.49924523
0.4992457
0.4992451
0.4992451
0.49924487
0.499245
0.49924463
0.49924487
0.49924517
0.49924505
0.499245
0.499245
0.499246
0.49924463
0.499245
0.49924523
0.49924487
0.499245
0.499245
0.49924517
0.49924463
0.49924523
0.4992454
0.49924493
0.49924445
0.499245
0.4992453
0.49924523
0.499245
0.49924505
0.4992447
0.49924487
0.4992451
0.4992448
0.49924463
0.49924523
0.4992451
0.49924463
0.49924487
0.4992457
0.49924493
0.49924487
0.49924463
0.49924535
0.4992451
0.49924475
0.499245
0.49924517
0.49924505
0.49924487
0.49924523
0.499245
0.49924493
0.49924505
0.49924487
0.4992448
0.49924505
0.4992451
0.49924523
0.49924564
0.49924505
0.49924493
0.49924523
0.499245
0.49924523
0.499245
0.49924523
0.49924517
0.49924523
0.499245
0.49924493
0.4992451
0.49924582
0.49924546
0.49924487
0.49924523
0.49924493
0.49924582
0.49924487
0.49924457
0.49924487
0.49924487
0.4992453
0.49924475
0.49924517
0.49924505
0.49924487
0.499245
0.49924487
0.49924517
0.49924564
0.49924505
0.49924463
0.49924523
0.4992451
0.49924535
0.49924505
0.49924487
0.49924535
0.49924427
0.4992448
0.49924463
0.49924493
0.49924523
0.49924487
0.4992451
0.4992451
0.4992451
0.4992451
0.49924475
0.49924523
0.499245
0.49924475
0.49924505
0.499245
0.49924505
0.4992441
0.49924546
0.4992453
0.49924505
0.49924493
0.499245
0.49924475
0.49924535
0.49924523
0.49924517
0.49924487
0.49924517
0.499245
0.4992442
0.4992454
0.49924517
0.499245
0.49924517
0.4992451
0.4992451
0.49924475
0.49924523
0.4992451
0.4992451
0.4992451
0.49924487
0.499245
0.49924487
0.4992451
0.49924505
0.49924535
0.4992451
0.49924493
0.4992451
0.49924505
0.49924487
0.49924487
0.49924493
0.4992457
0.49924463
0.49924487
0.4992451
0.49924523
0.4992454
0.49924487
0.4992451
0.49924535
0.49924517
0.49924487
0.4992447
0.4992451
0.49924463
0.49924523
0.4992453
0.49924475
0.49924403
0.4992451
0.4992451
0.499245
0.49924487
0.4992453
0.49924505
0.49924505
0.49924535
0.4992448
0.49924445
0.4992451
0.49924487
0.499245
0.49924517
0.49924642
0.4992451
0.49924487
0.49924523
0.4992451
0.499245
0.49924487
0.499245
0.49924475
0.49924564
0.49924517
0.499245
0.499245
0.49924493
0.4992451
0.49924523
0.49924523
0.4992424
0.49924523
0.49924475
0.49924546
0.49924517
0.49924487
0.49924546
0.49924463
0.4992451
0.49924463
0.4992448
0.49924523
0.499245
0.499245
0.49924487
0.49924523
0.49924523
0.499245
0.4992454
0.4992451
0.49924523
0.49924487
0.499245
0.49924475
0.4992451
0.49924487
0.49924505
0.4992453
0.49924535
0.4992453
0.499245
0.4992451
0.49924505
0.499245
0.49924505
0.49924475
0.49924505
0.49924487
0.4992451
0.499245
0.499245
0.49924523
0.4992451
0.49924463
0.49924475
0.499245
0.499245
0.49924487
0.49924475
0.4992451
0.49924463
0.49924475
0.49924487
0.499245
0.4992444
0.499245
0.49924487
0.49924463
0.4992451
0.49924517
0.49924523
0.49924517
0.49924523
0.49924523
0.49924523
0.49924487
0.499245
0.499245
0.49924523
0.49924517
0.4992451
0.49924523
0.49924493
0.4992451
0.49924475
0.499245
0.49924505
0.4992448
0.499245
0.499245
0.4992453
0.4992451
0.49924505
0.49924493
0.49924523
0.499245
0.49924463
0.4992451
0.49924487
0.49924576
0.4992447
0.49924463
0.49924535
0.4992451
0.4992451
0.49924523
0.4992438
0.4992447
0.4992451
0.499245
0.49924535
0.49924487
0.49924505
0.4992451
0.49924523
0.49924546
0.49924487
0.49924505
0.49924505
0.4992451
0.49924475
0.49924523
0.49924487
0.49924463
0.4992451
0.49924517
0.49924523
0.49924475
0.49924493
0.49924487
0.49924552
0.4992451
0.4992448
0.49924523
0.49924624
0.49924517
0.49924463
0.49924505
0.49924535
0.49924546
0.499245
0.499245
0.4992447
0.4992448
0.49924535
0.4992453
0.499245
0.49924523
0.499245
0.499245
0.49924475
0.49924523
0.49924505
0.4992451
0.49924523
0.499245
0.49924523
0.49924487
0.4992448
0.49924487
0.49924475
0.49924523
0.49924505
0.49924305
0.49924517
0.49924475
0.4992451
0.49924523
0.49924475
0.499245
0.49924535
0.49924517
0.4992451
0.499245
0.499245
0.499245
0.49924487
0.4992442
0.49924535
0.49924457
0.4992451
0.49924523
0.49924487
0.49924535
0.49924535
0.49924487
0.49924487
0.4992451
0.4992451
0.49924535
0.49924523
0.499245
0.49924475
0.499245
0.4992451
0.49924475
0.4992453
0.49924535
0.49924427
0.49924523
0.49924487
0.4992453
0.49924487
0.499245
0.49924535
0.499245
0.49924523
0.49924517
0.49924523
0.49924487
0.4992451
0.49924517
0.49924475
0.49924517
0.49924517
0.49924475
0.4992451
0.4992451
0.49924475
0.49924493
0.4992448
0.49924487
0.49924523
0.49924493
0.4992448
0.49924523
0.49924487
0.4992451
0.49924523
0.49924463
0.49924487
0.499245
0.49924487
0.499245
0.49924487
0.49924523
0.499245
0.49924487
0.49924457
0.4992451
0.49924546
0.49924505
0.49924487
0.4992451
0.4992451
0.49924487
0.4992451
0.4992451
0.49924493
0.4992451
0.49924546
0.499245
0.49924487
0.49924487
0.4992451
0.499245
0.499245
0.4992451
0.49924487
0.49924475
0.49924588
0.49924523
0.49924487
0.4992451
0.49924517
0.49924523
0.49924523
0.49924487
0.49924487
0.49924523
0.49924523
0.49924535
0.4992451
0.49924523
0.4992453
0.49924487
0.49924487
0.49924475
0.49924535
0.4992451
0.4992444
0.4992445
0.499245
0.4992451
0.4992451
0.49924546
0.4992451
0.49924535
0.49924487
0.49924517
0.4992451
0.49924475
0.4992451
0.49924475
0.4992451
0.49924487
0.49924606
0.49924535
0.4992451
0.4992451
0.49924463
0.49924475
0.49924487
0.499245
0.49924517
0.4992451
0.49924523
0.49924505
0.4992447
0.49924487
0.49924517
0.49924505
0.4992447
0.49924523
0.499245
0.49924523
0.4992447
0.499245
0.49924546
0.49924523
0.49924517
0.499245
0.499245
0.49924517
0.49924523
0.4992451
0.49924487
0.499245
0.4992451
0.499245
0.49924463
0.49924487
0.499245
0.49924457
0.49924487
0.49924487
0.4992448
0.49924523
0.49924535
0.49924517
0.4992454
0.49924546
0.4992451
0.49924517
0.4992451
0.4992451
0.49924517
0.49924475
0.4992451
0.499245
0.499245
0.4992448
0.49924535
0.4992448
0.4992451
0.4992445
0.49924487
0.49924493
0.4992451
0.49924505
0.49924517
0.49924475
0.4992451
0.4992451
0.4992451
0.4992451
0.49924475
0.49924493
0.4992451
0.49924487
0.49924535
0.49924523
0.4992451
0.49924523
0.4992451
0.49924535
0.4992451
0.49924517
0.4992447
0.49924475
0.49924517
0.49924523
0.49924517
0.499245
0.499245
0.49924487
0.499245
0.4992442
0.49924487
0.4992447
0.49924505
0.4992451
0.49924535
0.49924505
0.49924487
0.4992451
0.4992451
0.49924505
0.49924517
0.4992448
0.499245
0.49924535
0.49924463
0.4992451
0.4992451
0.49924523
0.49924463
0.4992453
0.49924475
0.4992451
0.49924487
0.4992453
0.4992445
0.49924487
0.49924523
0.49924517
0.49924505
0.4992448
0.499245
0.4992453
0.49924523
0.4992451
0.4992451
0.4992448
0.49924475
0.499245
0.49924463
0.49924475
0.4992451
0.499245
0.49924505
0.4992451
0.4992444
0.499245
0.49924523
0.4992451
0.49924564
0.4992451
0.499245
0.49924463
0.49924535
0.49924523
0.499245
0.49924505
0.4992451
0.49924505
0.499245
0.4992451
0.49924487
0.499245
0.4992457
0.49924475
0.4992447
0.4992451
0.49924517
0.49924523
0.49924546
0.49924535
0.4992451
0.49924475
0.4992451
0.4992453
0.49924493
0.4992457
0.4992451
0.49924505
0.49924475
0.4992451
0.49924493
0.4992451
0.49924475
0.49924535
0.499245
0.49924535
0.49924517
0.49924523
0.49924475
0.49924523
0.49924505
0.49924475
0.49924487
0.49924505
0.4992451
0.49924517
0.4992441
0.4992457
0.49924487
0.4992448
0.49924487
0.49924523
0.49924433
0.4992448
0.49924487
0.4992448
0.4992451
0.4992451
0.4992451
0.49924523
0.49924523
0.4992448
0.4992457
0.49924457
0.49924487
0.49924487
0.49924427
0.49924523
0.4992451
0.4992445
0.49924558
0.49924523
0.49924493
0.49924523
0.49924487
0.4992453
0.4992453
0.499245
0.4992451
0.499245
0.4992451
0.49924523
0.49924523
0.49924487
0.49924546
0.4992444
0.49924487
0.49924523
0.4992453
0.499245
0.49924523
0.49924487
0.4992451
0.4992451
0.499245
0.4992451
0.49924523
0.49924523
0.49924475
0.49924523
0.4992451
0.4992448
0.49924523
0.4992444
0.499245
0.49924815
0.49924505
0.49924475
0.49924445
0.49924475
0.4992451
0.49924505
0.499245
0.499245
0.499245
0.49924535
0.49924463
0.49924535
0.4992448
0.49924505
0.49924517
0.499245
0.49924487
0.49924523
0.499245
0.49924493
0.4992451
0.49924475
0.49924505
0.4992453
0.4992451
0.49924487
0.49924487
0.49924475
0.49924535
0.4992448
0.49924487
0.4992451
0.49924535
0.49924487
0.49924517
0.49924505
0.4992451
0.49924487
0.49924487
0.499245
0.49924487
0.49924517
0.4992451
0.499245
0.4992451
0.49924493
0.49924487
0.49924535
0.49924487
0.49924487
0.49924523
0.49924523
0.4992453
0.4992451
0.49924433
0.49924487
0.4992451
0.4992451
0.4992451
0.4992448
0.49924517
0.49924535
0.49924523
0.49924523
0.49924523
0.49924487
0.49924546
0.4992451
0.49924487
0.499245
0.499245
0.49924475
0.49924487
0.49924463
0.49924523
0.4992451
0.49924487
0.49924475
0.499245
0.4992448
0.49924457
0.4992451
0.49924552
0.4992454
0.49924523
0.49924517
0.49924475
0.49924493
0.49924535
0.4992453
0.4992451
0.49924523
0.499245
0.4992451
0.49924546
0.4992451
0.4992445
0.49924487
0.49924475
0.4992451
0.499245
0.49924505
0.4992451
0.4992453
0.49924523
0.49924535
0.499245
0.49924463
0.49924523
0.49924487
0.49924487
0.49924475
0.49924517
0.49924523
0.49924505
0.4992448
0.49924523
0.49924523
0.4992448
0.499245
0.499245
0.49924523
0.49924475
0.4992451
0.499245
0.499245
0.49924487
0.49924475
0.49924475
0.499245
0.49924535
0.499245
0.49924487
0.499245
0.49924493
0.49924493
0.4992451
0.49924487
0.4992451
0.49924463
0.49924475
0.49924517
0.499245
0.49924475
0.49924493
0.49924463
0.4992454
0.4992453
0.49924275
0.49924475
0.49924487
0.49924523
0.499245
0.4992453
0.49924523
0.49924487
0.4992447
0.49924523
0.4992451
0.49924487
0.4992448
0.499245
0.4992445
0.4992453
0.49924523
0.49924523
0.499245
0.49924487
0.4992451
0.4992453
0.49924654
0.49924505
0.49924523
0.499245
0.4992453
0.49924415
0.4992451
0.4992451
0.499245
0.4992453
0.49924415
0.4992453
0.49924535
0.4992451
0.49924487
0.4992447
0.4992451
0.4992451
0.4992451
0.499245
0.49924475
0.49924523
0.499245
0.49924475
0.49924517
0.4992451
0.49924523
0.49924487
0.49924517
0.49924487
0.4992451
0.499245
0.49924546
0.4992451
0.49924487
0.49924523
0.49924487
0.49924523
0.4992451
0.4992448
0.49924517
0.4992451
0.49924558
0.499245
0.499245
0.4992448
0.4992451
0.49924505
0.4992453
0.4992453
0.4992451
0.4992447
0.49924493
0.499245
0.4992451
0.49924487
0.4992438
0.4992447
0.49924505
0.49924523
0.49924523
0.49924505
0.49924487
0.49924475
0.499245
0.49924523
0.49924487
0.49924487
0.49924517
0.49924493
0.4992451
0.49924523
0.49924523
0.4992451
0.4992451
0.4992451
0.49924517
0.4992448
0.49924487
0.49924487
0.49924517
0.49924493
0.4992451
0.499245
0.4992451
0.49924493
0.4992451
0.49924475
0.4992451
0.49924457
0.4992453
0.4992451
0.4992451
0.49924523
0.499245
0.49924487
0.49924517
0.4992448
0.4992451
0.499245
0.49924368
0.49924535
0.49924487
0.49924505
0.499245
0.4992447
0.499245
0.49924523
0.49924535
0.49924535
0.49924523
0.49924517
0.49924523
0.49924487
0.4992451
0.49924487
0.49924523
0.49924487
0.49924475
0.49924523
0.49924523
0.4992454
0.49924487
0.49924493
0.499245
0.49924546
0.4992451
0.4992453
0.49924487
0.49924493
0.4992451
0.49924523
0.4992448
0.499245
0.49924493
0.49924535
0.49924493
0.4992451
0.49924475
0.49924523
0.4992451
0.49924517
0.49924523
0.4992453
0.49924505
0.499245
0.4992445
0.49924535
0.49924475
0.49924535
0.49924523
0.4992445
0.49924558
0.49924523
0.4992448
0.49924535
0.49924475
0.4992451
0.49924523
0.4992445
0.4992451
0.49924475
0.49924505
0.49924505
0.49924475
0.49924487
0.49924457
0.4992451
0.4992451
0.49924558
0.4992451
0.4992451
0.4992427
0.4992451
0.49924374
0.4992447
0.499245
0.4992451
0.49924487
0.49924487
0.4992451
0.4992451
0.49924523
0.499245
0.49924523
0.499245
0.4992445
0.4992451
0.4992451
0.49924523
0.49924487
0.4992451
0.49924463
0.4992448
0.499245
0.4992451
0.499245
0.49924487
0.49924535
0.49924517
0.49924523
0.49924523
0.49924433
0.49924493
0.4992451
0.4992451
0.49924487
0.49924517
0.49924487
0.4992451
0.49924535
0.49924546
0.49924517
0.49924475
0.49924487
0.4992451
0.49924493
0.49924475
0.4992453
0.49924523
0.4992451
0.49924487
0.4992445
0.49924475
0.49924546
0.4992451
0.49924493
0.4992445
0.4992447
0.4992431
0.49924523
0.4992451
0.4992451
0.49924475
0.49924475
0.499245
0.49924487
0.49924487
0.4992451
0.49924505
0.49924523
0.49924505
0.499245
0.4992448
0.49924505
0.49924523
0.49924517
0.4992451
0.49924517
0.49924535
0.49924487
0.49924523
0.4992447
0.49924535
0.4992448
0.49924475
0.49924487
0.49924523
0.49924523
0.4992451
0.49924487
0.4992451
0.4992451
0.499245
0.499245
0.499245
0.49924552
0.49924475
0.4992451
0.49924523
0.499245
0.49924517
0.4992453
0.49924535
0.4992451
0.49924487
0.4992451
0.4992448
0.49924457
0.49924505
0.4992453
0.49924487
0.499245
0.4992451
0.49924487
0.4992451
0.4992451
0.49924475
0.499245
0.49924552
0.49924493
0.49924523
0.49924523
0.49924517
0.49924487
0.49924523
0.49924523
0.49924523
0.49924505
0.4992451
0.49924546
0.4992451
0.4992445
0.4992451
0.4992453
0.49924535
0.49924535
0.49924487
0.49924493
0.49924523
0.49924487
0.49924487
0.49924517
0.49924463
0.49924517
0.49924546
0.4992451
0.49924505
0.49924493
0.4992445
0.49924457
0.499245
0.499245
0.49924493
0.49924523
0.4992451
0.49924535
0.49924517
0.49924487
0.4992448
0.49924487
0.49924523
0.499245
0.49924493
0.4992447
0.49924546
0.49924427
0.49924505
0.4992451
0.499245
0.49924487
0.49924493
0.49924487
0.4992451
0.4992451
0.49924523
0.49924523
0.49924475
0.4992453
0.4992451
0.499245
0.49924487
0.49924523
0.4992453
0.4992451
0.4992451
0.4992445
0.49924475
0.49924463
0.49924475
0.4992448
0.49924505
0.4992451
0.49924475
0.49924493
0.499245
0.49924475
0.499245
0.49924523
0.4992447
0.4992451
0.49924475
0.4992451
0.49924505
0.49924523
0.49924487
0.49924517
0.4992451
0.49924535
0.4992451
0.4992445
0.49924535
0.4992451
0.49924523
0.49924523
0.49924535
0.49924463
0.4992454
0.4992451
0.499245
0.49924463
0.49924487
0.49924457
0.499245
0.49924487
0.49924535
0.4992451
0.4992451
0.49924517
0.499245
0.49924487
0.49924535
0.49924487
0.499245
0.49924493
0.4992451
0.4992451
0.4992457
0.499245
0.49924475
0.499245
0.49924523
0.4992451
0.49924523
0.49924487
0.499245
0.4992451
0.49924493
0.499245
0.49924523
0.49924463
0.49924475
0.49924505
0.49924475
0.4992448
0.4992451
0.499245
0.49924487
0.49924487
0.49924558
0.49924457
0.4992453
0.49924487
0.49924523
0.49924487
0.499245
0.49924475
0.49924475
0.4992451
0.49924523
0.49924535
0.4992451
0.49924505
0.49924475
0.4992451
0.4992451
0.49924517
0.49924475
0.49924535
0.49924475
0.49924487
0.49924493
0.49924535
0.49924523
0.4992453
0.49924535
0.49924523
0.49924517
0.49924475
0.49924493
0.49924517
0.4992451
0.49924523
0.49924523
0.4992453
0.49924475
0.4992453
0.49924505
0.49924487
0.49924475
0.499245
0.499245
0.49924523
0.49924535
0.49924558
0.499245
0.49924505
0.49924487
0.49924523
0.49924475
0.49924475
0.49924523
0.49924523
0.49924535
0.49924487
0.49924493
0.4992453
0.49924505
0.499245
0.49924517
0.49924445
0.49924487
0.49924523
0.4992428
0.49924475
0.49924493
0.49924487
0.499245
0.4992448
0.4992445
0.49924487
0.499245
0.49924487
0.4992454
0.49924487
0.49924475
0.4992451
0.49924463
0.4992451
0.499245
0.4992451
0.49924475
0.4992451
0.49924487
0.49924517
0.499245
0.4992451
0.499245
0.4992453
0.4992451
0.49924523
0.4992453
0.499245
0.49924517
0.49924493
0.499245
0.49924487
0.49924523
0.4992451
0.499245
0.49924487
0.499245
0.4992451
0.499245
0.4992453
0.49924523
0.49924517
0.49924475
0.49924505
0.4992451
0.49924475
0.49924487
0.49924523
0.4992454
0.499245
0.4992451
0.49924523
0.49924552
0.49924546
0.49924523
0.49924487
0.4992447
0.49924535
0.4992453
0.4992451
0.49924392
0.4992451
0.4992451
0.49924535
0.499245
0.49924487
0.49924493
0.49924463
0.49924505
0.4992451
0.49924487
0.49924475
0.49924505
0.49924463
0.4992451
0.49924463
0.49924475
0.49924475
0.49924487
0.499245
0.4992448
0.49924523
0.4992451
0.4992453
0.4992453
0.49924546
0.49924517
0.49924523
0.4992457
0.49924523
0.499245
0.49924523
0.49924505
0.49924475
0.49924463
0.49924493
0.49924487
0.4992445
0.49924487
0.49924517
0.49924487
0.49924523
0.49924523
0.49924487
0.49924546
0.499245
0.4992444
0.49924523
0.49924487
0.49924535
0.49924523
0.499245
0.49924558
0.4992451
0.499245
0.49924463
0.49924475
0.49924523
0.4992448
0.499245
0.49924463
0.4992451
0.49924546
0.49924523
0.4992448
0.4992451
0.4992451
0.4992451
0.49924487
0.499245
0.4992451
0.499245
0.49924594
0.49924487
0.49924493
0.499245
0.499245
0.4992451
0.4992448
0.499245
0.49924523
0.49924505
0.49924517
0.4992451
0.49924523
0.499245
0.49924475
0.4992454
0.4992451
0.49924523
0.49924505
0.49924517
0.49924523
0.4992451
0.49924505
0.49924523
0.49924523
0.4992447
0.4992451
0.4992451
0.49924535
0.49924523
0.49924523
0.49924523
0.4992451
0.4992448
0.49924523
0.49924594
0.49924505
0.499245
0.49924487
0.49924493
0.49924523
0.4992453
0.49924505
0.49924475
0.4992451
0.49924505
0.4992451
0.4992451
0.49924505
0.4992451
0.49924546
0.49924487
0.49924475
0.499245
0.4992451
0.499245
0.49924475
0.4992451
0.49924463
0.49924463
0.499245
0.4992451
0.4992451
0.499245
0.4992448
0.49924487
0.49924523
0.4992451
0.49924397
0.49924523
0.49924397
0.4992451
0.499245
0.499245
0.49924523
0.49924487
0.49924463
0.499245
0.4992451
0.4992448
0.49924475
0.499245
0.49924523
0.4992451
0.49924535
0.499245
0.4992451
0.4992445
0.49924505
0.49924493
0.49924487
0.49924517
0.49924535
0.49924505
0.4992451
0.4992447
0.49924463
0.49924487
0.49924475
0.4992451
0.499245
0.499245
0.49924475
0.4992451
0.4992451
0.49924523
0.49924517
0.49924475
0.499245
0.49924493
0.499245
0.49924487
0.49924517
0.49924487
0.4992451
0.49924546
0.49924475
0.49924493
0.4992451
0.499245
0.49924517
0.4992451
0.49924523
0.4992451
0.49924517
0.4992451
0.49924493
0.49924505
0.4992448
0.49924475
0.49924523
0.49924475
0.49924505
0.49924487
0.49924558
0.49924487
0.49924523
0.499245
0.49924523
0.49924493
0.499245
0.4992451
0.49924517
0.49924475
0.49924487
0.49924517
0.49924505
0.49924535
0.4992451
0.4992444
0.499245
0.49924523
0.49924505
0.49924487
0.4992442
0.499245
0.499245
0.499245
0.4992451
0.49924523
0.49924493
0.4992451
0.49924535
0.4992438
0.49924487
0.4992447
0.49924475
0.49924368
0.49924487
0.49924487
0.49924523
0.49924487
0.49924546
0.499245
0.49924433
0.4992451
0.4992451
0.4992447
0.49924487
0.4992453
0.499245
0.49924368
0.4992451
0.49924475
0.49924475
0.49924523
0.49924475
0.499245
0.49924487
0.4992448
0.4992451
0.49924487
0.4992451
0.49924546
0.499245
0.49924517
0.49924517
0.4992451
0.49924505
0.49924505
0.4992445
0.49924445
0.4992441
0.49924517
0.499245
0.49924487
0.49924523
0.49924487
0.499245
0.49924505
0.49924487
0.4992448
0.49924523
0.49924487
0.49924517
0.49924517
0.49924457
0.499245
0.4992451
0.49924493
0.49924535
0.49924523
0.49924594
0.49924523
0.49924523
0.49924457
0.49924487
0.4992451
0.4992451
0.4992451
0.49924487
0.499245
0.49924493
0.499245
0.4992451
0.49924487
0.49924558
0.49924523
0.4992447
0.49924475
0.49924475
0.49924523
0.49924463
0.4992453
0.4992451
0.49924505
0.49924487
0.49924517
0.4992451
0.49924505
0.49924505
0.499245
0.49924475
0.49924523
0.49924475
0.49924517
0.49924523
0.499245
0.499245
0.49924523
0.49924487
0.499245
0.49924487
0.49924666
0.49924475
0.49924463
0.49924475
0.4992451
0.499245
0.4992451
0.4992451
0.4992451
0.499245
0.49924487
0.499245
0.49924517
0.49924517
0.49924535
0.49924475
0.49924475
0.499245
0.49924517
0.49924493
0.49924493
0.4992451
0.49924505
0.49924463
0.4992451
0.49924487
0.49924523
0.499245
0.49924523
0.49924523
0.499245
0.499245
0.4992451
0.49924523
0.49924517
0.49924517
0.49924505
0.4992451
0.49924493
0.4992451
0.4992447
0.4992451
0.499245
0.49924475
0.49924487
0.49924517
0.49924487
0.4992451
0.4992451
0.499245
0.49924535
0.49924535
0.499245
0.49924546
0.499245
0.49924493
0.49924475
0.49924558
0.4992444
0.49924487
0.49924546
0.4992451
0.49924475
0.4992451
0.4992451
0.4992451
0.4992447
0.49924475
0.49924523
0.4992451
0.4992451
0.4992451
0.4992451
0.49924546
0.4992444
0.49924493
0.49924487
0.4992451
0.49924487
0.49924475
0.4992451
0.49924487
0.49924475
0.4992432
0.4992444
0.49924487
0.49924487
0.49924558
0.49924493
0.4992451
0.4992453
0.499245
0.49924523
0.49924487
0.49924487
0.4992451
0.49924475
0.49924487
0.49924505
0.4992447
0.49924517
0.49924558
0.4992451
0.49924523
0.4992451
0.49924487
0.49924523
0.499245
0.49924546
0.4992451
0.49924517
0.4992451
0.49924463
0.49924535
0.4992444
0.49924523
0.49924535
0.49924475
0.49924487
0.49924523
0.49924523
0.4992447
0.49924523
0.4992451
0.49924487
0.49924523
0.4992448
0.49924535
0.499245
0.49924463
0.49924475
0.49924493
0.4992451
0.49924463
0.49924487
0.4992453
0.49924487
0.49924505
0.49924523
0.4992445
0.49924517
0.49924535
0.49924475
0.499245
0.49924475
0.49924475
0.49924463
0.499245
0.4992448
0.49924493
0.4992451
0.49924487
0.49924523
0.499245
0.4992448
0.4992438
0.4992451
0.499245
0.49924523
0.4992453
0.49924344
0.49924487
0.4992451
0.4992445
0.49924487
0.49924523
0.49924493
0.4992451
0.49924487
0.49924487
0.4992451
0.4992447
0.49924535
0.49924487
0.49924535
0.49924487
0.49924475
0.4992447
0.49924523
0.49924523
0.4992451
0.49924493
0.49924523
0.49924523
0.49924487
0.49924487
0.4992445
0.49924475
0.49924487
0.4992448
0.4992453
0.49924487
0.49924535
0.4992451
0.4992447
0.49924505
0.4992451
0.49924523
0.49924523
0.49924505
0.49924487
0.4992457
0.49924517
0.499245
0.49924487
0.49924493
0.499245
0.4992451
0.49924493
0.49924523
0.49924546
0.49924493
0.4992451
0.499245
0.4992451
0.49924487
0.4992451
0.499245
0.4992451
0.49924475
0.49924523
0.4992454
0.49924517
0.4992453
0.49924487
0.49924535
0.4992451
0.49924487
0.4992451
0.49924505
0.4992451
0.49924487
0.49924558
0.4992451
0.49924523
0.4992451
0.49924475
0.49924392
0.49924523
0.49924505
0.4992445
0.4992454
0.499245
0.49924445
0.49924392
0.49924475
0.4992451
0.4992451
0.49924618
0.49924475
0.49924475
0.49924523
0.4992451
0.4992451
0.4992451
0.49924487
0.49924487
0.49924463
0.49924582
0.4992451
0.49924517
0.49924493
0.499245
0.49924535
0.49924523
0.49924523
0.49924463
0.49924523
0.4992451
0.49924535
0.49924493
0.49924493
0.49924487
0.4992447
0.49924493
0.49924487
0.49924487
0.49924517
0.4992451
0.49924487
0.4992448
0.4992445
0.49924463
0.49924535
0.49924487
0.4992448
0.49924475
0.499245
0.49924457
0.49924475
0.4992457
0.49924505
0.4992451
0.49924487
0.499245
0.49924564
0.49924517
0.49924523
0.49924654
0.49924475
0.49924505
0.4992451
0.49924475
0.4992447
0.499245
0.4992451
0.4992451
0.49924523
0.49924445
0.4992448
0.49924475
0.49924475
0.49924475
0.49924487
0.49924523
0.49924523
0.49924487
0.49924517
0.4992451
0.49924523
0.49924535
0.499245
0.499245
0.49924487
0.4992451
0.4992445
0.4992445
0.49924487
0.49924493
0.49924523
0.49924505
0.49924523
0.499245
0.49924505
0.49924487
0.49924535
0.499245
0.4992451
0.49924487
0.49924535
0.49924523
0.49924558
0.49924535
0.4992453
0.49924493
0.4992457
0.4992451
0.49924725
0.49924487
0.49924505
0.49924463
0.4992451
0.4992448
0.49924493
0.49924475
0.49924487
0.4992447
0.499245
0.499245
0.49924487
0.4992451
0.49924546
0.49924487
0.49924392
0.499245
0.499245
0.49924493
0.4992448
0.49924517
0.49924475
0.4992451
0.49924535
0.4992451
0.499245
0.49924475
0.49924487
0.499245
0.49924535
0.4992451
0.4992448
0.49924463
0.499245
0.4992453
0.4992453
0.49924505
0.499245
0.49924523
0.49924487
0.4992451
0.4992451
0.49924517
0.49924475
0.4992448
0.49924493
0.49924487
0.49924487
0.4992445
0.4992451
0.4992438
0.49924517
0.49924523
0.4992451
0.49924535
0.4992453
0.499245
0.49924487
0.49924523
0.49924523
0.499245
0.499245
0.49924457
0.49924475
0.499245
0.499245
0.499245
0.49924535
0.499245
0.499245
0.49924403
0.499245
0.4992454
0.49924535
0.49924517
0.49924487
0.4992451
0.49924487
0.49924487
0.49924487
0.4992451
0.4992445
0.499245
0.49924487
0.49924535
0.49924523
0.49924523
0.4992444
0.49924487
0.49924487
0.49924523
0.49924487
0.4992451
0.4992453
0.49924523
0.499245
0.4992451
0.49924523
0.49924535
0.49924558
0.49924535
0.49924493
0.49924523
0.499245
0.49924523
0.49924535
0.49924505
0.49924493
0.49924523
0.49924493
0.499245
0.4992451
0.49924523
0.4992451
0.49924505
0.4992451
0.49924487
0.49924523
0.49924487
0.4992447
0.499245
0.49924475
0.4992451
0.49924517
0.49924487
0.4992451
0.499245
0.49924457
0.499245
0.49924487
0.4992453
0.499245
0.49924505
0.4992451
0.49924535
0.49924487
0.4992448
0.49924475
0.49924487
0.49924368
0.49924487
0.4992454
0.49924475
0.4992451
0.49924427
0.49924523
0.49924493
0.49924523
0.49924493
0.49924535
0.49924475
0.499245
0.49924487
0.49924487
0.49924487
0.499245
0.49924487
0.49924517
0.49924517
0.49924546
0.4992451
0.49924487
0.49924487
0.49924517
0.4992451
0.49924475
0.49924493
0.49924546
0.499245
0.49924487
0.49924487
0.4992451
0.49924535
0.49924487
0.49924415
0.499245
0.4992451
0.49924523
0.4992451
0.49924493
0.49924427
0.49924523
0.49924392
0.49924463
0.49924523
0.49924535
0.49924505
0.49924523
0.49924523
0.49924523
0.4992445
0.4992448
0.49924487
0.49924463
0.49924523
0.49924552
0.49924463
0.49924487
0.49924535
0.4992451
0.499245
0.499245
0.499245
0.499245
0.49924523
0.499245
0.49924427
0.49924493
0.49924475
0.49924505
0.49924475
0.49924505
0.49924433
0.49924487
0.49924487
0.49924552
0.4992451
0.499245
0.499245
0.4992448
0.49924487
0.49924487
0.4992453
0.49924535
0.4992451
0.4992453
0.499245
0.4992451
0.49924493
0.49924558
0.49924487
0.49924523
0.49924487
0.49924475
0.49924487
0.499245
0.4992451
0.49924523
0.499245
0.49924523
0.4992451
0.49924487
0.499245
0.49924493
0.49924505
0.49924493
0.49924505
0.4992451
0.49924505
0.49924475
0.4992451
0.49924523
0.4992451
0.49924535
0.49924475
0.49924523
0.49924487
0.49924523
0.49924523
0.499245
0.49924523
0.4992444
0.49924523
0.4992445
0.4992448
0.4992445
0.49924487
0.49924505
0.499245
0.49924523
0.4992451
0.49924505
0.4992448
0.499245
0.49924523
0.49924487
0.499245
0.49924505
0.499245
0.49924535
0.49924523
0.49924493
0.49924475
0.4992444
0.49924487
0.499245
0.49924487
0.4992453
0.49924493
0.499245
0.49924523
0.49924523
0.49924475
0.49924505
0.4992451
0.49924517
0.49924487
0.49924487
0.499245
0.49924487
0.49924535
0.4992447
0.4992448
0.49924523
0.49924523
0.4992451
0.499245
0.499245
0.49924505
0.49924463
0.4992451
0.499245
0.49924463
0.4992448
0.49924463
0.49924523
0.49924415
0.49924493
0.499245
0.49924535
0.49924523
0.49924487
0.499245
0.49924487
0.49924487
0.49924463
0.4992451
0.49924535
0.4992454
0.49924487
0.499245
0.4992451
0.49924475
0.49924546
0.4992453
0.4992447
0.49924505
0.499245
0.49924487
0.49924487
0.4992451
0.4992451
0.4992451
0.499245
0.49924517
0.49924493
0.499245
0.49924475
0.499245
0.49924463
0.499245
0.4992451
0.49924487
0.49924505
0.49924517
0.499245
0.49924523
0.4992451
0.499245
0.4992453
0.499245
0.4992451
0.49924523
0.49924475
0.49924234
0.49924475
0.49924463
0.49924535
0.49924487
0.49924505
0.499245
0.49924493
0.49924457
0.499245
0.49924475
0.49924535
0.49924535
0.499245
0.4992454
0.4992453
0.4992451
0.49924493
0.49924463
0.499245
0.49924493
0.4992451
0.49924487
0.49924505
0.4992451
0.49924523
0.49924523
0.499245
0.49924505
0.4992444
0.49924505
0.4992451
0.49924523
0.49924493
0.49924463
0.49924523
0.49924475
0.49924523
0.49924523
0.49924493
0.499245
0.49924582
0.499245
0.4992442
0.49924487
0.49924475
0.49924505
0.49924505
0.49924493
0.4992454
0.49924445
0.499245
0.49924493
0.49924487
0.49924427
0.4992451
0.49924475
0.49924445
0.499245
0.49924487
0.49924463
0.49924654
0.49924487
0.49924487
0.49924487
0.499245
0.49924487
0.49924487
0.4992451
0.49924523
0.49924475
0.49924517
0.49924517
0.499245
0.49924523
0.49924523
0.4992453
0.49924487
0.4992447
0.49924523
0.4992451
0.4992447
0.49924493
0.49924463
0.49924505
0.4992451
0.49924487
0.49924523
0.4992451
0.4992451
0.49924535
0.49924487
0.49924475
0.4992447
0.499245
0.4992451
0.49924523
0.4992448
0.49924493
0.499245
0.4992451
0.499245
0.49924523
0.49924517
0.49924523
0.49924523
0.49924523
0.499245
0.4992451
0.49924305
0.4992453
0.49924487
0.49924523
0.49924546
0.499245
0.49924415
0.49924475
0.49924505
0.499245
0.49924487
0.49924487
0.499245
0.4992451
0.4992445
0.4992451
0.49924487
0.49924546
0.49924523
0.49924487
0.49924487
0.4992451
0.49924433
0.49924517
0.4992451
0.499245
0.4992451
0.49924505
0.49924558
0.49924535
0.49924505
0.4992453
0.49924475
0.49924523
0.4992451
0.49924487
0.49924487
0.49924523
0.4992453
0.4992448
0.4992451
0.49924475
0.4992451
0.49924505
0.49924487
0.49924517
0.4992447
0.4992451
0.49924487
0.49924463
0.499245
0.49924493
0.4992451
0.49924523
0.49924517
0.49924505
0.49924523
0.499245
0.49924475
0.49924493
0.49924475
0.4992454
0.49924475
0.49924505
0.49924487
0.49924445
0.4992451
0.49924505
0.4992451
0.49924523
0.499245
0.49924523
0.49924463
0.4992451
0.49924517
0.49924523
0.49924517
0.4992451
0.4992451
0.49924487
0.4992453
0.4992451
0.49924487
0.49924517
0.4992451
0.49924463
0.49924558
0.4992453
0.499245
0.499245
0.499245
0.49924535
0.49924457
0.49924487
0.4992444
0.49924523
0.49924523
0.49924523
0.49924523
0.49924523
0.499245
0.499245
0.49924546
0.499245
0.49924505
0.49924487
0.49924582
0.4992451
0.49924487
0.49924523
0.49924523
0.49924558
0.499245
0.4992451
0.49924493
0.49924487
0.49924445
0.49924475
0.4992451
0.49924546
0.49924487
0.49924487
0.4992448
0.49924505
0.49924552
0.49924546
0.49924505
0.49924487
0.499245
0.4992451
0.49924523
0.49924475
0.499245
0.49924487
0.49924463
0.49924487
0.49924505
0.499245
0.499245
0.499245
0.4992451
0.49924558
0.499245
0.4992451
0.4992454
0.49924475
0.49924475
0.49924505
0.4992451
0.4992453
0.4992453
0.49924463
0.49924535
0.4992451
0.49924487
0.4992451
0.49924463
0.49924606
0.49924517
0.49924517
0.49924523
0.499245
0.49924517
0.4992447
0.49924523
0.49924487
0.49924487
0.49924523
0.4992448
0.4992451
0.49924487
0.49924475
0.49924517
0.4992451
0.49924493
0.49924415
0.4992448
0.49924445
0.4992451
0.49924487
0.49924523
0.49924487
0.49924523
0.4992442
0.4992451
0.49924445
0.49924475
0.49924535
0.49924493
0.49924487
0.4992453
0.499245
0.4992457
0.49924487
0.49924523
0.49924523
0.4992444
0.49924523
0.4992451
0.4992451
0.49924463
0.49924535
0.49924475
0.49924463
0.4992451
0.49924493
0.49924517
0.49924475
0.49924535
0.49924523
0.4992451
0.49924523
0.499245
0.49924487
0.49924445
0.49924457
0.4992451
0.49924475
0.49924475
0.49924505
0.49924552
0.49924535
0.4992451
0.49924463
0.4992453
0.499245
0.49924517
0.49924475
0.49924535
0.4992451
0.499245
0.49924487
0.49924535
0.49924523
0.499245
0.4992451
0.4992451
0.49924535
0.49924558
0.4992451
0.49924463
0.49924505
0.4992451
0.49924493
0.49924523
0.49924505
0.49924523
0.49924493
0.49924487
0.49924517
0.49924475
0.49924523
0.49924427
0.49924445
0.4992451
0.49924493
0.49924535
0.49924487
0.49924523
0.49924475
0.49924558
0.49924493
0.4992451
0.49924487
0.4992445
0.49924475
0.49924487
0.4992445
0.49924463
0.49924505
0.499245
0.49924523
0.49924523
0.499245
0.4992451
0.499245
0.4992453
0.4992451
0.49924523
0.499245
0.49924558
0.49924487
0.4992451
0.49924487
0.499245
0.49924487
0.4992451
0.49924523
0.49924487
0.49924475
0.49924487
0.499245
0.499245
0.4992451
0.49924487
0.49924535
0.4992451
0.49924505
0.49924487
0.4992451
0.49924535
0.4992451
0.4992451
0.4992453
0.49924535
0.49924517
0.4992451
0.49924487
0.49924523
0.49924535
0.49924487
0.4992453
0.4992451
0.4992451
0.4992451
0.49924523
0.4992448
0.4992451
0.4992451
0.499245
0.49924505
0.499245
0.4992451
0.499245
0.49924517
0.49924475
0.499245
0.499245
0.499245
0.4992451
0.4992445
0.49924523
0.49924463
0.49924475
0.49924558
0.4992451
0.49924535
0.49924493
0.4992448
0.49924523
0.499245
0.49924463
0.499245
0.4992451
0.499245
0.4992451
0.4992441
0.4992453
0.49924523
0.49924517
0.49924487
0.499245
0.4992451
0.4992451
0.4992445
0.49924487
0.49924505
0.49924505
0.49924505
0.49924487
0.49924475
0.4992451
0.49924487
0.499245
0.4992454
0.49924487
0.4992453
0.49924546
0.49924427
0.49924546
0.4992447
0.49924535
0.49924487
0.499245
0.49924505
0.49924463
0.4992451
0.49924523
0.49924523
0.4992451
0.49924523
0.4992445
0.49924403
0.49924493
0.49924487
0.49924523
0.49924523
0.49924576
0.4992451
0.49924475
0.49924463
0.4992454
0.4992451
0.4992451
0.49924523
0.49924475
0.4992444
0.499245
0.4992451
0.499245
0.49924493
0.4992451
0.49924487
0.49924523
0.49924475
0.49924487
0.499245
0.499245
0.4992451
0.4992451
0.4992451
0.49924487
0.4992451
0.49924505
0.4992451
0.49924487
0.49924487
0.49924523
0.49924487
0.49924523
0.49924517
0.499245
0.49924463
0.49924487
0.49924517
0.49924523
0.499245
0.49924523
0.4992451
0.4992448
0.49924487
0.4992448
0.4992451
0.499245
0.4992447
0.4992451
0.4992445
0.499245
0.4992451
0.49924463
0.49924523
0.499245
0.49924475
0.4992451
0.499245
0.49924523
0.499245
0.499245
0.499245
0.49924475
0.49924487
0.49924475
0.49924493
0.49924463
0.49924535
0.4992451
0.4992451
0.49924475
0.499245
0.499245
0.49924427
0.49924523
0.499245
0.49924523
0.49924523
0.49924517
0.49924475
0.49924505
0.49924463
0.49924487
0.49924487
0.49924463
0.49924487
0.4992451
0.49924523
0.49924523
0.4992453
0.49924535
0.4992453
0.49924552
0.4992451
0.49924493
0.49924487
0.499245
0.49924475
0.4992451
0.4992451
0.4992447
0.499245
0.4992451
0.4992447
0.49924475
0.49924505
0.499245
0.4992451
0.499245
0.49924475
0.499245
0.49924487
0.49924457
0.49924517
0.4992451
0.49924505
0.49924475
0.49924523
0.49924517
0.4992441
0.49924487
0.49924228
0.4992448
0.49924523
0.49924535
0.4992451
0.49924523
0.49924487
0.49924517
0.4992451
0.4992451
0.499245
0.49924475
0.49924517
0.4992451
0.49924546
0.49924332
0.49924487
0.499245
0.49924463
0.4992453
0.4992454
0.49924523
0.4992453
0.49924523
0.49924493
0.49924493
0.49924648
0.49924475
0.49924487
0.499245
0.49924505
0.4992451
0.4992451
0.49924463
0.49924517
0.49924487
0.49924487
0.499245
0.4992453
0.49924523
0.4992447
0.49924546
0.49924546
0.49924487
0.49924505
0.49924523
0.4992451
0.49924523
0.49924523
0.49924523
0.4992451
0.49924523
0.49924517
0.499245
0.49924397
0.49924523
0.4992451
0.49924403
0.49924487
0.499245
0.49924463
0.4992454
0.49924523
0.49924487
0.49924505
0.49924535
0.49924493
0.49924162
0.4992451
0.4992451
0.49924523
0.4992451
0.49924487
0.49924487
0.49924475
0.49924463
0.4992451
0.4992451
0.4992451
0.49924505
0.49924487
0.49924546
0.499245
0.499245
0.49924523
0.499245
0.49924523
0.49924546
0.499245
0.49924535
0.49924505
0.499245
0.4992453
0.4992448
0.49924517
0.49924505
0.49924505
0.49924475
0.49924475
0.4992451
0.4992451
0.49924523
0.49924475
0.49924523
0.49924463
0.4992451
0.49924523
0.49924463
0.499245
0.4992448
0.4992451
0.4992451
0.499245
0.4992448
0.499245
0.499245
0.49924517
0.499245
0.49924505
0.49924523
0.49924523
0.4992447
0.49924475
0.4992454
0.499245
0.49924487
0.49924487
0.4992451
0.4992445
0.49924517
0.49924487
0.49924487
0.4992438
0.4992448
0.49924487
0.49924546
0.49924493
0.4992451
0.499245
0.49924523
0.499245
0.49924487
0.4992451
0.49924487
0.49924463
0.49924475
0.49924505
0.49924517
0.49924505
0.499245
0.4992451
0.49924487
0.49924523
0.499245
0.49924475
0.49924493
0.4992445
0.49924463
0.4992451
0.4992447
0.49924493
0.499245
0.49924505
0.4992454
0.4992451
0.499245
0.49924523
0.49924475
0.49924463
0.49924487
0.49924523
0.499245
0.49924523
0.49924505
0.49924487
0.49924356
0.49924564
0.499245
0.49924463
0.49924487
0.49924558
0.499245
0.4992451
0.49924487
0.49924523
0.49924523
0.499245
0.49924505
0.49924505
0.49924245
0.4992444
0.49924523
0.49924505
0.49924558
0.4992451
0.4992448
0.499245
0.49924487
0.49924767
0.49924463
0.49924463
0.49924433
0.49924505
0.49924475
0.49924523
0.4992445
0.499245
0.49924535
0.49924463
0.49924493
0.49924487
0.49924523
0.499245
0.49924487
0.49924475
0.49924487
0.4992447
0.4992442
0.499245
0.49924487
0.49924493
0.49924535
0.4992451
0.4992451
0.499245
0.499245
0.4992444
0.49924475
0.49924523
0.49924493
0.4992451
0.49924517
0.49924523
0.499245
0.49924546
0.4992451
0.499245
0.49924487
0.499245
0.4992451
0.49924523
0.49924523
0.49924487
0.49924523
0.49924463
0.4992447
0.4992453
0.49924523
0.499245
0.49924517
0.49924493
0.49924427
0.4992435
0.4992453
0.49924523
0.49924517
0.4992448
0.49924475
0.499245
0.49924487
0.49924523
0.4992451
0.49924475
0.4992453
0.49924523
0.49924493
0.49924487
0.4992447
0.49924523
0.499245
0.49924523
0.49924523
0.49924546
0.499245
0.4992444
0.49924517
0.4992451
0.4992451
0.4992451
0.49924487
0.49924523
0.49924487
0.49924558
0.49924475
0.49924523
0.49924487
0.499245
0.49924487
0.49923965
0.4992451
0.4992451
0.4992447
0.49924463
0.49924523
0.49924523
0.499245
0.49924523
0.49924487
0.49924523
0.49924535
0.49924487
0.49924523
0.49924505
0.49924523
0.49924523
0.4992448
0.49924463
0.499245
0.49924523
0.49924487
0.49924517
0.49924558
0.49924487
0.49924535
0.49924558
0.49924493
0.49924493
0.49924487
0.4992451
0.49924523
0.49924523
0.49924493
0.49924487
0.49924517
0.49924523
0.49924493
0.49924475
0.4992451
0.49924505
0.49924487
0.499245
0.4992445
0.49924523
0.49924523
0.4992451
0.499245
0.49924487
0.49924475
0.4992451
0.49924475
0.49924523
0.49924523
0.49924463
0.49924493
0.49924523
0.49924517
0.49924475
0.4992451
0.49924475
0.4992444
0.49924475
0.49924392
0.499245
0.49924523
0.49924487
0.49924487
0.49924487
0.4992448
0.49924487
0.4992454
0.49924475
0.49924523
0.49924517
0.499245
0.4992432
0.49924475
0.49924487
0.49924332
0.49924487
0.49924487
0.4992451
0.49924523
0.49924523
0.49924463
0.4992451
0.49924475
0.49924535
0.49924475
0.49924523
0.49924535
0.49924523
0.49924487
0.499245
0.49924475
0.49924523
0.49924475
0.499245
0.49924523
0.4992447
0.49924517
0.49924552
0.49924546
0.49924523
0.49924505
0.49924493
0.4992451
0.49924487
0.499245
0.49924523
0.49924523
0.49924535
0.49924523
0.49924505
0.49924523
0.49924493
0.49924487
0.49924475
0.49924523
0.4992451
0.4992451
0.49924463
0.49924546
0.499245
0.49924505
0.49924487
0.499245
0.4992451
0.49924523
0.49924493
0.4992451
0.49924558
0.49924487
0.499245
0.49924463
0.4992453
0.49924517
0.49924505
0.4992451
0.4992445
0.499245
0.49924487
0.4992445
0.49924564
0.49924487
0.499245
0.49924487
0.49924523
0.49924487
0.499245
0.49924487
0.49924535
0.4992451
0.499245
0.499245
0.49924463
0.4992451
0.49924487
0.499245
0.4992451
0.49924517
0.49924493
0.49924523
0.49924493
0.49924463
0.49924487
0.49924505
0.49924463
0.4992451
0.49924487
0.4992453
0.49924523
0.49924487
0.49924505
0.49924505
0.49924523
0.49924523
0.49924415
0.49924487
0.499245
0.4992451
0.4992451
0.49924517
0.49924535
0.49924457
0.49924523
0.4992451
0.49924475
0.49924523
0.49924475
0.4992447
0.4992451
0.49924475
0.4992445
0.499245
0.49924475
0.499245
0.499245
0.4992451
0.49924487
0.49924523
0.49924427
0.49924487
0.49924523
0.4992448
0.49924523
0.49924535
0.49924517
0.4992451
0.49924523
0.499245
0.4992451
0.499245
0.49924523
0.4992451
0.49924487
0.499245
0.49924475
0.49924523
0.49924517
0.49924493
0.4992451
0.4992453
0.4992451
0.4992451
0.4992451
0.4992451
0.4992453
0.49924546
0.49924427
0.4992451
0.49924535
0.49924493
0.499245
0.49924517
0.4992451
0.4992451
0.499245
0.49924517
0.49924487
0.49924523
0.49924487
0.4992451
0.4992451
0.49924487
0.499245
0.499245
0.49924463
0.49924475
0.49924535
0.49924487
0.4992451
0.49924535
0.49924487
0.4992451
0.4992447
0.4992451
0.4992451
0.4992453
0.49924463
0.49924487
0.49924505
0.4992447
0.49924457
0.49924487
0.49924475
0.49924558
0.49924493
0.49924487
0.49924505
0.49924505
0.49924517
0.49924517
0.49924523
0.499245
0.49924433
0.49924505
0.49924487
0.49924523
0.49924427
0.49924475
0.49924493
0.49924546
0.4992444
0.499245
0.4992451
0.49924487
0.499245
0.49924475
0.49924517
0.49924475
0.499245
0.49924403
0.49924523
0.4992447
0.4992448
0.49924523
0.49924523
0.49924523
0.499245
0.49924505
0.49924493
0.49924505
0.49924666
0.49924505
0.4992451
0.4992445
0.49924493
0.49924487
0.49924463
0.49924493
0.499245
0.49924475
0.49924546
0.49924487
0.4992432
0.49924493
0.4992448
0.49924517
0.4992451
0.49924463
0.4992451
0.49924493
0.4992451
0.4992451
0.49924505
0.49924535
0.49924535
0.49924487
0.49924505
0.49924493
0.499245
0.499245
0.4992451
0.4992444
0.49924487
0.49924517
0.4992453
0.49924487
0.49924523
0.499245
0.49924523
0.49924523
0.49924475
0.499245
0.4992447
0.49924475
0.4992451
0.49924517
0.4992447
0.499245
0.4992448
0.49924523
0.49924517
0.49924487
0.49924487
0.49924487
0.49924505
0.49924535
0.49924463
0.499245
0.49924493
0.49924493
0.4992451
0.4992451
0.49924535
0.4992444
0.49924523
0.49924505
0.49924523
0.49924475
0.49924493
0.4992451
0.49924523
0.49924493
0.49924487
0.4992451
0.499245
0.4992451
0.49924535
0.49924493
0.4992451
0.49924523
0.4992451
0.49924457
0.49924535
0.49924487
0.4992451
0.49924386
0.49924517
0.4992457
0.49924487
0.499245
0.49924523
0.499245
0.49924463
0.49924523
0.4992448
0.4992444
0.4992444
0.49924552
0.4992453
0.49924475
0.49924523
0.499245
0.49924487
0.49924505
0.4992451
0.4992451
0.49924505
0.49924505
0.49924546
0.49924535
0.4992451
0.4992451
0.4992451
0.4992451
0.49924487
0.499245
0.49924344
0.4992451
0.49924475
0.49924517
0.49924493
0.49924505
0.499245
0.4992451
0.4992451
0.499245
0.49924463
0.49924523
0.49924487
0.49924457
0.49924487
0.4992453
0.49924487
0.49924523
0.49924463
0.49924546
0.49924523
0.49924493
0.49924517
0.4992453
0.4992451
0.49924487
0.49924487
0.4992451
0.49924535
0.49924517
0.49924487
0.49924523
0.4992451
0.49924546
0.49924463
0.49924546
0.4992448
0.49924475
0.49924523
0.49924475
0.4992454
0.49924517
0.49924487
0.49924552
0.49924546
0.49924415
0.49924523
0.49924487
0.49924487
0.49924487
0.49924475
0.49924523
0.4992448
0.4992448
0.499245
0.49924475
0.49924535
0.49924535
0.4992448
0.4992451
0.49924487
0.4992453
0.49924523
0.49924517
0.499245
0.49924475
0.49924493
0.49924487
0.49924487
0.49924374
0.49924505
0.499245
0.499245
0.4992451
0.4992451
0.4992451
0.49924493
0.49924505
0.49924517
0.49924487
0.49924487
0.49924463
0.49924475
0.4992448
0.49924493
0.49924457
0.499245
0.49924463
0.4992451
0.49924523
0.49924535
0.49924415
0.49924487
0.49924487
0.4992451
0.4992445
0.499245
0.499245
0.49924463
0.49924487
0.4992441
0.49924493
0.49924535
0.49924487
0.49924505
0.4992451
0.49924487
0.49924535
0.499245
0.49924475
0.49924487
0.4992453
0.4992445
0.49924505
0.49924463
0.49924523
0.499245
0.49924523
0.49924463
0.4992451
0.4992453
0.4992453
0.499245
0.49924487
0.49924487
0.499245
0.4992453
0.49924427
0.49924523
0.49924523
0.49924517
0.49924487
0.49924475
0.49924523
0.49924517
0.49924564
0.49924558
0.4992457
0.49924487
0.49924523
0.49924463
0.49924523
0.499245
0.49924475
0.49924475
0.49924457
0.4992451
0.4992445
0.49924523
0.49924487
0.4992453
0.49924523
0.4992453
0.49924475
0.49924475
0.4992453
0.499245
0.49924523
0.499245
0.4992454
0.49924475
0.49924487
0.49924386
0.499245
0.49924475
0.49924505
0.49924487
0.49924523
0.49924576
0.4992454
0.4992451
0.4992451
0.49924475
0.49924487
0.49924517
0.49924523
0.499245
0.49924505
0.49924505
0.4992451
0.49924493
0.49924487
0.49924487
0.49924487
0.49924487
0.49924523
0.49924582
0.499245
0.4992451
0.49924523
0.49924505
0.49924523
0.4992451
0.49924523
0.4992451
0.4992448
0.4992448
0.49924463
0.4992451
0.49924517
0.4992451
0.4992451
0.4992451
0.49924475
0.49924535
0.4992451
0.49924517
0.4992444
0.4992444
0.499245
0.4992451
0.49924535
0.49924517
0.499245
0.4992451
0.499245
0.4992448
0.49924487
0.4992451
0.4992451
0.4992451
0.499245
0.49924463
0.49924505
0.49924535
0.49924523
0.499245
0.49924535
0.499245
0.49924493
0.4992447
0.499245
0.49924487
0.49924427
0.4992445
0.49924487
0.49924505
0.49924654
0.4992451
0.49924487
0.4992448
0.49924523
0.49924457
0.4992451
0.4992451
0.499245
0.49924505
0.4992453
0.49924666
0.49924523
0.4992451
0.499245
0.4992451
0.4992451
0.49924505
0.49924493
0.49924493
0.4992451
0.4992451
0.4992448
0.49924505
0.4992453
0.49924475
0.49924517
0.49924427
0.499245
0.49924487
0.49924427
0.4992451
0.4992451
0.49924475
0.4992451
0.499245
0.499245
0.4992435
0.4992453
0.49924475
0.49924475
0.4992451
0.49924523
0.49924546
0.49924487
0.49924475
0.4992448
0.49924535
0.499245
0.49924487
0.49924523
0.499245
0.49924487
0.49924535
0.4992451
0.49924475
0.49924487
0.49924493
0.4992451
0.49924517
0.4992451
0.49924517
0.49924523
0.4992451
0.49924582
0.4992448
0.49924535
0.49924517
0.49924463
0.49924427
0.499245
0.49924523
0.499245
0.49924487
0.4992454
0.499245
0.49924535
0.49924475
0.49924523
0.49924523
0.49924546
0.49924523
0.49924523
0.4992451
0.4992445
0.49924493
0.49924487
0.49924517
0.4992447
0.49924523
0.49924463
0.49924475
0.49924487
0.4992451
0.49924463
0.49924475
0.4992451
0.49924505
0.49924475
0.49924487
0.49924493
0.49924505
0.4992453
0.499245
0.49924523
0.49924505
0.49924475
0.4992451
0.49924517
0.499245
0.49924487
0.49924523
0.49924523
0.49924523
0.49924546
0.4992451
0.49924475
0.49924487
0.49924493
0.49924523
0.4992447
0.49924517
0.49924463
0.4992451
0.499245
0.49924523
0.4992448
0.49924487
0.49924487
0.49924517
0.49924493
0.49924535
0.4992451
0.49924493
0.4992448
0.49924523
0.49924517
0.49924487
0.49924463
0.499245
0.499245
0.49924487
0.4992453
0.499245
0.49924487
0.49924487
0.49924546
0.4992451
0.49924493
0.499245
0.49924487
0.49924523
0.4992457
0.49924523
0.4992451
0.49924487
0.4992445
0.49924463
0.49924535
0.4992451
0.49924493
0.4992448
0.49924487
0.49924535
0.49924487
0.49924487
0.49924535
0.49924475
0.49924517
0.499245
0.49924535
0.4992451
0.49924523
0.49924558
0.499245
0.49924487
0.49924523
0.49924487
0.4992445
0.49924487
0.49924487
0.49924475
0.4992451
0.49924487
0.4992448
0.49924505
0.49924505
0.49924535
0.49924523
0.49924523
0.49924493
0.49924552
0.49924487
0.49924487
0.4992451
0.49924523
0.49924457
0.49924475
0.49924517
0.49924463
0.49924463
0.499245
0.49924517
0.4992448
0.49924487
0.499245
0.49924487
0.49924505
0.4992444
0.49924505
0.49924517
0.4992451
0.4992451
0.499245
0.499245
0.4992453
0.49924475
0.49924517
0.49924487
0.4992451
0.4992451
0.49924523
0.499245
0.49924493
0.499245
0.499245
0.4992451
0.49924463
0.4992448
0.499245
0.49924487
0.49924463
0.4992445
0.49924475
0.49924535
0.49924487
0.49924523
0.49924535
0.49924487
0.4992448
0.49924523
0.49924493
0.499245
0.4992447
0.4992448
0.49924487
0.49924523
0.49924457
0.499245
0.4992444
0.49924493
0.49924523
0.49924475
0.49924517
0.4992445
0.49924523
0.499245
0.49924535
0.4992451
0.49924535
0.49924505
0.4992445
0.49924523
0.49924546
0.4992451
0.49924487
0.499245
0.499245
0.49924517
0.4992451
0.49924523
0.49924493
0.49924487
0.499245
0.49924517
0.49924487
0.49924493
0.499245
0.4992451
0.49924487
0.4992451
0.49924487
0.49924517
0.49924523
0.49924535
0.4992453
0.49924493
0.4992447
0.499245
0.49924505
0.499245
0.499245
0.49924523
0.499245
0.49924523
0.4992444
0.49924517
0.49924475
0.49924487
0.4992451
0.49924493
0.499245
0.49924517
0.4992451
0.49924517
0.49924487
0.49924505
0.499245
0.49924535
0.49924475
0.499245
0.4992451
0.49924558
0.49924517
0.49924475
0.49924535
0.49924487
0.49924475
0.49924517
0.49924493
0.4992451
0.49924475
0.4992451
0.49924505
0.49924487
0.49924552
0.4992435
0.49924523
0.499245
0.49924487
0.49924505
0.49924493
0.49924523
0.4992451
0.49924475
0.49924546
0.49924535
0.4992451
0.499245
0.49924505
0.4992453
0.49924493
0.49924493
0.49924517
0.49924487
0.49924487
0.49924535
0.49924523
0.49924523
0.49924517
0.49924505
0.49924535
0.4992453
0.499245
0.49924463
0.49924523
0.4992451
0.49924564
0.499245
0.499245
0.4992451
0.49924523
0.49924475
0.49924535
0.49924523
0.4992451
0.499245
0.4992451
0.499245
0.49924523
0.49924517
0.49924505
0.499245
0.49924463
0.49924475
0.49924487
0.49924517
0.49924475
0.4992451
0.49924517
0.4992448
0.49924493
0.4992451
0.4992451
0.4992441
0.49924523
0.499245
0.4992448
0.49924505
0.4992451
0.49924523
0.49924487
0.4992451
0.49924487
0.49924463
0.49924505
0.49924403
0.4992451
0.49924487
0.49924523
0.4992457
0.49924487
0.49924475
0.499245
0.499245
0.49924505
0.49924493
0.4992448
0.49924487
0.49924475
0.49924505
0.49924517
0.4992451
0.4992451
0.49924546
0.49924535
0.499245
0.49924463
0.4992454
0.4992447
0.49924535
0.49924535
0.49924463
0.49924487
0.49924487
0.4992451
0.49924523
0.49924487
0.499245
0.4992451
0.49924493
0.49924487
0.49924463
0.499245
0.49924493
0.49924523
0.4992454
0.49924523
0.49924463
0.49924475
0.49924493
0.49924523
0.49924505
0.4992451
0.49924344
0.4992444
0.49924523
0.49924368
0.49924493
0.49924523
0.49924487
0.49924475
0.4992451
0.4992451
0.49924523
0.4992441
0.499245
0.49924535
0.49924523
0.4992451
0.4992451
0.49924535
0.49924457
0.49924523
0.4992444
0.499245
0.49924517
0.49924523
0.49924487
0.49924523
0.49924427
0.49924564
0.49924546
0.4992453
0.49924427
0.49924523
0.49924487
0.4992451
0.4992447
0.49924487
0.4992451
0.49924457
0.49924487
0.4992448
0.4992451
0.49924475
0.49924487
0.4992444
0.4992451
0.49924523
0.49924523
0.49924475
0.49924517
0.499245
0.499245
0.49924427
0.4992453
0.499245
0.4992451
0.4992451
0.4992453
0.499245
0.4992454
0.49924475
0.499245
0.49924475
0.49924487
0.4992451
0.49924546
0.49924487
0.499245
0.49924523
0.49924523
0.49924523
0.499245
0.4992448
0.49924487
0.499245
0.49924594
0.49924505
0.4992451
0.49924517
0.49924505
0.49924487
0.49924505
0.499245
0.4992448
0.49924487
0.49924517
0.49924487
0.49924523
0.49924523
0.49924475
0.49924475
0.49924517
0.4992451
0.49924523
0.49924523
0.4992451
0.4992451
0.49924487
0.4992447
0.4992451
0.49924517
0.4992451
0.499245
0.49924463
0.49924505
0.49924487
0.4992451
0.49924523
0.499245
0.4992451
0.49924487
0.49924523
0.49924523
0.4992453
0.499245
0.49924487
0.4992451
0.4992448
0.49924487
0.4992447
0.49924523
0.499245
0.4992445
0.4992444
0.49924475
0.499245
0.4992451
0.49924523
0.4992448
0.49924487
0.49924523
0.49924493
0.49924487
0.49924433
0.4992448
0.49924487
0.49924517
0.4992453
0.4992448
0.499245
0.4992444
0.49924493
0.49924493
0.4992442
0.4992451
0.499245
0.49924517
0.49924535
0.4992451
0.49924535
0.49924475
0.49924487
0.49924493
0.49924505
0.49924535
0.49924523
0.49924523
0.4992454
0.4992453
0.49924487
0.499245
0.49924517
0.49924433
0.4992453
0.49924517
0.49924487
0.49924523
0.499245
0.4992451
0.499245
0.49924523
0.49924487
0.49924475
0.49924505
0.49924493
0.49924457
0.49924487
0.49924445
0.49924487
0.4992451
0.49924523
0.49924487
0.499245
0.49924523
0.49924505
0.499245
0.49924505
0.49924517
0.49924642
0.49924517
0.49924493
0.49924487
0.49924487
0.4992451
0.499245
0.499245
0.49924487
0.499245
0.4992451
0.49924505
0.49924487
0.49924487
0.49924487
0.499245
0.49924463
0.49924523
0.49924517
0.4992453
0.49924517
0.49924505
0.4992451
0.49924415
0.49924558
0.4992445
0.49924523
0.49924493
0.49924558
0.49924487
0.49924535
0.49924493
0.4992451
0.49924463
0.49924475
0.49924523
0.49924523
0.499245
0.499245
0.49924487
0.4992453
0.499245
0.4992451
0.49924523
0.49924475
0.49924523
0.4992451
0.49924487
0.4992447
0.49924535
0.4992447
0.49924517
0.4992451
0.4992457
0.49924487
0.49924487
0.49924535
0.4992453
0.49924523
0.49924475
0.49924517
0.49924523
0.49924487
0.4992451
0.49924505
0.49924523
0.49924523
0.49924505
0.49924487
0.499245
0.49924487
0.49924487
0.499245
0.49924475
0.49924505
0.499245
0.4992451
0.4992451
0.49924463
0.49924552
0.4992448
0.49924523
0.49924463
0.49924493
0.49924517
0.49924493
0.49924445
0.499245
0.4992451
0.49924606
0.49924505
0.49924535
0.4992453
0.4992451
0.49924487
0.49924523
0.49924487
0.4992451
0.49924493
0.49924487
0.499245
0.49924475
0.499245
0.49924523
0.49924487
0.49924493
0.4992451
0.499245
0.49924523
0.4992451
0.4992451
0.49924535
0.4992448
0.49924517
0.4992451
0.49924475
0.4992451
0.49924356
0.4992451
0.49924535
0.4992448
0.499245
0.49924493
0.499245
0.499245
0.49924517
0.499245
0.49924475
0.49924535
0.4992451
0.49924535
0.49924463
0.499245
0.49924463
0.49924487
0.4992451
0.4992451
0.499245
0.499245
0.499245
0.49924475
0.49924523
0.49924487
0.499245
0.49924505
0.4992453
0.49924487
0.4992451
0.49924535
0.49924493
0.49924546
0.4992447
0.49924517
0.4992451
0.49924523
0.49924523
0.49924505
0.499245
0.49924523
0.49924487
0.49924475
0.499245
0.4992444
0.4992451
0.49924517
0.49924523
0.4992451
0.499245
0.49924487
0.49924546
0.4992453
0.4992453
0.49924523
0.4992451
0.4992445
0.49924523
0.49924463
0.49924535
0.4992451
0.4992444
0.4992451
0.49924475
0.49924517
0.49924523
0.4992451
0.49924523
0.49924487
0.4992453
0.499245
0.49924546
0.4992451
0.49924535
0.49924523
0.4992448
0.499245
0.49924487
0.49924487
0.4992451
0.49924535
0.499245
0.4992451
0.49924523
0.4992453
0.4992451
0.499245
0.49924517
0.49924505
0.49924493
0.49924505
0.49924505
0.4992451
0.4992448
0.4992451
0.49924535
0.49924475
0.49924475
0.49924535
0.4992448
0.49924535
0.49924487
0.49924475
0.4992451
0.49924475
0.49924487
0.4992451
0.49924415
0.499245
0.4992448
0.499245
0.49924475
0.4992451
0.49924564
0.4992451
0.49924535
0.49924475
0.499245
0.499245
0.49924463
0.499245
0.49924493
0.49924487
0.49924493
0.4992454
0.49924558
0.49924493
0.4992451
0.499245
0.4992451
0.49924505
0.49924415
0.499245
0.4992451
0.4992451
0.49924487
0.49924487
0.49924487
0.49924517
0.49924487
0.49924523
0.49924487
0.49924535
0.49924493
0.499245
0.49924523
0.4992451
0.49924517
0.49924487
0.499245
0.49924493
0.49924535
0.499245
0.4992448
0.4992451
0.4992451
0.49924487
0.4992448
0.4992448
0.49924463
0.499245
0.49924493
0.49924475
0.4992447
0.49924475
0.4992451
0.49924523
0.49924546
0.49924475
0.49924523
0.49924517
0.49924463
0.4992448
0.499245
0.49924487
0.49924517
0.4992451
0.49924475
0.4992448
0.4992451
0.49924505
0.4992453
0.4992454
0.49924463
0.49924487
0.49924487
0.4992454
0.49924517
0.499245
0.49924535
0.49924487
0.4992454
0.4992451
0.4992451
0.49924475
0.4992451
0.499245
0.4992451
0.49924493
0.49924487
0.49924475
0.49924517
0.49924505
0.4992444
0.49924487
0.4992447
0.4992448
0.49924523
0.4992448
0.499245
0.49924487
0.499245
0.49924505
0.49924493
0.4992451
0.4992451
0.49924445
0.49924523
0.49924582
0.49924517
0.4992454
0.499245
0.4992451
0.49924415
0.49924487
0.49924517
0.4992451
0.4992448
0.49924475
0.4992451
0.49924487
0.49924493
0.49924493
0.4992447
0.4992451
0.4992444
0.49924523
0.4992451
0.49924558
0.499245
0.49924535
0.499245
0.49924517
0.499245
0.49924505
0.4992453
0.49924546
0.4992448
0.499245
0.499245
0.49924523
0.499245
0.49924523
0.4992451
0.49924493
0.49924493
0.4992451
0.4992451
0.4992451
0.49924487
0.499245
0.49924487
0.49924487
0.49924433
0.49924517
0.49924487
0.49924487
0.49924487
0.49924487
0.4992448
0.49924487
0.4992453
0.4992451
0.49924427
0.4992451
0.49924487
0.49924523
0.49924475
0.49924487
0.4992451
0.49924523
0.49924487
0.4992445
0.49924517
0.49924517
0.49924535
0.4992451
0.49924487
0.4992451
0.49924517
0.49924487
0.49924475
0.49924505
0.499245
0.49924523
0.49924487
0.4992448
0.49924463
0.4992451
0.49924475
0.49924523
0.49924487
0.4992451
0.4992453
0.4992453
0.49924505
0.4992451
0.49924505
0.4992453
0.49924493
0.4992451
0.49924523
0.4992451
0.49924487
0.4992451
0.49924523
0.49924487
0.49924535
0.49924505
0.49924475
0.49924523
0.49924463
0.4992451
0.499245
0.49924493
0.4992445
0.49924487
0.49924415
0.499245
0.49924487
0.49924463
0.49924487
0.4992451
0.49924517
0.49924487
0.4992447
0.49924535
0.49924523
0.4992453
0.49924517
0.49924487
0.49924517
0.4992451
0.49924523
0.49924535
0.49924523
0.49924505
0.49924487
0.49924475
0.4992451
0.49924487
0.49924493
0.4992445
0.49924523
0.4992451
0.49924475
0.49924487
0.499245
0.49924487
0.4992451
0.49924517
0.49924487
0.49924475
0.49924517
0.49924546
0.49924475
0.49924487
0.49924487
0.49924505
0.49924505
0.499245
0.49924517
0.4992451
0.499245
0.49924523
0.49924523
0.49924487
0.4992453
0.49924546
0.49924463
0.49924523
0.499245
0.4992451
0.49924535
0.49924493
0.499245
0.49924558
0.4992445
0.499245
0.49924523
0.49924487
0.49924463
0.49924523
0.49924666
0.49924463
0.49924523
0.49924487
0.499245
0.49924493
0.499245
0.49924523
0.49924523
0.49924487
0.4992451
0.4992451
0.4992448
0.4992451
0.499245
0.499245
0.4992451
0.4992451
0.499245
0.49924582
0.4992451
0.49924523
0.4992453
0.499245
0.49924475
0.4992451
0.4992441
0.49924517
0.49924558
0.499245
0.49924535
0.49924487
0.49924535
0.49924493
0.499245
0.49924517
0.49924427
0.49924594
0.49924505
0.49924517
0.499245
0.49924505
0.49924523
0.49924493
0.499245
0.49924505
0.499245
0.49924523
0.499245
0.49924475
0.4992453
0.49924487
0.49924517
0.49924487
0.4992453
0.49924517
0.499245
0.4992451
0.49924493
0.49924517
0.49924535
0.4992451
0.49924475
0.49924475
0.4992451
0.49924475
0.49924505
0.49924475
0.49924487
0.49924523
0.49924535
0.49924523
0.499245
0.49924487
0.49924487
0.49924523
0.49924535
0.4992448
0.4992445
0.4992448
0.4992444
0.4992451
0.49924493
0.49924535
0.49924487
0.499245
0.49924362
0.49924487
0.49924523
0.4992448
0.49924475
0.49924523
0.49924487
0.49924493
0.4992451
0.4992451
0.49924487
0.49924505
0.49924523
0.49924523
0.49924535
0.49924493
0.499245
0.49924493
0.49924523
0.49924523
0.49924475
0.49924487
0.4992451
0.49924535
0.49924487
0.49924523
0.4992453
0.4992451
0.49924523
0.4992451
0.4992447
0.49924552
0.499245
0.499245
0.49924487
0.49924463
0.4992451
0.49924445
0.49924535
0.49924505
0.499245
0.49924344
0.499245
0.49924523
0.49924523
0.49924487
0.49924487
0.49924523
0.499245
0.49924427
0.4992448
0.4992453
0.49924558
0.49924523
0.49924493
0.49924463
0.49924505
0.49924523
0.49924493
0.49924523
0.49924475
0.499245
0.4992451
0.49924523
0.4992451
0.4992451
0.49924523
0.499245
0.49924403
0.49924415
0.49924463
0.49924517
0.4992451
0.4992454
0.499245
0.49924487
0.4992451
0.499245
0.49924523
0.499245
0.49924493
0.49924332
0.4992447
0.49924505
0.49924517
0.499245
0.49924487
0.49924475
0.49924535
0.4992451
0.499245
0.4992451
0.49924415
0.49924523
0.49924475
0.4992451
0.49924517
0.499245
0.49924535
0.49924487
0.49924523
0.49924493
0.499245
0.49924517
0.49924505
0.49924523
0.49924487
0.49924505
0.49924487
0.49924475
0.4992451
0.49924487
0.49924487
0.499245
0.4992451
0.4992451
0.49924523
0.49924493
0.499245
0.49924475
0.499245
0.49924523
0.4992451
0.49924517
0.49924558
0.49924535
0.49924523
0.4992448
0.49924487
0.49924517
0.49924523
0.49924487
0.49924535
0.4992451
0.49924475
0.4992451
0.49924523
0.499245
0.49924493
0.4992453
0.49924487
0.499245
0.4992453
0.49924356
0.49924475
0.49924523
0.49924487
0.49924427
0.499245
0.49924487
0.49924487
0.49924546
0.49924487
0.499245
0.4992451
0.49924475
0.49924535
0.499245
0.49924457
0.4992451
0.49924487
0.49924517
0.49924463
0.4992451
0.4992445
0.49924415
0.49924487
0.4992451
0.49924535
0.4992451
0.4992451
0.49924487
0.4992454
0.4992454
0.49924505
0.499245
0.49924535
0.499245
0.49924487
0.49924487
0.4992451
0.4992451
0.49924487
0.49924487
0.49924523
0.49924535
0.49924523
0.49924505
0.49924487
0.49924523
0.49924517
0.49924487
0.49924523
0.49924505
0.49924487
0.49924546
0.499245
0.49924475
0.499245
0.4992444
0.49924493
0.49924517
0.49924564
0.49924546
0.4992451
0.4992451
0.4992451
0.49924475
0.49924523
0.49924535
0.49924475
0.4992453
0.49924487
0.499245
0.49924523
0.49924505
0.49924475
0.49924493
0.499245
0.49924505
0.499245
0.49924523
0.4992448
0.4992448
0.49924487
0.49924535
0.499245
0.49924523
0.4992451
0.49924475
0.49924487
0.499245
0.49924523
0.49924493
0.49924493
0.49924493
0.49924487
0.49924523
0.49924463
0.49924535
0.49924487
0.49924523
0.49924517
0.49924463
0.4992441
0.499245
0.4992451
0.49924517
0.499245
0.49924493
0.49924535
0.49924535
0.49924487
0.49924558
0.4992448
0.49924493
0.49924535
0.49924535
0.499245
0.499245
0.49924523
0.49924523
0.4992451
0.4992445
0.49924487
0.49924463
0.4992453
0.49924493
0.49924475
0.4992445
0.49924535
0.4992448
0.499245
0.49924463
0.49924463
0.49924505
0.4992451
0.49924487
0.4992453
0.49924493
0.4992445
0.4992451
0.4992451
0.49924535
0.49924487
0.4992445
0.49924523
0.49924558
0.4992451
0.4992451
0.49924493
0.49924475
0.4992451
0.49924505
0.49924487
0.4992451
0.4992448
0.49924546
0.49924487
0.49924523
0.49924535
0.49924475
0.4992451
0.499245
0.49924493
0.49924475
0.49924475
0.49924523
0.4992451
0.49924487
0.49924523
0.499245
0.4992451
0.4992453
0.4992451
0.4992445
0.499245
0.4992451
0.499245
0.49924535
0.49924523
0.49924487
0.49924493
0.4992451
0.4992453
0.49924487
0.499245
0.49924517
0.499245
0.499245
0.49924552
0.4992451
0.49924487
0.4992447
0.49924505
0.49924523
0.49924523
0.49924523
0.49924505
0.49924493
0.49924523
0.4992448
0.49924487
0.49924487
0.499245
0.4992451
0.4992451
0.4992451
0.4992451
0.499245
0.4992451
0.4992451
0.4992451
0.49924487
0.4992451
0.49924487
0.49924487
0.49924487
0.49924493
0.499245
0.4992453
0.49924487
0.49924493
0.49924523
0.499245
0.499245
0.49924475
0.49924523
0.49924523
0.4992453
0.49924493
0.49924505
0.49924487
0.49924493
0.49924493
0.49924475
0.49924487
0.49924523
0.49924463
0.49924535
0.499245
0.49924535
0.4992447
0.4992451
0.49924558
0.49924487
0.49924523
0.499245
0.499245
0.49924487
0.49924487
0.499245
0.4992451
0.49924505
0.49924517
0.49924457
0.49924523
0.49924493
0.4992451
0.49924475
0.4992448
0.49924505
0.4992451
0.49924505
0.49924487
0.49924523
0.4992451
0.49924505
0.49924487
0.4992424
0.499245
0.49924475
0.49924523
0.499245
0.49924463
0.49924523
0.4992448
0.49924523
0.4992451
0.49924493
0.4992451
0.4992453
0.4992453
0.49924523
0.49924493
0.4992451
0.499245
0.49924523
0.49924517
0.499245
0.499245
0.49924475
0.499245
0.49924463
0.499245
0.499245
0.4992454
0.4992451
0.49924535
0.4992451
0.49924487
0.49924523
0.49924517
0.4992451
0.49924487
0.49924523
0.49924552
0.4992457
0.49924487
0.49924523
0.49924523
0.49924493
0.49924535
0.4992451
0.49924523
0.49924523
0.49924475
0.49924535
0.49924475
0.49924523
0.49924505
0.499245
0.49924487
0.499245
0.499245
0.49924487
0.499245
0.49924535
0.49924523
0.499245
0.499245
0.49924505
0.49924523
0.4992451
0.49924475
0.4992451
0.49924505
0.4992451
0.4992453
0.4992448
0.49924493
0.49924546
0.4992447
0.49924523
0.49924487
0.49924493
0.4992451
0.49924523
0.49924487
0.49924517
0.49924475
0.49924487
0.49924445
0.4992453
0.499245
0.49924535
0.49924433
0.49924535
0.49924487
0.499245
0.499245
0.49924487
0.49924523
0.49924535
0.49924523
0.4992445
0.4992453
0.4992453
0.4992445
0.49924546
0.499245
0.4992451
0.4992445
0.4992451
0.4992445
0.499245
0.49924505
0.49924487
0.49924523
0.49924427
0.49924415
0.499245
0.49924487
0.499245
0.49924475
0.4992451
0.4992448
0.49924487
0.49924523
0.49924445
0.4992448
0.499245
0.499245
0.49924493
0.49924487
0.4992451
0.49924487
0.499245
0.49924487
0.49924505
0.4992454
0.499245
0.49924505
0.499245
0.49924487
0.4992447
0.49924475
0.49924505
0.49924505
0.49924523
0.49924523
0.499245
0.499245
0.4992445
0.499245
0.4992448
0.49924517
0.499245
0.4992447
0.49924523
0.49924535
0.49924505
0.49924523
0.49924493
0.4992451
0.49924546
0.4992448
0.49924487
0.499245
0.499245
0.499245
0.49924463
0.49924493
0.4992451
0.49924523
0.49924362
0.49924505
0.4992447
0.4992451
0.4992448
0.49924505
0.499245
0.49924523
0.499245
0.4992448
0.49924415
0.49924523
0.499245
0.49924546
0.499245
0.4992453
0.49924505
0.49924487
0.49924487
0.49924523
0.499245
0.49924487
0.49924517
0.49924487
0.4992447
0.4992451
0.4992451
0.49924505
0.4992451
0.49924523
0.499245
0.49924546
0.4992451
0.4992447
0.49924493
0.4992451
0.4992448
0.4992451
0.49924475
0.49924505
0.4992448
0.499245
0.49924523
0.49924493
0.49924535
0.49924475
0.49924475
0.499245
0.499245
0.49924487
0.49924463
0.4992451
0.4992451
0.49924475
0.49924487
0.4992451
0.49924517
0.49924523
0.49924523
0.499245
0.4992453
0.49924552
0.4992451
0.49924487
0.4992444
0.49924523
0.499245
0.49924535
0.49924374
0.49924475
0.49924493
0.49924517
0.49924487
0.49924475
0.4992451
0.4992451
0.499245
0.4992451
0.49924487
0.4992451
0.49924546
0.49924523
0.49924535
0.49924517
0.49924523
0.49924487
0.49924523
0.49924523
0.499245
0.49924487
0.49924493
0.499245
0.49924487
0.49924415
0.499245
0.49924535
0.4992451
0.49924552
0.4992448
0.49924475
0.49924594
0.49924487
0.49924523
0.4992453
0.49924523
0.49924487
0.4992451
0.49924487
0.49924505
0.4992448
0.49924427
0.4992451
0.49924535
0.49924546
0.499245
0.49924475
0.499245
0.499245
0.49924487
0.49924463
0.4992451
0.49924505
0.49924523
0.49924487
0.49924523
0.4992444
0.4992445
0.49924546
0.49924523
0.49924487
0.49924535
0.49924505
0.49924427
0.4992445
0.49924487
0.4992451
0.499245
0.499245
0.4992454
0.49924487
0.49924493
0.49924523
0.49924523
0.49924517
0.49924487
0.49924552
0.4992448
0.49924505
0.49924487
0.49924463
0.499245
0.4992451
0.499245
0.49924487
0.4992448
0.4992451
0.4992451
0.49924493
0.49924463
0.49924535
0.4992445
0.499245
0.49924487
0.49924487
0.49924523
0.49924493
0.49924517
0.4992453
0.49924505
0.4992451
0.49924487
0.49924493
0.49924487
0.4992451
0.49924523
0.49924535
0.49924535
0.4992451
0.499245
0.49924505
0.49924475
0.4992451
0.49924487
0.49924523
0.49924487
0.4992447
0.49924523
0.4992445
0.499245
0.499245
0.4992453
0.49924487
0.499245
0.49924523
0.49924487
0.499245
0.49924505
0.49924517
0.49924487
0.49924493
0.499245
0.49924487
0.49924475
0.499245
0.49924487
0.4992451
0.49924475
0.49924517
0.4992451
0.49924493
0.49924505
0.49924463
0.49924487
0.49924487
0.4992444
0.4992451
0.49924523
0.499245
0.4992445
0.4992451
0.4992445
0.4992444
0.4992451
0.499245
0.49924535
0.49924403
0.49924493
0.49924517
0.49924493
0.49924523
0.499245
0.49924523
0.49924523
0.49924505
0.49924475
0.49924505
0.49924487
0.49924493
0.4992448
0.49924558
0.499245
0.49924523
0.49924517
0.49924546
0.49924463
0.499245
0.49924523
0.4992453
0.4992448
0.49924463
0.49924523
0.49924523
0.499245
0.499245
0.49924523
0.49924546
0.49924487
0.49924523
0.49924433
0.49924487
0.499245
0.49924517
0.49924546
0.49924487
0.49924487
0.49924493
0.499245
0.4992451
0.49924523
0.49924505
0.49924475
0.49924493
0.499245
0.49924487
0.49924535
0.49924487
0.49924546
0.49924493
0.4992451
0.49924535
0.4992451
0.4992453
0.49924475
0.499245
0.49924493
0.4992453
0.49924463
0.49924505
0.49924487
0.49924517
0.4992451
0.49924487
0.4992457
0.499245
0.49924505
0.49924493
0.49924523
0.49924523
0.49924523
0.49924535
0.49924487
0.49924517
0.4992448
0.49924505
0.49924475
0.49924493
0.49924523
0.4992448
0.49924546
0.49924535
0.4992451
0.49924487
0.499245
0.4992451
0.4992451
0.49924523
0.49924493
0.49924475
0.49924487
0.499245
0.49924523
0.4992445
0.49924487
0.499245
0.49924546
0.49924505
0.4992451
0.499245
0.49924493
0.4992451
0.49924487
0.4992451
0.49924487
0.4992448
0.49924523
0.49924535
0.49924535
0.49924535
0.4992451
0.49924517
0.4992451
0.4992445
0.49924505
0.499245
0.49924523
0.49924493
0.4992451
0.49924535
0.49924487
0.49924475
0.49924517
0.49924493
0.49924475
0.49924505
0.499245
0.49924523
0.49924463
0.49924403
0.49924487
0.49924487
0.4992445
0.49924475
0.4992451
0.49924493
0.499245
0.49924487
0.499245
0.49924487
0.49924445
0.49924505
0.4992451
0.4992453
0.499245
0.49924517
0.499245
0.49924523
0.49924505
0.49924487
0.499245
0.499245
0.49924535
0.49924463
0.499245
0.4992451
0.49924487
0.499245
0.49924487
0.49924493
0.49924523
0.4992451
0.499245
0.4992453
0.4992451
0.49924523
0.4992445
0.49924487
0.4992448
0.499245
0.4992451
0.49924505
0.4992444
0.4992451
0.4992451
0.4992451
0.49924445
0.4992448
0.4992451
0.49924493
0.49924523
0.49924487
0.49924505
0.49924535
0.49924475
0.49924487
0.49924475
0.499245
0.49924487
0.499245
0.4992451
0.49924517
0.4992451
0.49924517
0.49924523
0.49924505
0.49924487
0.49924523
0.49924523
0.49924487
0.4992451
0.49924505
0.499245
0.49924475
0.49924523
0.4992453
0.4992451
0.49924487
0.4992451
0.49924493
0.499245
0.49924487
0.49924523
0.49924523
0.4992451
0.49924487
0.499245
0.499245
0.49924546
0.49924535
0.49924517
0.49924475
0.49924487
0.49924487
0.4992427
0.499245
0.499245
0.4992451
0.49924517
0.49924487
0.49924517
0.4992451
0.49924523
0.49924463
0.4992447
0.49924546
0.49924493
0.49924487
0.49924558
0.49924487
0.49924535
0.49924523
0.49924475
0.4992448
0.49924475
0.4992451
0.49924523
0.4992451
0.4992448
0.4992451
0.49924487
0.49924415
0.49924493
0.49924517
0.49924475
0.499245
0.49924475
0.4992451
0.49924523
0.499245
0.499245
0.49924505
0.49924475
0.49924475
0.49924487
0.499245
0.49924523
0.49924523
0.49924487
0.49924517
0.4992453
0.4992448
0.4992447
0.49924523
0.49924505
0.4992451
0.499245
0.49924493
0.4992445
0.499245
0.4992451
0.49924493
0.49924463
0.4992451
0.4992451
0.499245
0.49924457
0.49924505
0.499245
0.49924535
0.49924463
0.4992451
0.499245
0.4992451
0.49924487
0.49924487
0.49924475
0.49924523
0.499245
0.49924523
0.49924463
0.49924463
0.49924493
0.4992445
0.49924475
0.49924523
0.49924523
0.4992454
0.49924475
0.4992451
0.499245
0.49924523
0.49924523
0.49924475
0.4992405
0.49924546
0.49924493
0.4992451
0.49924523
0.49924535
0.49924487
0.49924523
0.4992451
0.4992454
0.49924493
0.49924403
0.49924505
0.49924505
0.49924505
0.4992451
0.4992451
0.499245
0.49924475
0.499245
0.49924487
0.49924463
0.49924475
0.4992445
0.49924487
0.499245
0.4992448
0.49924517
0.49924487
0.49924517
0.4992451
0.49924463
0.499245
0.49924505
0.49924463
0.49924487
0.49924487
0.49924487
0.49924517
0.49924517
0.4992451
0.49924535
0.4992451
0.49924546
0.4992444
0.49924487
0.499245
0.49924517
0.49924475
0.49924552
0.49924535
0.4992451
0.4992444
0.49924487
0.49924535
0.49924457
0.4992451
0.4992451
0.4992451
0.49924535
0.4992448
0.49924505
0.49924523
0.49924475
0.499245
0.499245
0.4992445
0.49924475
0.4992451
0.49924362
0.49924487
0.4992451
0.49924487
0.4992444
0.49924493
0.49924523
0.49924523
0.49924475
0.49924487
0.499245
0.4992451
0.49924487
0.4992451
0.49924463
0.4992451
0.499245
0.499245
0.49924505
0.499245
0.49924505
0.49924523
0.4992448
0.49924588
0.499245
0.4992451
0.4992454
0.49924457
0.4992447
0.49924487
0.49924475
0.4992453
0.4992448
0.49924475
0.49924505
0.49924493
0.4992451
0.49924523
0.499245
0.49924475
0.49924535
0.499245
0.49924475
0.499245
0.4992451
0.49924517
0.49924523
0.49924487
0.499245
0.49924535
0.49924234
0.49924487
0.499245
0.49924564
0.49924475
0.499245
0.49924523
0.49924523
0.49924505
0.49924535
0.499245
0.49924552
0.4992451
0.49924523
0.4992453
0.4992451
0.49924535
0.49924487
0.49924523
0.4992451
0.49924463
0.49924535
0.4992451
0.49924475
0.49924463
0.49924523
0.49924475
0.49924487
0.4992454
0.49924487
0.4992451
0.49924523
0.4992453
0.4992448
0.49924457
0.499245
0.49924487
0.49924487
0.49924487
0.49924517
0.49924558
0.4992448
0.49924517
0.49924487
0.49924523
0.49924463
0.49924475
0.4992454
0.49924487
0.49924517
0.49924546
0.4992451
0.4992451
0.4992451
0.4992451
0.49924487
0.49924523
0.49924535
0.4992451
0.499245
0.4992451
0.49924523
0.49924463
0.49924475
0.49924535
0.49924427
0.49924523
0.49924505
0.49924523
0.49924517
0.49924487
0.49924487
0.4992447
0.499245
0.49924475
0.49924487
0.49924487
0.49924487
0.49924493
0.49924475
0.4992451
0.49924535
0.499245
0.4992444
0.49924505
0.4992448
0.49924475
0.4992454
0.49924475
0.49924463
0.49924546
0.49924523
0.49924457
0.49924475
0.49924487
0.4992445
0.499245
0.4992451
0.49924487
0.4992451
0.499245
0.49924487
0.49924463
0.4992447
0.49924517
0.49924493
0.499245
0.49924523
0.4992448
0.49924487
0.49924475
0.4992451
0.49924517
0.4992445
0.499245
0.499245
0.4992453
0.49924523
0.49924523
0.49924487
0.4992453
0.49924535
0.4992451
0.499245
0.4992444
0.4992448
0.49924463
0.49924523
0.49924493
0.49924523
0.49924517
0.49924535
0.4992451
0.49924487
0.4992451
0.49924505
0.4992453
0.499245
0.49924487
0.499245
0.49924523
0.499245
0.49924535
0.49924535
0.49924475
0.4992442
0.49924487
0.4992445
0.49924487
0.4992451
0.49924487
0.4992447
0.499245
0.4992453
0.49924546
0.499245
0.49924523
0.49924535
0.49924493
0.49924523
0.49924523
0.4992451
0.49924523
0.49924487
0.49924505
0.4992451
0.4992451
0.49924535
0.49924505
0.49924487
0.49924535
0.49924535
0.49924487
0.49924475
0.499245
0.4992448
0.499245
0.4992451
0.4992451
0.49924523
0.49924493
0.49924475
0.49924475
0.4992451
0.49924523
0.4992445
0.4992451
0.49924487
0.4992448
0.49924487
0.499245
0.49924487
0.49924505
0.49924487
0.4992451
0.49924487
0.4992448
0.4992451
0.4992454
0.4992451
0.499245
0.4992451
0.499245
0.49924517
0.4992451
0.49924517
0.4992451
0.49924427
0.4992451
0.49924517
0.49924487
0.499245
0.4992451
0.49924487
0.49924475
0.4992451
0.49924475
0.49924523
0.4992451
0.4992451
0.4992448
0.49924493
0.49924523
0.4992451
0.49924505
0.499245
0.49924517
0.49924523
0.499245
0.49924487
0.49924415
0.4992457
0.49924487
0.49924505
0.4992453
0.4992451
0.49924523
0.499245
0.4992451
0.49924517
0.4992451
0.4992451
0.49924487
0.49924564
0.49924523
0.49924535
0.4992451
0.49924493
0.49924487
0.49924558
0.4992453
0.49924517
0.49924475
0.49924505
0.49924523
0.4992451
0.499245
0.499245
0.49924523
0.4992447
0.49924535
0.4992451
0.49924517
0.499245
0.4992448
0.49924493
0.499245
0.49924517
0.49924463
0.49924535
0.49924535
0.49924463
0.499245
0.49924487
0.49924523
0.49924475
0.49924523
0.4992451
0.49924493
0.4992448
0.49924523
0.49924403
0.49924523
0.4992451
0.4992451
0.49924517
0.49924427
0.4992451
0.49924523
0.49924523
0.499245
0.49924493
0.49924475
0.4992453
0.49924535
0.4992448
0.49924257
0.49924535
0.49924505
0.49924493
0.49924487
0.49924505
0.49924523
0.49924523
0.499245
0.49924546
0.49924487
0.49924493
0.49924517
0.49924427
0.49924493
0.49924475
0.49924523
0.4992451
0.49924487
0.49924463
0.499245
0.49924535
0.49924523
0.4992451
0.499245
0.49924487
0.49924427
0.4992453
0.499245
0.49924517
0.4992451
0.49924552
0.49924433
0.49924523
0.49924493
0.49924475
0.4992451
0.49924517
0.49924433
0.499245
0.49924487
0.49924487
0.49924523
0.49924505
0.49924517
0.4992454
0.49924523
0.4992444
0.49924523
0.49924546
0.49924487
0.49924475
0.49924523
0.49924487
0.49924523
0.49924493
0.49924487
0.49924487
0.499245
0.49924505
0.4992451
0.49924523
0.49924517
0.49924505
0.49924505
0.49924475
0.4992451
0.49924487
0.49924505
0.49924552
0.49924505
0.4992444
0.4992447
0.4992451
0.49924505
0.49924535
0.4992445
0.49924523
0.49924523
0.49924535
0.499245
0.499245
0.49924487
0.49924523
0.499245
0.49924475
0.49924475
0.499245
0.499245
0.49924493
0.4992451
0.49924523
0.4992447
0.49924523
0.49924475
0.49924433
0.49924493
0.49924475
0.49924546
0.49924517
0.49924493
0.4992451
0.49924463
0.49924487
0.499245
0.49924505
0.4992451
0.49924523
0.49924523
0.49924487
0.49924487
0.4992451
0.49924487
0.4992451
0.4992448
0.4992453
0.49924493
0.49924636
0.4992453
0.4992445
0.4992451
0.49924415
0.4992448
0.49924535
0.49924487
0.49924523
0.499245
0.49924487
0.499245
0.4992448
0.49924487
0.49924523
0.499245
0.49924523
0.49924487
0.4992451
0.49924487
0.4992451
0.49924582
0.49924517
0.49924546
0.49924523
0.49924523
0.49924582
0.4992451
0.4992451
0.49924493
0.49924523
0.49924487
0.49924523
0.4992451
0.49924523
0.49924535
0.49924463
0.4992451
0.49924517
0.49924505
0.49924523
0.49924463
0.49924517
0.49924523
0.49924552
0.49924487
0.49924535
0.4992451
0.49924445
0.49924505
0.49924487
0.49924475
0.49924523
0.49924475
0.49924487
0.4992453
0.4992451
0.499245
0.4992453
0.49924535
0.49924344
0.49924487
0.49924546
0.49924517
0.49924493
0.49924475
0.499245
0.4992451
0.4992453
0.49924487
0.49924487
0.49924535
0.4992453
0.499245
0.49924517
0.49924475
0.4992447
0.4992448
0.49924505
0.4992451
0.49924546
0.4992457
0.49924517
0.49924463
0.499245
0.499245
0.49924523
0.4992453
0.499245
0.499245
0.49924487
0.49924445
0.49924535
0.49924475
0.499245
0.49924457
0.49924493
0.49924487
0.49924535
0.49924517
0.499245
0.4992451
0.49924523
0.499245
0.49924517
0.49924493
0.4992451
0.49924475
0.4992451
0.49924517
0.49924487
0.4992445
0.49924546
0.49924463
0.4992451
0.499245
0.49924517
0.499245
0.49924523
0.49924546
0.499245
0.49924517
0.49924493
0.49924475
0.4992451
0.4992451
0.49924558
0.49924505
0.49924475
0.49924558
0.49924493
0.499245
0.4992454
0.4992448
0.49924475
0.499245
0.49924487
0.49924517
0.49924523
0.499245
0.4992451
0.49924523
0.49924493
0.49924535
0.49924535
0.4992451
0.49924493
0.49924475
0.4992451
0.49924487
0.499245
0.49924517
0.499245
0.49924505
0.49924546
0.49924493
0.499245
0.499245
0.49924487
0.49924523
0.49924487
0.49924523
0.4992447
0.499245
0.49924523
0.49924475
0.499245
0.49924487
0.4992451
0.49924463
0.4992451
0.4992451
0.4992451
0.4992451
0.4992451
0.49924517
0.49924487
0.499245
0.49924487
0.4992451
0.4992453
0.49924552
0.499245
0.4992447
0.49924344
0.4992453
0.49924517
0.49924487
0.49924523
0.4992454
0.499245
0.49924475
0.499245
0.499245
0.49924487
0.4992451
0.49924523
0.49924457
0.49924487
0.49924475
0.4992451
0.49924523
0.49924493
0.49924535
0.4992451
0.4992448
0.499245
0.499245
0.49924505
0.49924523
0.4992451
0.49924523
0.4992451
0.49924523
0.49924505
0.4992451
0.49924535
0.499245
0.49924475
0.49924475
0.4992451
0.49924487
0.499245
0.49924546
0.49924523
0.49924523
0.49924517
0.49924487
0.4992445
0.49924487
0.499245
0.4992451
0.4992445
0.49924463
0.49924523
0.49924475
0.49924487
0.4992451
0.49924493
0.4992451
0.49924493
0.4992451
0.49924487
0.49924475
0.49924535
0.49924523
0.49924487
0.49924475
0.4992451
0.49924523
0.499245
0.49924493
0.49924475
0.49924523
0.49924517
0.4992451
0.49924487
0.49924487
0.49924523
0.49924535
0.499245
0.4992451
0.499245
0.49924535
0.49924535
0.49924487
0.4992447
0.499245
0.49924523
0.49924523
0.499245
0.49924505
0.4992447
0.4992448
0.49924535
0.49924487
0.4992451
0.4992448
0.49924487
0.49924535
0.499245
0.49924535
0.49924493
0.499245
0.4992451
0.49924487
0.4992445
0.49924493
0.49924493
0.49924463
0.49924523
0.4992453
0.49924487
0.49924523
0.499245
0.49924523
0.4992451
0.49924523
0.49924523
0.4992445
0.49924493
0.4992453
0.49924487
0.499245
0.49924475
0.49924517
0.49924493
0.49924523
0.4992451
0.49924523
0.4992453
0.49924523
0.49924505
0.49924475
0.49924487
0.49924487
0.49924523
0.49924487
0.49924517
0.4992451
0.49924505
0.49924517
0.49924475
0.49924487
0.49924523
0.49924487
0.49924493
0.4992451
0.4992451
0.49924517
0.4992448
0.49924493
0.4992451
0.49924505
0.4992451
0.49924535
0.4992451
0.4992451
0.49924523
0.49924523
0.49924517
0.4992451
0.49924517
0.49924535
0.4992451
0.4992454
0.49924546
0.49924463
0.4992451
0.499245
0.49924523
0.4992451
0.499245
0.499245
0.49924523
0.4992448
0.49924546
0.4992451
0.49924505
0.499245
0.499245
0.49924487
0.4992451
0.49924475
0.49924487
0.49924493
0.499245
0.49924523
0.4992447
0.499245
0.49924487
0.49924487
0.49924535
0.49924392
0.4992451
0.49924457
0.4992451
0.49924523
0.49924535
0.49924505
0.4992451
0.49924475
0.49924546
0.499245
0.499245
0.49924558
0.49924523
0.49924517
0.499245
0.49924523
0.49924487
0.49924487
0.49924523
0.4992451
0.49924523
0.49924523
0.49924493
0.499245
0.499245
0.4992451
0.499245
0.49924523
0.49924487
0.4992451
0.49924505
0.49924493
0.49924475
0.4992451
0.49924475
0.499245
0.49924558
0.49924415
0.4992447
0.49924463
0.49924517
0.4992451
0.49924433
0.49924523
0.4992451
0.49924487
0.4992453
0.49924505
0.49924517
0.4992451
0.49924463
0.49924523
0.499245
0.49924505
0.499245
0.499245
0.49924523
0.4992451
0.49924523
0.4992453
0.4992451
0.49924338
0.49924475
0.4992447
0.4992447
0.4992453
0.4992448
0.499245
0.49924487
0.49924505
0.49924523
0.49924487
0.4992448
0.49924505
0.4992451
0.49924475
0.499245
0.49924523
0.49924487
0.49924517
0.49924642
0.4992451
0.4992451
0.49924487
0.4992451
0.4992453
0.49924523
0.49924523
0.49924487
0.49924487
0.49924487
0.49924487
0.49924493
0.49924523
0.49924487
0.4992451
0.49924475
0.499245
0.49924445
0.4992453
0.49924523
0.49924523
0.49924505
0.49924505
0.499245
0.49924493
0.49924475
0.49924517
0.49924505
0.49924487
0.4992451
0.4992451
0.49924493
0.49924535
0.4992451
0.49924535
0.499245
0.49924457
0.4992451
0.499245
0.4992451
0.49924493
0.49924576
0.49924535
0.4992451
0.49924517
0.49924523
0.49924552
0.49924493
0.4992451
0.49924523
0.4992451
0.49924523
0.49924535
0.49924487
0.49924535
0.499245
0.49924523
0.499245
0.499245
0.49924535
0.49924576
0.49924487
0.4992454
0.49924463
0.49924493
0.49924523
0.49924535
0.499245
0.49924475
0.49924487
0.49924487
0.49924487
0.4992447
0.49924523
0.4992453
0.49924487
0.49924517
0.49924487
0.49924475
0.499245
0.49924517
0.4992448
0.49924505
0.49924475
0.49924403
0.499245
0.4992451
0.49924475
0.49924505
0.499245
0.4992451
0.49924523
0.49924552
0.4992451
0.49924457
0.49924475
0.49924505
0.4992444
0.49924535
0.49924517
0.49924517
0.499245
0.49924487
0.499245
0.49924475
0.49924546
0.49924493
0.499245
0.49924535
0.499245
0.4992448
0.49924517
0.49924487
0.49924535
0.499245
0.4992451
0.4992447
0.49924517
0.499245
0.49924487
0.49924493
0.4992451
0.49924475
0.49924493
0.49924487
0.49924523
0.49924535
0.49924475
0.49924517
0.4992445
0.49924487
0.49924523
0.4992451
0.4992451
0.49924463
0.49924487
0.49924487
0.49924558
0.4992457
0.4992453
0.4992447
0.499245
0.49924523
0.4992451
0.4992451
0.49924487
0.499245
0.49924523
0.49924487
0.4992451
0.4992447
0.4992451
0.49924517
0.49924493
0.49924475
0.49924523
0.49924505
0.4992451
0.49924505
0.49924505
0.4992451
0.499245
0.49924552
0.49924558
0.49924535
0.499245
0.49924523
0.49924517
0.49924535
0.49924493
0.49924487
0.49924487
0.499245
0.49924475
0.499245
0.4992475
0.49924487
0.499245
0.4992451
0.49924463
0.49924505
0.49924546
0.4992451
0.49924475
0.49924475
0.4992453
0.49924445
0.49924487
0.4992451
0.49924487
0.49924463
0.4992445
0.499245
0.49924523
0.49924505
0.4992453
0.49924475
0.49924493
0.4992451
0.4992451
0.4992451
0.49924463
0.49924475
0.49924505
0.4992451
0.49924475
0.499245
0.49924564
0.4992451
0.49924487
0.49924523
0.49924487
0.49924493
0.4992451
0.49924487
0.49924493
0.49924487
0.49924487
0.49924457
0.4992451
0.49924523
0.499245
0.499245
0.49924505
0.49924475
0.4992448
0.4992451
0.49924523
0.49924535
0.4992448
0.49924475
0.49924517
0.499245
0.499245
0.49924523
0.49924558
0.49924523
0.49924505
0.49924505
0.49924487
0.49924535
0.49924487
0.49924475
0.4992451
0.499245
0.49924487
0.4992453
0.4992451
0.49924475
0.4992451
0.4992451
0.499245
0.49924535
0.49924487
0.499243
0.49924475
0.49924505
0.4992451
0.4992451
0.49924463
0.49924463
0.499245
0.49924523
0.49924505
0.4992451
0.49924463
0.4992447
0.49924523
0.4992451
0.4992447
0.49924523
0.49924475
0.4992451
0.4992447
0.49924487
0.49924535
0.499245
0.49924427
0.49924523
0.4992448
0.49924433
0.4992427
0.499245
0.49924505
0.499245
0.49924487
0.4992447
0.4992451
0.49924523
0.4992451
0.49924535
0.49924505
0.49924523
0.4992451
0.49924493
0.4992451
0.49924457
0.49924475
0.499245
0.4992451
0.49924505
0.499245
0.49924475
0.4992451
0.49924535
0.49924582
0.4992451
0.49924523
0.49924505
0.49924493
0.4992454
0.49924523
0.49924552
0.4992451
0.49924523
0.499245
0.49924523
0.4992448
0.4992444
0.4992451
0.4992451
0.49924487
0.4992447
0.49924487
0.49924535
0.4992453
0.49924427
0.4992447
0.49924523
0.49924523
0.49924505
0.499245
0.49924475
0.499245
0.4992451
0.4992444
0.49924487
0.49924403
0.499245
0.499245
0.49924535
0.49924487
0.4992451
0.499245
0.49924523
0.49924523
0.499245
0.49924427
0.49924493
0.499245
0.4992451
0.49924505
0.49924517
0.49924493
0.49924487
0.49924588
0.49924535
0.49924505
0.4992451
0.49924523
0.4992451
0.49924475
0.49924487
0.4992448
0.49924487
0.4992451
0.499245
0.49924463
0.49924463
0.499245
0.49924487
0.49924505
0.4992451
0.499245
0.49924505
0.49924487
0.49924463
0.49924493
0.49924487
0.49924517
0.49924475
0.49924523
0.49924535
0.49924493
0.49924558
0.4992448
0.49924523
0.49924523
0.4992451
0.49924487
0.499245
0.499245
0.499245
0.4992444
0.49924523
0.4992451
0.49924487
0.49924523
0.49924493
0.4992451
0.4992451
0.4992451
0.499246
0.4992451
0.4992451
0.499245
0.4992451
0.49924523
0.4992445
0.4992451
0.49924523
0.4992451
0.499245
0.49924487
0.49924523
0.499245
0.49924517
0.49924493
0.499245
0.49924523
0.4992448
0.49924487
0.499245
0.49924493
0.49924505
0.49924487
0.49924463
0.4992448
0.4992451
0.49924535
0.49924535
0.49924463
0.49924487
0.4992451
0.49924535
0.499245
0.499245
0.4992453
0.49924505
0.499245
0.49924535
0.4992454
0.499245
0.49924493
0.499245
0.4992448
0.49924523
0.49924505
0.49924523
0.49924517
0.49924487
0.4992453
0.49924487
0.4992451
0.4992451
0.499243
0.49924487
0.499245
0.499245
0.4992451
0.49924517
0.49924487
0.49924546
0.4992448
0.4992451
0.49924654
0.49924487
0.49924523
0.499245
0.499245
0.49924505
0.49924523
0.499245
0.49924403
0.49924392
0.49924487
0.49924487
0.4992454
0.49924475
0.49924505
0.49924475
0.49924523
0.49924523
0.49924493
0.49924475
0.49924517
0.49924505
0.49924517
0.49924523
0.499245
0.499245
0.499245
0.49924487
0.49924523
0.49924523
0.49924517
0.499245
0.49924517
0.4992451
0.4992444
0.49924487
0.49924558
0.49924493
0.49924535
0.49924487
0.49924535
0.49924493
0.49924487
0.49924487
0.49924493
0.49924433
0.49924523
0.4992451
0.49924523
0.49924487
0.49924523
0.49924487
0.4992451
0.49924487
0.4992451
0.4992451
0.49924517
0.4992451
0.49924487
0.4992451
0.49924523
0.4992451
0.4992451
0.49924475
0.49924487
0.4992451
0.49924463
0.49924535
0.49924493
0.49924463
0.49924487
0.49924558
0.499245
0.49924493
0.4992451
0.49924487
0.4992451
0.49924487
0.4992451
0.49924517
0.49924493
0.49924487
0.49924487
0.4992451
0.49924535
0.4992451
0.499245
0.49924505
0.4992451
0.49924505
0.49924475
0.4992451
0.49924523
0.49924535
0.499245
0.49924463
0.49924493
0.49924487
0.49924326
0.49924535
0.49924493
0.4992451
0.49924535
0.49924523
0.49924487
0.49924535
0.4992445
0.4992451
0.4992448
0.49924523
0.49924558
0.49924517
0.4992441
0.49924535
0.49924523
0.49924487
0.49924487
0.499245
0.49924457
0.499245
0.49924475
0.4992451
0.49924487
0.49924487
0.4992451
0.49924523
0.4992448
0.4992444
0.49924517
0.49924475
0.4992453
0.49924523
0.49924558
0.49924475
0.49924487
0.499245
0.49924535
0.499245
0.499245
0.49924487
0.4992451
0.4992447
0.49924523
0.499245
0.49924487
0.49924523
0.49924463
0.49924558
0.499245
0.49924523
0.49924463
0.4992451
0.49924493
0.49924546
0.49924487
0.49924558
0.49924463
0.49924475
0.49924523
0.499245
0.49924487
0.49924493
0.49924523
0.49924463
0.49924475
0.49924535
0.4992451
0.49924517
0.499245
0.499245
0.49924463
0.49924475
0.499245
0.4992444
0.4992448
0.4992451
0.499245
0.4992448
0.4992451
0.49924523
0.49924475
0.49924493
0.49924487
0.499245
0.49924505
0.49924505
0.49924463
0.499245
0.49924457
0.499245
0.4992453
0.4992451
0.4992451
0.49924487
0.499245
0.499245
0.49924523
0.49924546
0.49924493
0.49924487
0.49924487
0.499245
0.4992451
0.49924487
0.4992451
0.49924523
0.49924487
0.49924505
0.49924433
0.4992451
0.4992451
0.4992451
0.4992451
0.4992451
0.49924535
0.49924487
0.49924463
0.4992451
0.499245
0.49924487
0.49924487
0.49924523
0.4992451
0.49924493
0.49924523
0.49924535
0.49924463
0.499245
0.49924487
0.4992451
0.49924517
0.49924487
0.49924546
0.49924535
0.49924517
0.4992435
0.499245
0.499245
0.4992451
0.4992454
0.4992451
0.49924493
0.49924517
0.4992445
0.4992448
0.49924493
0.4992453
0.49924487
0.4992451
0.49924475
0.49924487
0.49924403
0.49924535
0.4992445
0.49924332
0.499245
0.499245
0.49924487
0.49924487
0.49924505
0.4992451
0.49924582
0.49924505
0.499245
0.4992442
0.49924523
0.49924558
0.49924535
0.49924523
0.4992445
0.49924457
0.49924475
0.4992453
0.49924535
0.4992451
0.499245
0.499245
0.49924558
0.4992451
0.49924523
0.49924487
0.499245
0.49924517
0.49924535
0.49924493
0.49924475
0.49924535
0.499245
0.4992451
0.4992451
0.4992451
0.49924546
0.49924546
0.49924523
0.49924523
0.49924523
0.49924487
0.4992453
0.49924517
0.4992453
0.499245
0.4992451
0.49924493
0.49924535
0.49924517
0.49924523
0.49924558
0.49924505
0.499245
0.49924523
0.49924374
0.4992444
0.49924487
0.49924523
0.49924487
0.4992451
0.49924487
0.4992451
0.499245
0.49924505
0.49924475
0.49924475
0.49924487
0.49924523
0.4992453
0.499245
0.4992448
0.49924523
0.49924517
0.49924487
0.49924487
0.49924517
0.4992451
0.4992451
0.49924487
0.49924517
0.4992451
0.4992451
0.4992451
0.49924487
0.4992451
0.499245
0.499245
0.49924523
0.49924463
0.49924475
0.499245
0.49924493
0.4992451
0.49924523
0.49924517
0.49924564
0.499245
0.4992451
0.49924523
0.4992451
0.499245
0.49924475
0.49923995
0.4992451
0.49924487
0.49924487
0.499245
0.49924493
0.49924487
0.49924517
0.49924523
0.49924487
0.49924487
0.499245
0.49924487
0.4992454
0.49924523
0.4992454
0.49924493
0.49924487
0.49924517
0.499245
0.499245
0.49924487
0.49924517
0.4992451
0.49924493
0.49924523
0.49924535
0.49924523
0.49924523
0.49924487
0.49924475
0.49924594
0.49924523
0.49924523
0.49924618
0.49924487
0.49924523
0.49924523
0.4992451
0.49924487
0.49924475
0.49924463
0.49924517
0.499245
0.49924535
0.49924535
0.4992447
0.4992451
0.4992448
0.49924415
0.49924475
0.49924523
0.49924487
0.4992451
0.4992444
0.49924487
0.4992442
0.499245
0.49924546
0.49924523
0.4992451
0.49924517
0.49924475
0.4992451
0.49924523
0.49924475
0.49924487
0.499245
0.49924523
0.49924475
0.49924517
0.4992448
0.49924535
0.49924487
0.4992451
0.49924493
0.4992451
0.4992451
0.49924475
0.49924505
0.4992451
0.4992451
0.49924523
0.49924535
0.49924546
0.4992444
0.49924487
0.4992451
0.49924535
0.49924493
0.49924535
0.4992451
0.49924535
0.49924487
0.49924535
0.4992451
0.4992444
0.49924517
0.49924523
0.49924487
0.4992451
0.4992448
0.49924535
0.49924546
0.4992475
0.49924487
0.49924463
0.49924475
0.4992451
0.49924523
0.49924487
0.49924463
0.49924523
0.49924552
0.49924523
0.49924487
0.4992451
0.49924487
0.49924523
0.49924487
0.49924558
0.49924493
0.499245
0.499245
0.49924523
0.49924487
0.49924505
0.499245
0.49924517
0.49924523
0.499245
0.49924523
0.49924523
0.49924546
0.4992451
0.49924505
0.49924505
0.4992453
0.49924523
0.49924487
0.499245
0.4992451
0.4992451
0.4992451
0.49924487
0.4992451
0.49924487
0.4992448
0.49924487
0.49924535
0.49924517
0.49924493
0.4992451
0.499245
0.49924552
0.49924517
0.4992451
0.499245
0.49924523
0.4992451
0.499245
0.49924535
0.49924475
0.49924487
0.49924517
0.49924475
0.49924475
0.49924463
0.49924475
0.4992451
0.49924475
0.499245
0.49924523
0.49924463
0.49924487
0.4992453
0.49924505
0.49924535
0.49924535
0.4992451
0.4992451
0.499245
0.49924493
0.4992445
0.49924463
0.49924487
0.4992451
0.499245
0.49924505
0.49924523
0.49924487
0.49924493
0.49924505
0.499245
0.49924487
0.49924487
0.49924487
0.49924535
0.49924487
0.49924475
0.49924535
0.4992447
0.49924517
0.49924535
0.4992451
0.49924523
0.4992451
0.49924558
0.499245
0.4992451
0.49924535
0.49924523
0.4992454
0.4992451
0.4992451
0.49924535
0.49924523
0.49924487
0.49924546
0.4992451
0.49924517
0.49924493
0.4992448
0.4992447
0.49924546
0.4992451
0.49924475
0.4992453
0.4992451
0.4992451
0.49924475
0.49924558
0.499245
0.49924517
0.49924523
0.49924523
0.49924475
0.49924487
0.49924475
0.4992451
0.49924475
0.49924546
0.49924487
0.499245
0.4992451
0.49924582
0.4992451
0.49924523
0.4992453
0.49924463
0.499245
0.4992451
0.49924445
0.4992451
0.49924487
0.4992448
0.4992445
0.49924535
0.49924523
0.49924523
0.49924523
0.49924535
0.49924487
0.4992453
0.4992444
0.4992454
0.49924505
0.49924523
0.49924475
0.4992445
0.49924523
0.4992445
0.49924517
0.4992451
0.49924535
0.499245
0.49924535
0.49924487
0.49924505
0.49924487
0.49924535
0.49924558
0.49924475
0.4992448
0.49924487
0.49924505
0.49924487
0.4992451
0.49924523
0.499245
0.4992451
0.49924535
0.49924463
0.4992447
0.499245
0.4992451
0.4992447
0.49924487
0.49924493
0.49924505
0.4992457
0.4992448
0.49924517
0.49924523
0.49924487
0.4992451
0.499245
0.49924523
0.49924517
0.4992451
0.4992448
0.49924475
0.49924463
0.49924523
0.49924535
0.49924487
0.49924487
0.4992451
0.499245
0.49924523
0.4992451
0.49924517
0.49924546
0.49924523
0.49924487
0.49924487
0.49924487
0.499245
0.49924618
0.49924475
0.49924463
0.49924535
0.49924463
0.49924487
0.4992447
0.49924475
0.4992448
0.49924356
0.4992451
0.49924445
0.49924487
0.49924505
0.49924475
0.49924523
0.499245
0.49924505
0.499245
0.4992451
0.49924523
0.4992451
0.49924517
0.49924505
0.4992451
0.49924523
0.499245
0.49924457
0.4992451
0.49924535
0.4992453
0.49924463
0.4992451
0.49924505
0.4992451
0.49924535
0.49924475
0.49924487
0.4992448
0.49924535
0.4992451
0.49924487
0.499245
0.49924463
0.4992451
0.4992451
0.49924535
0.49924463
0.4992451
0.49924535
0.4992451
0.49924523
0.49924487
0.49924475
0.49924523
0.49924487
0.4992451
0.49924493
0.4992451
0.4992451
0.4992447
0.49924475
0.4992454
0.4992451
0.49924523
0.4992448
0.499245
0.499245
0.49924523
0.49924487
0.49924523
0.49924475
0.4992451
0.499245
0.4992447
0.4992454
0.49924535
0.49924523
0.49924427
0.4992448
0.49924475
0.49924493
0.4992451
0.49924505
0.499245
0.49924517
0.499245
0.49924505
0.49924523
0.499245
0.4992451
0.49924523
0.49924463
0.49924487
0.49924523
0.49924523
0.49924493
0.4992451
0.49924505
0.4992451
0.4992454
0.4992451
0.49924505
0.49924487
0.499245
0.49924523
0.49924487
0.4992451
0.49924523
0.49924493
0.49924487
0.49924487
0.499245
0.4992453
0.4992451
0.49924523
0.49924535
0.4992451
0.4992451
0.499245
0.4992451
0.49924523
0.499245
0.49924606
0.49924487
0.49924487
0.4992451
0.49924487
0.4992451
0.49924487
0.499245
0.49924475
0.49924475
0.49924535
0.499245
0.4992453
0.49924463
0.49924594
0.49924505
0.4992457
0.49924457
0.49924493
0.49924463
0.49924287
0.499245
0.4992451
0.49924487
0.49924493
0.49924517
0.499245
0.49924505
0.4992451
0.4992453
0.49924523
0.49924487
0.49924535
0.49924368
0.49924517
0.499245
0.499245
0.49924487
0.4992451
0.499245
0.49924546
0.49924523
0.49924523
0.499245
0.4992451
0.4992451
0.49924475
0.49924523
0.49924475
0.499245
0.49924517
0.49924523
0.499245
0.49924505
0.4992448
0.4992448
0.49924523
0.4992451
0.499245
0.49924505
0.49924487
0.4992451
0.499245
0.49924535
0.499245
0.49924487
0.499245
0.4992454
0.4992448
0.499245
0.49924523
0.499245
0.49924487
0.49924475
0.4992445
0.49924487
0.49924487
0.49924517
0.499245
0.49924517
0.49924463
0.49924505
0.4992453
0.499245
0.4992451
0.49924535
0.4992451
0.49924523
0.4992463
0.49924487
0.4992454
0.49924523
0.49924523
0.49924493
0.499245
0.49924487
0.4992453
0.49924523
0.49924535
0.4992451
0.49924493
0.499245
0.499245
0.49924535
0.49924463
0.4992448
0.49924463
0.49924463
0.49924463
0.4992451
0.4992453
0.49924427
0.49924517
0.4992451
0.49924535
0.49924493
0.4992453
0.49924523
0.4992451
0.49924523
0.4992454
0.49924505
0.49924487
0.499245
0.49924636
0.49924475
0.49924523
0.4992451
0.49924475
0.4992451
0.49924523
0.49924523
0.4992453
0.49924475
0.499245
0.49924523
0.49924487
0.499245
0.49924445
0.49924463
0.499245
0.49924487
0.49924523
0.49924523
0.499245
0.49924487
0.49924523
0.49924487
0.49924487
0.49924535
0.4992451
0.49924493
0.49924517
0.4992453
0.49924463
0.49924517
0.49924427
0.49924558
0.4992453
0.4992451
0.4992451
0.49924523
0.49924487
0.49924475
0.49924523
0.49924523
0.49924523
0.49924505
0.49924517
0.49924487
0.49924535
0.4992451
0.499245
0.4992451
0.4992453
0.49924487
0.4992451
0.49924535
0.49924523
0.49924535
0.4992448
0.49924427
0.49924493
0.4992453
0.49924505
0.49924523
0.499245
0.49924558
0.49924517
0.49924523
0.499245
0.49924463
0.499245
0.49924475
0.499245
0.49924487
0.49924475
0.49924487
0.49924487
0.499245
0.499245
0.49924463
0.49924505
0.499245
0.49924487
0.49924487
0.4992451
0.499245
0.49924415
0.49924535
0.49924415
0.499245
0.49924505
0.4992451
0.49924523
0.49924505
0.4992451
0.4992448
0.49924487
0.4992453
0.49924487
0.49924517
0.49924523
0.49924505
0.49924475
0.49924487
0.49924487
0.499245
0.49924523
0.49924523
0.49924523
0.49924475
0.499245
0.4992454
0.49924523
0.49924487
0.49924487
0.4992448
0.49924517
0.4992451
0.49924618
0.499245
0.4992451
0.49924505
0.4992451
0.4992451
0.4992445
0.49924535
0.4992451
0.4992453
0.4992451
0.49924475
0.49924487
0.49924523
0.4992451
0.49924487
0.4992451
0.49924487
0.49924517
0.4992448
0.4992453
0.49924535
0.49924523
0.499245
0.4992451
0.49924487
0.49924487
0.49924505
0.49924463
0.49924535
0.49924487
0.4992453
0.49924427
0.49924475
0.4992451
0.49924487
0.49924493
0.49924517
0.4992453
0.499245
0.49924487
0.49924475
0.499245
0.49924505
0.4992454
0.4992453
0.49924523
0.4992451
0.49924475
0.499245
0.4992441
0.49924487
0.499245
0.49924475
0.49924517
0.49924493
0.49924487
0.49924546
0.49924457
0.49924523
0.4992448
0.4992447
0.49924487
0.49924523
0.49924475
0.49924523
0.499245
0.49924463
0.49924487
0.49924523
0.49924463
0.49924523
0.4992451
0.49924523
0.49924517
0.4992451
0.499245
0.49924505
0.49924558
0.499245
0.4992451
0.49924475
0.49924535
0.4992457
0.49924487
0.4992453
0.4992447
0.49924558
0.49924475
0.49924535
0.499245
0.49924523
0.4992442
0.4992451
0.4992454
0.4992453
0.49924523
0.49924517
0.49924487
0.4992451
0.49924487
0.49924463
0.49924505
0.4992454
0.49924475
0.49924475
0.4992451
0.49924535
0.49924535
0.49924517
0.4992447
0.4992451
0.4992453
0.499245
0.49924487
0.49924523
0.49924487
0.49924535
0.49924505
0.49924463
0.4992451
0.49924487
0.49924487
0.4992445
0.49924505
0.4992451
0.49924475
0.4992451
0.49924487
0.4992444
0.49924487
0.4992447
0.4992451
0.4992451
0.49924487
0.49924535
0.49924463
0.49924535
0.4992451
0.4992447
0.49924505
0.49924445
0.49924475
0.49924505
0.49924523
0.49924493
0.49924487
0.49924487
0.49924475
0.49924505
0.49924493
0.49924523
0.49924535
0.4992451
0.49924475
0.4992448
0.499245
0.4992447
0.49924523
0.4992451
0.49924523
0.49924535
0.49924523
0.49924463
0.4992451
0.4992451
0.4992451
0.49924427
0.499245
0.4992451
0.49924523
0.4992451
0.49924523
0.4992444
0.49924487
0.49924505
0.49924517
0.49924463
0.49924463
0.49924487
0.4992451
0.49924493
0.49924487
0.49924517
0.499245
0.49924517
0.4992451
0.4992451
0.499245
0.49924505
0.4992451
0.49924487
0.4992448
0.4992453
0.49924523
0.499245
0.4992451
0.49924505
0.499245
0.499245
0.49924487
0.499245
0.49924523
0.4992445
0.49924523
0.4992445
0.499245
0.49924463
0.49924517
0.49924535
0.4992453
0.499245
0.49924487
0.49924535
0.49924546
0.49924535
0.49924475
0.49924523
0.49924523
0.49924535
0.49924487
0.49924523
0.49924523
0.499245
0.4992451
0.499245
0.49924487
0.49924523
0.49924463
0.49924463
0.49924523
0.49924517
0.4992451
0.4992448
0.49924475
0.49924523
0.499245
0.4992451
0.49924517
0.499245
0.49924475
0.49924517
0.4992451
0.4992445
0.49924535
0.49924463
0.49924523
0.49924487
0.49924427
0.4992451
0.49924523
0.49924523
0.49924523
0.49924475
0.49924535
0.49924523
0.49924523
0.4992448
0.49924487
0.499245
0.4992451
0.4992447
0.49924463
0.49924487
0.4992451
0.49924523
0.49924475
0.49924493
0.49924523
0.49924535
0.49924475
0.4992451
0.49924523
0.49924523
0.4992447
0.49924487
0.49924493
0.49924475
0.4992445
0.4992451
0.4992457
0.4992451
0.49924618
0.499245
0.4992447
0.4992451
0.4992451
0.4992453
0.49924493
0.4992451
0.49924493
0.49924493
0.4992451
0.49924517
0.49924475
0.4992451
0.49924523
0.49924523
0.4992445
0.49924523
0.49924535
0.4992451
0.49924517
0.499245
0.49924475
0.49924487
0.4992453
0.499245
0.499245
0.499245
0.49924523
0.49924523
0.499245
0.4992451
0.49924487
0.49924523
0.49924475
0.49924487
0.4992451
0.499245
0.49924475
0.49924523
0.49924463
0.49924505
0.4992447
0.4992451
0.49924487
0.49924493
0.49924487
0.499245
0.499245
0.4992448
0.4992448
0.499245
0.499245
0.499245
0.49924487
0.4992451
0.49924523
0.4992453
0.499245
0.4992445
0.49924487
0.4992451
0.4992451
0.49924505
0.499245
0.4992445
0.4992448
0.49924487
0.499245
0.49924523
0.49924487
0.49924487
0.49924505
0.4992448
0.49924487
0.49924493
0.49924517
0.49924523
0.499245
0.4992451
0.49924487
0.49924487
0.4992454
0.4992453
0.49924487
0.49924523
0.49924475
0.499245
0.4992448
0.4992451
0.49924535
0.49924505
0.4992451
0.49924487
0.499245
0.49924517
0.49924535
0.49924493
0.49924523
0.499245
0.4992451
0.49924487
0.4992453
0.49924558
0.49924517
0.499245
0.49924487
0.4992451
0.49924505
0.49924535
0.4992453
0.4992448
0.49924475
0.499245
0.49924475
0.4992448
0.4992453
0.49924552
0.49924487
0.49924487
0.4992445
0.49924517
0.499245
0.49924505
0.4992451
0.4992451
0.49924487
0.49924523
0.4992451
0.49924505
0.4992451
0.49924487
0.49924493
0.49924505
0.49924487
0.49924535
0.4992447
0.4992451
0.49924546
0.49924493
0.49924535
0.4992451
0.49924505
0.4992451
0.49924523
0.49924463
0.4992451
0.4992451
0.4992451
0.49924493
0.49924487
0.49924475
0.49924475
0.49924487
0.49924523
0.49924558
0.499245
0.4992451
0.49924493
0.49924475
0.49924505
0.49924517
0.49924487
0.4992451
0.49924415
0.49924523
0.4992451
0.4992451
0.499245
0.49924433
0.49924523
0.49924487
0.49924606
0.499245
0.49924463
0.49924487
0.49924546
0.49924517
0.49924523
0.4992451
0.499245
0.499245
0.499245
0.4992451
0.49924517
0.49924523
0.4992451
0.4992447
0.49924487
0.4992445
0.49924493
0.49924475
0.49924487
0.4992448
0.49924493
0.4992448
0.4992451
0.499245
0.4992454
0.49924523
0.499245
0.499245
0.49924523
0.49924487
0.49924517
0.49924487
0.49924523
0.49924487
0.4992451
0.4992451
0.49924487
0.49924463
0.49924505
0.499245
0.49924517
0.49924487
0.49924552
0.49924523
0.49924368
0.499245
0.499245
0.499245
0.49924475
0.49924558
0.49924523
0.49924523
0.499245
0.4992448
0.49924475
0.4992451
0.49924475
0.49924552
0.499245
0.499245
0.49924487
0.49924588
0.4992445
0.49924505
0.499245
0.49924523
0.4992444
0.4992451
0.4992451
0.49924493
0.4992451
0.49924493
0.4992454
0.499245
0.49924463
0.49924493
0.49924487
0.4992451
0.4992451
0.49924475
0.49924487
0.499245
0.49924487
0.4992451
0.49924487
0.49924493
0.4992451
0.4992451
0.4992448
0.49924487
0.49924463
0.49924517
0.49924523
0.49924475
0.49924523
0.49924535
0.49924487
0.49924552
0.49924487
0.49924535
0.499245
0.49924487
0.4992453
0.499245
0.49924487
0.499245
0.4992444
0.499245
0.49924523
0.49924517
0.4992448
0.49924523
0.49924535
0.499245
0.4992451
0.49924475
0.49924463
0.49924487
0.49924523
0.49924517
0.499245
0.49924475
0.499245
0.49924535
0.49924487
0.49924463
0.4992451
0.4992451
0.49924487
0.49924475
0.499245
0.4992454
0.49924505
0.49924427
0.49924505
0.49924523
0.4992451
0.49924523
0.49924493
0.499245
0.49924475
0.4992451
0.49924487
0.49924475
0.49924523
0.49924517
0.4992457
0.49924523
0.4992451
0.49924427
0.49924463
0.49924487
0.49924523
0.499245
0.4992451
0.49924505
0.49924463
0.49924475
0.4992451
0.49924523
0.49924463
0.49924493
0.49924487
0.499245
0.49924517
0.4992448
0.4992453
0.49924535
0.4992451
0.49924493
0.49924475
0.49924475
0.49924487
0.4992451
0.499245
0.49924523
0.499245
0.4992448
0.499245
0.49924487
0.49924535
0.49924493
0.49924487
0.49924523
0.49924475
0.4992451
0.49924505
0.49924493
0.49924487
0.4992451
0.499245
0.49924487
0.49924523
0.49924546
0.49924487
0.49924493
0.49924487
0.49924445
0.49924475
0.49924546
0.499245
0.49924523
0.49924493
0.49924463
0.4992451
0.4992451
0.499245
0.49924517
0.499245
0.49924523
0.499245
0.49924505
0.4992444
0.49924463
0.49924487
0.4992453
0.4992438
0.49924487
0.4992447
0.4992445
0.499245
0.49924463
0.49924487
0.49924493
0.49924535
0.49924535
0.49924523
0.49924535
0.49924505
0.49924475
0.499245
0.4992453
0.49924535
0.49924505
0.49924487
0.49924487
0.49924493
0.49924487
0.49924487
0.499245
0.4992451
0.499245
0.499245
0.4992448
0.49924535
0.49924505
0.49924463
0.49924505
0.49924487
0.49924517
0.49924517
0.4992451
0.49924487
0.49924505
0.49924505
0.49924523
0.4992448
0.49924505
0.49924433
0.49924523
0.49924523
0.49924475
0.49924535
0.4992445
0.49924517
0.4992444
0.49924463
0.4992448
0.49924487
0.499245
0.499245
0.49924487
0.4992451
0.49924523
0.49924475
0.499245
0.49924487
0.49924523
0.49924487
0.49924523
0.49924487
0.49924493
0.4992448
0.49924505
0.49924487
0.4992448
0.499245
0.49924475
0.4992451
0.499245
0.4992451
0.499245
0.499245
0.49924535
0.4992453
0.49924535
0.4992448
0.49924523
0.4992451
0.49924523
0.4992453
0.4992451
0.49924487
0.499245
0.49924487
0.499245
0.49924475
0.4992451
0.4992453
0.49924523
0.49924463
0.49924493
0.49924487
0.49924505
0.49924546
0.4992451
0.4992448
0.49924535
0.49924517
0.49924505
0.49924517
0.499245
0.499245
0.49924487
0.4992451
0.49924505
0.49924475
0.49924475
0.4992451
0.49924523
0.49924487
0.49924546
0.49924487
0.49924487
0.4992448
0.4992453
0.4992448
0.49924493
0.4992448
0.4992445
0.4992451
0.499245
0.4992451
0.49924523
0.499245
0.4992451
0.49924523
0.499245
0.49924535
0.49924475
0.49924535
0.4992451
0.4992444
0.49924487
0.4992451
0.49924487
0.499245
0.49924475
0.499245
0.4992448
0.4992451
0.49924493
0.4992451
0.499245
0.49924487
0.499245
0.49924546
0.49924487
0.49924475
0.49924463
0.4992451
0.4992451
0.499245
0.49924487
0.49924535
0.49924505
0.49924505
0.49924523
0.4992451
0.49924487
0.49924517
0.4992451
0.49924523
0.49924523
0.4992451
0.49924487
0.499245
0.499245
0.4992445
0.49924546
0.49924475
0.4992451
0.4992451
0.49924475
0.4992451
0.4992451
0.49924505
0.499245
0.49924487
0.4992451
0.4992451
0.499245
0.4992451
0.49924475
0.499245
0.4992451
0.4992451
0.4992453
0.49924523
0.49924546
0.49924505
0.49924487
0.4992453
0.49924523
0.49924523
0.49924517
0.499245
0.4992445
0.4992451
0.49924546
0.4992451
0.4992451
0.4992442
0.49924505
0.4992451
0.4992451
0.49924546
0.49924505
0.49924463
0.4992451
0.4992451
0.4992451
0.499245
0.49924487
0.49924535
0.49924517
0.499245
0.4992451
0.4992451
0.49924463
0.4992448
0.499245
0.49924505
0.4992451
0.49924535
0.4992451
0.49924523
0.499245
0.4992445
0.499245
0.49924523
0.4992451
0.49924463
0.4992451
0.49924517
0.499245
0.49924552
0.4992451
0.4992448
0.49924523
0.4992451
0.4992451
0.49924487
0.49924445
0.499245
0.49924523
0.49924487
0.49924523
0.49924505
0.49924523
0.49924505
0.49924505
0.49924475
0.49924517
0.4992448
0.49924517
0.49924487
0.4992451
0.49924493
0.49924427
0.49924487
0.4992447
0.49924487
0.49924475
0.49924523
0.4992451
0.49924535
0.49924552
0.49924487
0.4992451
0.49924517
0.499245
0.49924523
0.49924517
0.499245
0.4992451
0.49924427
0.4992451
0.49924517
0.49924493
0.499245
0.4992447
0.4992453
0.49924535
0.49924493
0.49924487
0.4992451
0.4992451
0.4992451
0.49924493
0.49924523
0.49924535
0.49924546
0.49924475
0.4992448
0.49924517
0.49924463
0.499245
0.49924523
0.499245
0.499245
0.499245
0.499245
0.49924487
0.4992451
0.49924463
0.49924523
0.49924517
0.49924546
0.4992448
0.49924493
0.49924505
0.49924505
0.4992447
0.49924487
0.49924487
0.49924523
0.49924523
0.49924523
0.49924487
0.4992448
0.499245
0.4992451
0.49924546
0.49924493
0.49924475
0.49924523
0.4992451
0.49924505
0.499245
0.49924523
0.49924493
0.4992451
0.49924523
0.49924493
0.49924523
0.499245
0.49924505
0.499245
0.499245
0.49924523
0.49924523
0.49924517
0.49924523
0.49924487
0.4992451
0.49924493
0.49924552
0.49924487
0.4992451
0.4992451
0.4992453
0.49924487
0.49924403
0.49924523
0.4992454
0.49924475
0.499245
0.4992447
0.49924523
0.49924475
0.4992457
0.49924523
0.499245
0.49924475
0.49924487
0.49924523
0.49924523
0.4992451
0.49924523
0.49924523
0.499245
0.4992451
0.49924487
0.49924487
0.4992451
0.4992451
0.4992448
0.4992453
0.4992444
0.49924505
0.49924517
0.4992451
0.4992453
0.49924487
0.49924487
0.49924523
0.4992451
0.499245
0.49924582
0.499245
0.4992457
0.499245
0.49924475
0.4992451
0.49924463
0.49924535
0.4992451
0.499245
0.49924546
0.49924487
0.49924517
0.49924463
0.4992453
0.499245
0.49924523
0.4992441
0.49924487
0.4992445
0.4992451
0.49924475
0.49924475
0.49924493
0.4992451
0.49924445
0.49924487
0.49924487
0.49924523
0.49924487
0.4992451
0.4992445
0.49924505
0.49924606
0.4992453
0.49924493
0.49924523
0.4992448
0.49924493
0.49924517
0.49924517
0.4992451
0.49924517
0.49924523
0.4992451
0.4992453
0.4992451
0.4992453
0.49924523
0.4992453
0.49924523
0.4992453
0.49924517
0.49924523
0.49924523
0.49924523
0.499245
0.49924487
0.49924487
0.4992451
0.4992451
0.4992451
0.49924517
0.49924505
0.49924558
0.49924487
0.49924582
0.49924517
0.4992448
0.4992448
0.49924535
0.49924517
0.499245
0.499245
0.4992454
0.499245
0.4992451
0.4992451
0.49924505
0.49924523
0.49924487
0.4992451
0.49924517
0.4992451
0.49924493
0.49924523
0.49924475
0.49924505
0.4992451
0.49924475
0.49924463
0.499245
0.49924463
0.49924546
0.49924517
0.49924487
0.49924475
0.4992451
0.49924487
0.49924505
0.49924493
0.4992451
0.49924463
0.49924713
0.499245
0.4992451
0.49924546
0.49924505
0.49924463
0.49924505
0.49924457
0.49924487
0.499245
0.49924475
0.4992453
0.49924475
0.49924487
0.49924493
0.499245
0.4992451
0.49924517
0.49924487
0.49924487
0.4992448
0.49924552
0.49924487
0.49924493
0.49924445
0.4992451
0.4992451
0.49924517
0.49924487
0.4992451
0.49924505
0.49924427
0.49924523
0.49924558
0.49924427
0.4992453
0.49924487
0.49924517
0.49924523
0.49924535
0.4992451
0.49924642
0.4992451
0.4992451
0.49924517
0.49924487
0.49924505
0.49924546
0.49924535
0.499245
0.499245
0.4992451
0.49924493
0.49924475
0.49924463
0.49924493
0.4992451
0.49924546
0.49924535
0.4992451
0.49924487
0.4992448
0.49924546
0.49924457
0.49924517
0.49924505
0.49924493
0.4992453
0.499245
0.4992451
0.49924475
0.4992451
0.4992451
0.49924535
0.49924517
0.49924487
0.4992451
0.49924523
0.499245
0.499245
0.4992451
0.4992451
0.49924523
0.4992451
0.49924493
0.49924523
0.49924463
0.49924517
0.49924517
0.4992447
0.49924523
0.49924523
0.49924457
0.4992451
0.4992448
0.49924487
0.49924535
0.49924535
0.49924546
0.49924523
0.49924517
0.4992451
0.49924445
0.49924487
0.49924487
0.49924493
0.49924487
0.499245
0.4992451
0.4992451
0.4992451
0.49924517
0.49924487
0.49924487
0.49924546
0.4992445
0.49924487
0.49924523
0.49924475
0.49924487
0.49924487
0.49924523
0.49924517
0.49924493
0.4992451
0.4992448
0.4992451
0.4992447
0.49924457
0.49924523
0.49924487
0.4992448
0.49924397
0.49924535
0.4992448
0.49924505
0.49924523
0.49924517
0.499245
0.49924487
0.49924517
0.49924487
0.4992451
0.49924487
0.49924487
0.4992454
0.49924523
0.499245
0.49924463
0.4992451
0.49924546
0.499245
0.49924505
0.49924535
0.49924487
0.49924517
0.4992451
0.49924523
0.499245
0.4992451
0.49924564
0.49924535
0.4992451
0.49924487
0.49924666
0.49924463
0.49924487
0.49924487
0.49924523
0.49924487
0.49924523
0.4992453
0.4992451
0.49924523
0.49924475
0.4992453
0.4992448
0.49924475
0.49924523
0.4992451
0.49924475
0.49924487
0.4992451
0.499245
0.49924523
0.4992451
0.49924505
0.49924552
0.499245
0.49924487
0.499245
0.49924523
0.49924523
0.499245
0.499245
0.49924493
0.49924487
0.4992451
0.499245
0.49924487
0.499245
0.4992448
0.4992451
0.49924535
0.49924475
0.4992447
0.499245
0.4992451
0.4992451
0.49924546
0.4992451
0.499245
0.499245
0.49924523
0.4992448
0.49924523
0.49924582
0.4992457
0.49924523
0.499245
0.4992451
0.4992453
0.4992451
0.4992453
0.4992453
0.49924523
0.49924493
0.4992451
0.49924463
0.499245
0.4992451
0.49924523
0.49924463
0.4992451
0.49924505
0.49924523
0.49924487
0.49924487
0.49924493
0.4992445
0.49924487
0.49924505
0.49924487
0.4992442
0.49924535
0.4992445
0.4992453
0.49924535
0.499245
0.49924523
0.499245
0.49924475
0.49924523
0.4992451
0.49924493
0.49924487
0.49924535
0.49924523
0.49924535
0.4992451
0.49924475
0.49924493
0.499245
0.4992451
0.499245
0.4992451
0.499245
0.4992454
0.49924558
0.4992448
0.49924523
0.4992454
0.4992451
0.499245
0.49924523
0.49924487
0.4992445
0.4992451
0.49924523
0.49924523
0.49924487
0.49924517
0.49924487
0.499245
0.499245
0.499245
0.4992451
0.49924475
0.49924487
0.49924487
0.4992451
0.49924487
0.49924475
0.4992448
0.49924523
0.4992451
0.49924523
0.49924517
0.49924475
0.49924475
0.499245
0.49924517
0.4992454
0.49924535
0.499245
0.49924493
0.49924487
0.49924517
0.49924487
0.49924523
0.49924523
0.49924517
0.49924523
0.4992448
0.49924517
0.49924445
0.49924427
0.49924535
0.4992451
0.49924523
0.4992451
0.49924475
0.4992451
0.49924523
0.49924415
0.4992448
0.49924493
0.49924487
0.49924475
0.499245
0.49924523
0.4992447
0.49924505
0.49924487
0.49924523
0.4992453
0.49924535
0.499245
0.4992445
0.4992451
0.49924487
0.49924487
0.49924475
0.49924493
0.49924463
0.4992451
0.49924517
0.49924505
0.499245
0.49924535
0.49924517
0.49924475
0.4992451
0.49924523
0.499245
0.4992451
0.49924463
0.49924487
0.49924463
0.49924493
0.499245
0.49924606
0.499245
0.49924517
0.49924287
0.499245
0.49924523
0.49924475
0.4992451
0.4992441
0.4992448
0.49924517
0.49924517
0.499245
0.499245
0.4992448
0.49924523
0.49924523
0.4992454
0.4992451
0.49924487
0.49924493
0.4992451
0.499245
0.49924523
0.4992453
0.499245
0.4992457
0.49924457
0.499245
0.4992451
0.49924558
0.49924433
0.49924517
0.49924523
0.49924463
0.4992451
0.499245
0.4992445
0.4992451
0.49924535
0.49924463
0.49924517
0.4992451
0.49924487
0.49924487
0.49924386
0.49924493
0.4992451
0.49924487
0.49924523
0.49924505
0.49924523
0.49924475
0.49924475
0.49924463
0.49924493
0.49924433
0.499245
0.4992451
0.49924546
0.49924517
0.49924487
0.4992447
0.49924558
0.49924523
0.49924487
0.49924487
0.499245
0.49924517
0.4992451
0.4992451
0.4992451
0.49924523
0.4992451
0.49924487
0.49924487
0.49924487
0.49924517
0.49924523
0.499245
0.49924523
0.49924445
0.4992451
0.49924487
0.49924523
0.49924505
0.49924505
0.49924475
0.499245
0.4992451
0.49924463
0.4992448
0.49924475
0.49924523
0.4992453
0.49924523
0.4992451
0.49924523
0.4992451
0.4992448
0.4992445
0.49924523
0.499245
0.4992453
0.49924487
0.499245
0.4992453
0.49924487
0.49924517
0.4992448
0.4992453
0.499245
0.49924535
0.49924505
0.4992451
0.49924505
0.49924535
0.499245
0.49924517
0.499245
0.4992451
0.49924517
0.499245
0.49924475
0.49924487
0.49924517
0.499245
0.49924463
0.49924523
0.4992451
0.49924487
0.4992451
0.49924523
0.49924487
0.49924523
0.49924523
0.49924487
0.49924505
0.49924535
0.49924493
0.49924475
0.4992451
0.49924487
0.49924523
0.4992453
0.49924523
0.4992447
0.499245
0.4992438
0.49924487
0.4992451
0.499245
0.49924487
0.49924493
0.4992451
0.49924517
0.49924487
0.49924475
0.49924505
0.4992451
0.4992451
0.49924523
0.49924505
0.49924523
0.49924487
0.499245
0.49924523
0.49924546
0.499245
0.49924517
0.4992451
0.4992448
0.4992444
0.49924487
0.49924523
0.4992451
0.4992451
0.49924487
0.499245
0.49924487
0.49924505
0.499245
0.4992445
0.49924517
0.49924493
0.49924523
0.4992451
0.4992451
0.49924493
0.49924457
0.49924487
0.49924535
0.4992451
0.49924535
0.49924475
0.49924523
0.49924493
0.49924493
0.49924493
0.4992451
0.4992451
0.49924523
0.49924523
0.49924535
0.499245
0.49924523
0.49924475
0.49924523
0.4992451
0.49924523
0.49924517
0.499245
0.49924517
0.49924493
0.49924475
0.499245
0.49924505
0.49924487
0.499245
0.49924487
0.4992451
0.4992451
0.4992445
0.49924523
0.49924546
0.49924523
0.49924505
0.49924493
0.49924463
0.49924487
0.499245
0.49924487
0.499245
0.499245
0.49924523
0.49924487
0.49924523
0.4992447
0.49924523
0.49924463
0.4992451
0.4992451
0.4992451
0.4992457
0.49924475
0.49924558
0.49924445
0.4992453
0.49924523
0.4992451
0.4992451
0.49924552
0.49924445
0.4992451
0.4992451
0.499245
0.4992451
0.4992451
0.49924493
0.4992453
0.4992451
0.49924487
0.49924493
0.4992447
0.4992451
0.499245
0.49924546
0.49924523
0.49924475
0.499245
0.4992444
0.49924523
0.49924475
0.499245
0.49924475
0.49924487
0.499245
0.49924475
0.49924415
0.49924487
0.49924487
0.49924523
0.49924487
0.49924523
0.4992448
0.4992451
0.499245
0.4992453
0.49924523
0.49924463
0.4992453
0.4992451
0.4992444
0.49924535
0.49924535
0.49924487
0.49924493
0.49924523
0.49924523
0.499245
0.499245
0.4992451
0.49924588
0.4992453
0.49924523
0.49924505
0.499245
0.499245
0.49924505
0.49924505
0.499245
0.4992453
0.49924505
0.49924523
0.49924475
0.4992451
0.49924523
0.4992447
0.49924546
0.499245
0.4992451
0.49924487
0.49924523
0.49924523
0.49924535
0.49924463
0.499245
0.4992451
0.49924493
0.49924475
0.49924523
0.4992451
0.4992453
0.499245
0.49924523
0.49924523
0.4992451
0.49924505
0.49924523
0.49924487
0.49924505
0.49924535
0.49924475
0.499245
0.49924624
0.4992448
0.4992448
0.49924493
0.49924487
0.49924523
0.49924487
0.4992451
0.4992451
0.49924517
0.49924535
0.49924487
0.4992453
0.49924517
0.49924493
0.49924523
0.49924475
0.4992453
0.4992451
0.499245
0.49924535
0.49924523
0.49924505
0.49924463
0.499245
0.499245
0.4992451
0.4992431
0.49924546
0.4992453
0.49924475
0.4992451
0.499245
0.4992451
0.49924523
0.49924546
0.49924505
0.4992451
0.49924487
0.4992448
0.4992451
0.49924463
0.4992451
0.49924463
0.499245
0.49924523
0.4992451
0.499245
0.4992451
0.499245
0.49924523
0.4992451
0.49924535
0.499245
0.49924475
0.4992451
0.49924487
0.49924487
0.49924535
0.49924523
0.4992451
0.49924517
0.499245
0.4992451
0.4992451
0.49924463
0.49924517
0.49924523
0.4992445
0.49924546
0.4992451
0.49924517
0.49924523
0.499245
0.499245
0.49924475
0.49924523
0.4992445
0.49924523
0.49924493
0.49924505
0.49924505
0.49924523
0.49924523
0.4992445
0.499245
0.49924535
0.49924475
0.49924463
0.49924487
0.49924487
0.49924487
0.49924523
0.499245
0.4992451
0.499245
0.4992451
0.49924475
0.4992451
0.49924487
0.49924487
0.49924523
0.49924564
0.4992451
0.49924517
0.49924523
0.49924397
0.49924427
0.49924493
0.49924475
0.49924535
0.4992451
0.49924505
0.49924546
0.49924487
0.49924475
0.4992447
0.49924487
0.49924523
0.4992451
0.4992453
0.49924523
0.49924523
0.49924535
0.49924505
0.49924523
0.4992453
0.4992451
0.49924487
0.4992453
0.4992451
0.49924487
0.4992451
0.49924505
0.4992451
0.49924487
0.49924535
0.49924535
0.499245
0.4992453
0.4992451
0.49924493
0.49924505
0.49924487
0.49924523
0.49924487
0.49924523
0.49924475
0.499245
0.49924552
0.49924523
0.4992451
0.4992453
0.499245
0.499245
0.499245
0.4992451
0.49924523
0.49924475
0.4992442
0.499245
0.49924535
0.49924523
0.49924487
0.4992447
0.499245
0.49924487
0.4992451
0.49924523
0.4992451
0.49924523
0.49924475
0.4992453
0.49924523
0.49924535
0.49924523
0.49924535
0.4992445
0.4992445
0.49924487
0.499245
0.49924505
0.49924523
0.499245
0.49924523
0.499245
0.49924546
0.49924493
0.4992451
0.4992451
0.499245
0.49924386
0.4992451
0.4992451
0.4992451
0.49924517
0.49924505
0.49924523
0.49924523
0.49924505
0.49924475
0.4992451
0.4992451
0.499245
0.49924487
0.49924475
0.49924535
0.49924487
0.49924517
0.49924505
0.49924475
0.49924523
0.49924445
0.49924475
0.49924457
0.49924523
0.49924475
0.4992451
0.499245
0.49924523
0.49924535
0.499245
0.4992451
0.49924493
0.49924487
0.49924523
0.49924475
0.49924475
0.4992444
0.49924475
0.4992451
0.499245
0.4992448
0.49924487
0.499245
0.49924487
0.499245
0.49924475
0.4992454
0.49924546
0.49924517
0.49924523
0.49924487
0.49924487
0.49924523
0.4992448
0.49924487
0.49924523
0.4992451
0.4992448
0.49924475
0.4992451
0.49924523
0.49924517
0.4992451
0.49924487
0.4992447
0.499245
0.49924535
0.49924535
0.49924475
0.49924523
0.4992451
0.4992451
0.49924523
0.49924505
0.49924487
0.49924475
0.4992438
0.4992451
0.4992445
0.4992451
0.4992447
0.49924523
0.4992447
0.49924475
0.499245
0.4992451
0.49924487
0.49924523
0.4992451
0.499245
0.49924505
0.4992451
0.499245
0.49924374
0.49924505
0.4992442
0.49924493
0.49924535
0.49924475
0.499245
0.49924523
0.49924493
0.49924523
0.49924445
0.49924523
0.49924493
0.49924523
0.49924523
0.49924505
0.4992451
0.49924493
0.4992453
0.4992448
0.499245
0.49924546
0.49924523
0.4992447
0.499245
0.4992451
0.49924487
0.4992451
0.49924475
0.499245
0.49924487
0.49924546
0.49924487
0.49924523
0.49924523
0.49924487
0.49924523
0.4992451
0.49924487
0.49924523
0.499245
0.49924463
0.4992445
0.49924535
0.49924487
0.49924487
0.4992453
0.49924505
0.49924517
0.499245
0.499245
0.4992451
0.49924546
0.49924523
0.49924546
0.49924475
0.49924505
0.4992451
0.49924523
0.4992451
0.49924487
0.49924475
0.4992448
0.499245
0.49924463
0.4992444
0.49924457
0.4992451
0.49924487
0.4992451
0.49924487
0.49924487
0.49924487
0.4992451
0.4992451
0.49924487
0.49924546
0.49924487
0.49924535
0.4992451
0.4992451
0.49924535
0.49924493
0.49924487
0.49924487
0.49924487
0.49924523
0.49924505
0.4992451
0.49924523
0.49924487
0.49924487
0.49924487
0.49924523
0.49924475
0.49924517
0.49924493
0.499245
0.499245
0.49924535
0.49924487
0.49924517
0.49924487
0.49924475
0.4992448
0.49924535
0.499245
0.4992451
0.4992451
0.499245
0.49924487
0.49924523
0.49924487
0.49924535
0.4992451
0.4992451
0.4992447
0.49924612
0.49924487
0.49924403
0.4992451
0.49924523
0.49924487
0.4992453
0.49924546
0.4992451
0.49924523
0.4992451
0.49924535
0.4992451
0.4992453
0.499245
0.49924463
0.49924535
0.49924517
0.499245
0.4992451
0.4992445
0.4992451
0.499245
0.49924523
0.49924487
0.49924475
0.4992448
0.499245
0.4992451
0.499245
0.499245
0.499245
0.49924493
0.49924523
0.4992451
0.4992451
0.49924523
0.49924475
0.49924493
0.49924558
0.49924523
0.4992444
0.49924475
0.49924475
0.499245
0.49924505
0.499245
0.49924546
0.499245
0.49924475
0.49924523
0.49924535
0.4992451
0.49924505
0.49924493
0.49924505
0.499245
0.4992451
0.49924487
0.49924463
0.49924463
0.49924517
0.4992451
0.49924445
0.4992451
0.4992447
0.4992451
0.4992447
0.49924487
0.499245
0.49924463
0.49924535
0.49924535
0.499245
0.49924493
0.49924505
0.49924487
0.4992447
0.49924487
0.4992451
0.49924433
0.49924457
0.49924463
0.4992447
0.4992451
0.49924493
0.49924517
0.49924523
0.49924487
0.49924535
0.49924487
0.499245
0.4992454
0.49924523
0.49924487
0.4992451
0.4992454
0.49924505
0.4992453
0.49924523
0.49924505
0.49924523
0.49924487
0.49924517
0.49924487
0.49924487
0.4992448
0.4992448
0.4992453
0.499245
0.49924535
0.49924475
0.49924475
0.4992453
0.4992451
0.49924523
0.49924487
0.49924493
0.499245
0.499245
0.49924517
0.4992444
0.4992453
0.4992445
0.49924517
0.49924546
0.4992451
0.49924523
0.499245
0.49924535
0.49924523
0.4992451
0.49924505
0.49924564
0.4992451
0.49924594
0.49924523
0.4992451
0.49924535
0.499245
0.49924487
0.49924397
0.4992451
0.49924493
0.4992451
0.49924463
0.49924523
0.49924493
0.49924463
0.49924546
0.49924463
0.49924523
0.49924517
0.4992451
0.49924564
0.499245
0.49924535
0.49924487
0.49924487
0.49924582
0.4992453
0.4992451
0.49924463
0.49924475
0.49924487
0.49924535
0.49924535
0.49924535
0.4992453
0.49924487
0.49924517
0.49924523
0.49924505
0.499245
0.499245
0.49924505
0.4992453
0.4992451
0.4992442
0.49924523
0.4992451
0.49924546
0.49924505
0.49924523
0.49924475
0.4992448
0.4992451
0.4992451
0.49924523
0.49924487
0.4992448
0.49924487
0.49924505
0.4992444
0.49924487
0.4992451
0.49924523
0.49924487
0.49924523
0.49924287
0.499245
0.49924517
0.49924427
0.4992451
0.499245
0.49924445
0.49924463
0.49924487
0.49924463
0.49924493
0.4992445
0.49924493
0.499245
0.499245
0.4992451
0.49924517
0.49924475
0.499245
0.499245
0.49924487
0.49924505
0.4992451
0.49924475
0.49924463
0.49924493
0.49924475
0.4992451
0.4992451
0.499245
0.49924523
0.499245
0.4992451
0.4992453
0.49924523
0.4992451
0.4992451
0.4992453
0.49924487
0.49924523
0.49924517
0.4992445
0.499245
0.4992448
0.499245
0.499245
0.4992451
0.4992451
0.49924475
0.4992451
0.4992448
0.4992451
0.49924487
0.499245
0.49924487
0.49924457
0.49924535
0.4992451
0.4992451
0.49924392
0.499245
0.49924523
0.49924523
0.4992445
0.49924475
0.49924487
0.49924523
0.4992445
0.49924493
0.4992454
0.4992451
0.49924356
0.49924475
0.49924493
0.49924517
0.4992445
0.499245
0.49924523
0.49924535
0.49924475
0.49924535
0.4992445
0.4992451
0.49924457
0.499245
0.4992454
0.49924475
0.49924517
0.4992451
0.49924463
0.499245
0.49924517
0.49924517
0.49924487
0.49924487
0.4992448
0.499245
0.4992451
0.49924487
0.49924368
0.49924523
0.49924517
0.4992453
0.49924523
0.49924505
0.49924517
0.49924505
0.4992451
0.4992451
0.49924535
0.49924487
0.49924475
0.49924517
0.49924493
0.49924505
0.499245
0.4992451
0.4992451
0.4992451
0.499245
0.499245
0.49924493
0.4992453
0.49924475
0.4992453
0.49924523
0.4992453
0.49924493
0.4992453
0.49924487
0.499245
0.49924487
0.499245
0.4992451
0.4992445
0.49924517
0.49924487
0.4992451
0.49924523
0.49924475
0.49924463
0.49924523
0.49924517
0.4992448
0.49924463
0.49924517
0.49924523
0.49924493
0.49924487
0.49924475
0.49924475
0.49924487
0.49924517
0.49924505
0.4992451
0.49924523
0.49924546
0.499245
0.4992451
0.49924552
0.4992448
0.49924487
0.49924475
0.49924535
0.4992447
0.49924523
0.499245
0.49924368
0.499245
0.49924523
0.49924463
0.499245
0.49924475
0.49924475
0.4992451
0.49924505
0.49924487
0.49924463
0.4992451
0.49924487
0.4992451
0.49924493
0.49924558
0.499245
0.49924487
0.4992454
0.49924487
0.4992448
0.49924546
0.499245
0.4992451
0.49924523
0.49924493
0.49924523
0.49924475
0.49924523
0.4992451
0.49924523
0.49924523
0.49924517
0.49924487
0.49924517
0.49924493
0.4992448
0.49924517
0.49924487
0.49924463
0.49924475
0.499245
0.4992451
0.49924523
0.49924505
0.49924505
0.49924487
0.49924523
0.49924493
0.4992451
0.49924535
0.49924546
0.4992451
0.49924505
0.49924475
0.49924523
0.49924517
0.49924558
0.49924523
0.4992448
0.4992448
0.4992445
0.49924487
0.49924505
0.49924523
0.49924517
0.499245
0.499245
0.49924487
0.49924523
0.49924523
0.4992451
0.499245
0.4992444
0.49924517
0.4992451
0.4992451
0.4992447
0.49924463
0.49924493
0.49924523
0.4992451
0.49924523
0.49924475
0.499245
0.49924523
0.4992454
0.49924523
0.499245
0.4992451
0.49924475
0.49924517
0.4992454
0.4992454
0.499245
0.49924546
0.49924505
0.49924475
0.4992451
0.499245
0.49924487
0.49924487
0.4992448
0.49924546
0.4992451
0.4992447
0.49924588
0.49924475
0.49924523
0.49924523
0.4992447
0.49924487
0.4992453
0.4992451
0.49924427
0.499245
0.4992451
0.49924535
0.4992451
0.4992453
0.49924433
0.49924475
0.4992453
0.49924535
0.499245
0.49924523
0.4992447
0.4992451
0.4992448
0.4992451
0.49924517
0.49924517
0.49924487
0.4992448
0.4992451
0.49924552
0.4992453
0.49924523
0.4992445
0.4992451
0.4992451
0.4992447
0.49924523
0.4992451
0.49924132
0.49924487
0.49924475
0.499245
0.49924505
0.49924517
0.49924487
0.49924517
0.49924427
0.49924523
0.4992451
0.49924487
0.499245
0.49924523
0.4992451
0.49924475
0.49924475
0.499245
0.49924487
0.4992451
0.49924523
0.49924463
0.49924517
0.4992453
0.49924523
0.49924487
0.49924523
0.49924523
0.49924546
0.499245
0.499245
0.4992448
0.49924517
0.4992451
0.4992448
0.49924487
0.499245
0.4992451
0.4992451
0.49924487
0.49924523
0.499245
0.49924487
0.49924523
0.49924475
0.4992451
0.49924487
0.49924493
0.499245
0.49924487
0.49924463
0.49924487
0.49924517
0.4992451
0.49924505
0.49924487
0.49924475
0.499245
0.499245
0.499245
0.49924493
0.4992453
0.49924523
0.49924546
0.49924493
0.49924493
0.4992454
0.49924523
0.4992451
0.49924463
0.49924523
0.49924517
0.49924493
0.49924535
0.4992448
0.49924505
0.49924523
0.4992445
0.49924535
0.49924463
0.49924523
0.4992444
0.49924433
0.49924457
0.49924487
0.49924487
0.49924475
0.49924475
0.49924517
0.49924427
0.49924463
0.49924517
0.49924523
0.49924487
0.49924517
0.49924523
0.49924576
0.49924487
0.499245
0.49924517
0.4992447
0.4992451
0.499245
0.49924487
0.49924487
0.49924505
0.49924493
0.499245
0.4992448
0.49924523
0.49924546
0.49924487
0.49924505
0.4992451
0.49924493
0.49924523
0.49924475
0.4992451
0.4992451
0.49924523
0.4992451
0.49924487
0.49924493
0.49924505
0.49924493
0.49924475
0.49924505
0.49924523
0.499245
0.499245
0.49924523
0.49924535
0.49924475
0.49924535
0.49924487
0.49924523
0.4992451
0.4992451
0.499245
0.4992445
0.499245
0.49924487
0.49924463
0.49924403
0.4992454
0.49924487
0.4992451
0.499245
0.49924523
0.49924487
0.4992453
0.499245
0.4992451
0.49924487
0.49924463
0.49924558
0.499245
0.49924523
0.49924475
0.4992451
0.49924523
0.4992451
0.49924493
0.49924546
0.49924517
0.4992451
0.49924523
0.49924475
0.49924535
0.49924523
0.49924618
0.49924523
0.49924475
0.4992451
0.4992451
0.49924517
0.4992444
0.49924517
0.499245
0.49924517
0.4992453
0.49924505
0.49924523
0.4992451
0.49924517
0.49924433
0.49924505
0.4992454
0.49924517
0.4992451
0.499245
0.49924517
0.499245
0.4992451
0.49924475
0.49924487
0.49924475
0.4992451
0.49924535
0.4992451
0.49924487
0.499245
0.499245
0.49924475
0.49924582
0.4992447
0.49924487
0.49924523
0.49924487
0.4992451
0.4992453
0.49924475
0.4992451
0.499245
0.49924535
0.49924475
0.499245
0.49924487
0.49924523
0.4992445
0.49924475
0.49924523
0.4992453
0.49924493
0.49924475
0.49924505
0.49924493
0.49924523
0.49924493
0.49924505
0.49924487
0.49924505
0.49924523
0.49924493
0.49924523
0.49924487
0.49924475
0.49924475
0.49924487
0.4992448
0.49924487
0.49924487
0.49924457
0.4992451
0.4992453
0.49924487
0.49924606
0.49924517
0.49924523
0.4992451
0.4992444
0.49924505
0.49924523
0.499245
0.49924523
0.49924505
0.4992451
0.499245
0.49924475
0.49924487
0.499245
0.4992445
0.4992451
0.49924487
0.49924523
0.49924523
0.49924523
0.49924505
0.499245
0.49924475
0.49924535
0.49924517
0.49924505
0.49924517
0.49924523
0.4992451
0.49924535
0.4992444
0.499245
0.49924523
0.49924552
0.49924493
0.49924392
0.49924505
0.49924487
0.499245
0.4992445
0.49924487
0.49924523
0.4992453
0.49924487
0.499245
0.4992451
0.49924463
0.4992451
0.49924523
0.49924487
0.49924475
0.4992451
0.4992448
0.49924517
0.49924523
0.49924535
0.4992448
0.49924523
0.499245
0.49924523
0.4992451
0.49924487
0.49924535
0.49924493
0.499245
0.49924523
0.499245
0.49924558
0.499245
0.4992453
0.49924457
0.49924517
0.49924523
0.4992451
0.49924487
0.49924523
0.4992453
0.4992451
0.499245
0.49924523
0.49924475
0.4992453
0.4992453
0.49924523
0.49924535
0.4992445
0.49924475
0.49924523
0.4992451
0.499245
0.49924517
0.49924493
0.49924487
0.49924523
0.49924535
0.499245
0.49924493
0.49924523
0.4992451
0.499245
0.4992457
0.49924505
0.49924523
0.499245
0.49924475
0.49924517
0.49924463
0.4992451
0.49924546
0.49924487
0.49924475
0.4992451
0.4992445
0.49924475
0.49924487
0.4992453
0.4992451
0.49924463
0.49924517
0.49924523
0.49924505
0.4992451
0.49924505
0.49924475
0.49924523
0.499245
0.499245
0.49924523
0.499245
0.49924505
0.4992451
0.4992451
0.49924487
0.49924463
0.499245
0.4992448
0.49924475
0.49924517
0.499245
0.4992451
0.4992451
0.49924487
0.49924505
0.49924487
0.49924517
0.49924523
0.49924535
0.4992451
0.4992451
0.49924523
0.49924523
0.49924463
0.49924475
0.49924487
0.499245
0.49924493
0.499245
0.49924493
0.49924523
0.4992451
0.49924517
0.49924517
0.49924487
0.4992448
0.49924433
0.499245
0.49924517
0.49924505
0.49924487
0.49924523
0.4992451
0.49924487
0.49924535
0.49924505
0.49924475
0.49924505
0.49924487
0.4992451
0.4992451
0.49924517
0.49924517
0.499245
0.49924523
0.49924487
0.49924487
0.49924535
0.49924493
0.4992451
0.4992451
0.4992451
0.4992451
0.499245
0.499245
0.49924445
0.4992447
0.49924523
0.499245
0.49924505
0.49924487
0.49924523
0.4992451
0.499245
0.49924535
0.4992451
0.4992451
0.49924523
0.49924523
0.4992451
0.49924535
0.4992445
0.4992451
0.49924505
0.49924493
0.4992451
0.49924487
0.49924487
0.4992451
0.49924493
0.49924487
0.4992447
0.49924475
0.4992448
0.49924487
0.49924487
0.49924523
0.49924487
0.4992451
0.49924493
0.4992451
0.4992451
0.4992453
0.4992438
0.49924457
0.49924457
0.499245
0.49924463
0.4992451
0.4992451
0.49924546
0.49924546
0.49924487
0.49924487
0.4992451
0.49924487
0.4992448
0.499245
0.49924523
0.49924487
0.49924523
0.49924523
0.49924535
0.49924487
0.49924523
0.4992451
0.4992451
0.4992445
0.49924517
0.4992448
0.49924475
0.49924517
0.499245
0.49924606
0.49924505
0.49924463
0.49924487
0.499245
0.4992451
0.49924505
0.49924427
0.4992451
0.49924517
0.49924487
0.49924505
0.49924493
0.4992447
0.4992451
0.49924535
0.49924546
0.49924487
0.49924487
0.499245
0.499245
0.499245
0.49924493
0.49924487
0.4992445
0.49924487
0.4992451
0.4992454
0.4992448
0.49924535
0.49924493
0.49924493
0.49924487
0.499245
0.4992451
0.49924487
0.499245
0.4992451
0.49924487
0.49924546
0.49924475
0.49924523
0.4992451
0.49924523
0.4992448
0.49924523
0.49924475
0.499245
0.4992451
0.4992453
0.49924487
0.4992451
0.4992451
0.49924463
0.4992453
0.4992451
0.49924487
0.4992451
0.49924505
0.4992454
0.4992457
0.49924487
0.499245
0.4992451
0.49924505
0.4992454
0.499245
0.499245
0.49924493
0.499245
0.4992453
0.499245
0.49924487
0.4992453
0.49924493
0.49924535
0.49924433
0.4992451
0.4992451
0.49924457
0.4992451
0.49924457
0.49924457
0.49924535
0.49924475
0.49924433
0.4992451
0.49924582
0.499245
0.49924523
0.49924546
0.499245
0.49924523
0.49924487
0.4992453
0.4992451
0.4992451
0.49924535
0.4992441
0.4992454
0.49924475
0.49924487
0.4992451
0.49924493
0.49924523
0.4992451
0.49924487
0.49924293
0.4992448
0.49924523
0.49924487
0.499245
0.49924517
0.4992451
0.49924558
0.499245
0.4992451
0.49924523
0.49924493
0.4992445
0.49924487
0.49924505
0.499245
0.49924523
0.49924487
0.49924487
0.49924475
0.49924523
0.49924457
0.49924493
0.4992451
0.4992451
0.49924517
0.4992451
0.4992448
0.49924403
0.49924523
0.49924463
0.49924487
0.4992453
0.49924523
0.4992451
0.49924535
0.499245
0.49924475
0.4992448
0.49924463
0.49924493
0.499245
0.49924487
0.4992448
0.49924487
0.49924487
0.49924535
0.499245
0.4992451
0.4992448
0.4992451
0.499245
0.499245
0.49924475
0.49924487
0.4992451
0.49924487
0.499245
0.49924546
0.49924517
0.4992451
0.4992438
0.49924535
0.49924487
0.49924493
0.4992451
0.4992448
0.49924546
0.4992451
0.499245
0.49924487
0.49924493
0.49924523
0.4992438
0.49924332
0.49924517
0.4992448
0.49924475
0.4992453
0.49924558
0.4992451
0.4992451
0.49924523
0.4992451
0.4992447
0.49924523
0.49924505
0.4992451
0.499245
0.4992451
0.49924487
0.49924535
0.4992445
0.499245
0.49924523
0.49924475
0.499245
0.49924463
0.4992444
0.4992451
0.49924546
0.49924505
0.49924457
0.49924546
0.49924517
0.49924517
0.49924505
0.49924463
0.49924505
0.49924517
0.49924535
0.49924374
0.49924475
0.4992445
0.49924517
0.49924517
0.49924517
0.49924493
0.49924523
0.49924427
0.499245
0.49924487
0.499245
0.4992448
0.49924487
0.499245
0.49924487
0.49924523
0.49924517
0.4992445
0.499245
0.499245
0.49924517
0.4992451
0.4992451
0.499245
0.49924535
0.49924505
0.4992451
0.4992451
0.49924552
0.499245
0.49924487
0.499245
0.49924487
0.499245
0.49924475
0.49924475
0.49924487
0.499245
0.4992438
0.49924523
0.49924517
0.49924463
0.499245
0.49924463
0.49924493
0.49924523
0.4992447
0.4992453
0.4992451
0.49924463
0.49924487
0.49924558
0.49924487
0.499245
0.49924535
0.499245
0.49924517
0.49924487
0.49924487
0.499245
0.49924523
0.49924517
0.49924493
0.49924523
0.49924517
0.49924493
0.49924523
0.4992451
0.4992453
0.49924523
0.4992453
0.4992451
0.49924487
0.4992451
0.4992451
0.49924487
0.49924493
0.4992451
0.49924523
0.49924493
0.49924546
0.49924523
0.49924505
0.49924523
0.4992447
0.49924523
0.49924523
0.499245
0.499245
0.49924493
0.4992451
0.4992451
0.49924487
0.49924523
0.4992453
0.4992451
0.49924535
0.4992451
0.49924487
0.49924517
0.49924487
0.49924517
0.4992453
0.49924487
0.49924517
0.49924523
0.49924517
0.49924523
0.49924457
0.49924475
0.49924505
0.49924493
0.499245
0.49924487
0.4992451
0.4992445
0.49924523
0.49924517
0.4992451
0.49924463
0.49924475
0.49924475
0.499245
0.49924475
0.49924505
0.49924487
0.499245
0.49924427
0.4992453
0.4992451
0.4992451
0.4992445
0.499245
0.4992451
0.49924523
0.49924517
0.49924487
0.49924523
0.49924463
0.499245
0.499245
0.49924517
0.4992448
0.49924523
0.49924463
0.49924487
0.49924505
0.49924523
0.499245
0.4992445
0.49924463
0.49924523
0.49924475
0.49924558
0.49924493
0.49924403
0.4992451
0.49924517
0.49924427
0.49924487
0.49924535
0.49924475
0.49924535
0.49924487
0.49924523
0.49924517
0.499245
0.49924523
0.49924523
0.499245
0.4992451
0.499245
0.499245
0.49924445
0.4992448
0.499245
0.4992451
0.49924523
0.4992451
0.49924433
0.49924517
0.49924535
0.4992453
0.499245
0.4992445
0.4992451
0.499245
0.49924332
0.49924475
0.49924487
0.49924523
0.49924493
0.4992444
0.49924457
0.49924475
0.4992445
0.4992451
0.499245
0.4992451
0.499245
0.4992445
0.49924493
0.4992451
0.499245
0.499245
0.499245
0.49924487
0.49924475
0.49924204
0.4992451
0.499245
0.49924535
0.4992451
0.4992451
0.49924523
0.49924523
0.49924523
0.4992445
0.49924618
0.4992451
0.499245
0.49924487
0.4992451
0.499245
0.4992448
0.4992451
0.49924487
0.4992447
0.499245
0.49924505
0.4992448
0.49924463
0.49924517
0.49924475
0.49924487
0.49924517
0.4992451
0.49924475
0.49924493
0.49924523
0.49924475
0.4992451
0.49924475
0.4992445
0.4992448
0.4992448
0.4992451
0.49924517
0.4992447
0.4992451
0.4992451
0.49924463
0.49924523
0.49924505
0.49924517
0.4992451
0.4992451
0.49924475
0.49924546
0.49924505
0.49924457
0.49924523
0.49924558
0.4992451
0.49924582
0.49924517
0.4992448
0.49924487
0.49924523
0.49924457
0.49924523
0.49924535
0.499245
0.49924523
0.499245
0.49924487
0.49924535
0.49924517
0.4992453
0.4992451
0.49924475
0.49924475
0.499245
0.499245
0.49924523
0.4992448
0.49924415
0.49924517
0.49924505
0.4992457
0.499245
0.49924517
0.49924487
0.49924606
0.49924463
0.49924594
0.49924463
0.4992454
0.49924475
0.499245
0.49924475
0.4992451
0.49924487
0.49924523
0.49924427
0.4992453
0.49924415
0.4992451
0.499245
0.49924475
0.4992448
0.4992451
0.4992448
0.49924535
0.49924487
0.4992451
0.4992451
0.4992445
0.49924487
0.4992451
0.49924535
0.49924493
0.49924523
0.49924523
0.4992451
0.49924493
0.49924475
0.49924523
0.4992451
0.499245
0.49924445
0.4992451
0.49924523
0.49924463
0.49924517
0.49924535
0.4992451
0.49924517
0.49924487
0.49924535
0.49924487
0.49924493
0.49924523
0.49924535
0.49924606
0.49924505
0.4992447
0.49924493
0.4992451
0.49924487
0.4992451
0.499245
0.49924535
0.49924535
0.49924523
0.49924487
0.499245
0.49924463
0.49924487
0.49924523
0.49924463
0.499245
0.4992454
0.4992451
0.49924558
0.49924505
0.49924493
0.49924523
0.49924523
0.4992448
0.4992447
0.49924475
0.49924523
0.49924487
0.4992451
0.4992453
0.49924475
0.4992451
0.49924487
0.4992441
0.4992457
0.49924505
0.49924487
0.4992447
0.49924487
0.49924487
0.49924517
0.49924427
0.499245
0.4992445
0.4992442
0.49924487
0.49924475
0.499245
0.49924546
0.49924523
0.49924493
0.49924487
0.49924487
0.49924487
0.49924505
0.49924493
0.49924523
0.49924523
0.4992453
0.49924523
0.4992451
0.499245
0.49924475
0.49924523
0.4992448
0.49924523
0.49924487
0.49924523
0.49924535
0.499245
0.49924475
0.49924493
0.49924475
0.49924475
0.49924487
0.49924487
0.499245
0.49924523
0.49924523
0.49924517
0.499245
0.499245
0.49924475
0.49924523
0.499245
0.49924475
0.49924517
0.4992454
0.49924505
0.49924523
0.4992451
0.4992451
0.49924558
0.4992445
0.49924463
0.49924505
0.49924505
0.49924523
0.49924493
0.49924523
0.49924505
0.49924475
0.49924475
0.499245
0.4992447
0.49924487
0.49924523
0.4992451
0.4992451
0.4992451
0.4992453
0.499245
0.49924535
0.49924493
0.49924523
0.49924523
0.499245
0.49924535
0.49924523
0.4992453
0.499245
0.4992454
0.49924475
0.49924493
0.4992447
0.4992451
0.49924523
0.499245
0.499245
0.4992451
0.49924457
0.4992453
0.49924523
0.499245
0.49924535
0.49924487
0.4992453
0.4992453
0.49924523
0.49924487
0.49924487
0.49924523
0.4992451
0.499245
0.49924475
0.49924505
0.49924487
0.4992453
0.49924517
0.49924523
0.4992451
0.49924517
0.49924487
0.49924517
0.499245
0.499245
0.499245
0.4992451
0.49924517
0.49924475
0.49924493
0.49924487
0.4992451
0.49924487
0.49924523
0.4992451
0.49924523
0.4992457
0.49924487
0.49924505
0.49924523
0.49924517
0.49924487
0.4992457
0.49924594
0.499245
0.499245
0.4992448
0.49924517
0.49924493
0.4992451
0.499245
0.4992451
0.499245
0.49924475
0.4992451
0.49924517
0.49924523
0.49924487
0.4992445
0.4992445
0.49924487
0.49924487
0.49924546
0.4992451
0.499245
0.4992451
0.499245
0.4992453
0.49924493
0.49924475
0.4992453
0.49924517
0.49924517
0.49924475
0.4992451
0.4992454
0.49924487
0.499245
0.4992451
0.49924517
0.49924535
0.49924487
0.49924475
0.49924535
0.49924505
0.49924535
0.49924546
0.49924487
0.49924475
0.49924517
0.49924487
0.4992447
0.49924475
0.49924558
0.49924546
0.49924487
0.499245
0.4992451
0.49924523
0.499245
0.49924487
0.4992451
0.49924517
0.4992451
0.49924535
0.4992451
0.49924517
0.49924475
0.49924523
0.4992451
0.49924558
0.49924546
0.49924523
0.49924535
0.49924523
0.499245
0.49924487
0.4992448
0.49924523
0.49924487
0.49924427
0.4992451
0.49924517
0.49924523
0.499245
0.4992451
0.49924487
0.4992469
0.499245
0.4992451
0.49924475
0.499245
0.499245
0.4992453
0.49924523
0.49924487
0.49924487
0.49924493
0.49924517
0.49924535
0.4992451
0.49924487
0.4992451
0.49924517
0.499245
0.49924618
0.4992451
0.49924487
0.49924475
0.49924475
0.49924523
0.4992453
0.4992453
0.4992451
0.4992451
0.499245
0.499245
0.4992448
0.4992447
0.49924517
0.49924523
0.49924487
0.49924487
0.4992451
0.4992451
0.49924517
0.49924523
0.49924487
0.49924487
0.499245
0.49924475
0.499245
0.49924535
0.49924487
0.49924505
0.4992448
0.49924493
0.4992453
0.499245
0.49924487
0.4992448
0.4992451
0.49924487
0.49924487
0.49924475
0.49924487
0.4992451
0.4992451
0.499245
0.49924487
0.49924505
0.49924427
0.49924487
0.49924505
0.49924475
0.49924487
0.49924523
0.4992448
0.4992445
0.49924493
0.49924457
0.49924523
0.49924475
0.4992451
0.49924475
0.4992451
0.49924523
0.49924523
0.49924523
0.49924523
0.49924487
0.499245
0.4992453
0.4992447
0.49924228
0.49924463
0.49924493
0.4992448
0.499245
0.49924475
0.49924523
0.4992451
0.49924523
0.49924505
0.49924475
0.4992451
0.4992457
0.49924487
0.49924546
0.49924487
0.49924487
0.4992453
0.49924535
0.4992448
0.49924463
0.49924487
0.499245
0.49924523
0.49924523
0.4992451
0.4992447
0.49924493
0.49924535
0.49924487
0.49924445
0.4992451
0.49924487
0.49924493
0.49924535
0.49924535
0.49924523
0.49924493
0.49924487
0.49924523
0.49924487
0.49924487
0.49924535
0.4992451
0.49924535
0.49924523
0.49924487
0.49924475
0.49924487
0.49924475
0.49924535
0.49924523
0.49924523
0.4992451
0.4992451
0.4992451
0.49924475
0.49924475
0.49924523
0.4992451
0.49924487
0.49924493
0.49924493
0.4992448
0.49924523
0.4992447
0.4992451
0.4992451
0.49924546
0.4992451
0.4992453
0.49924517
0.4992451
0.49924517
0.49924475
0.49924475
0.49924505
0.499245
0.49924517
0.49924487
0.499245
0.499245
0.4992451
0.49924475
0.49924505
0.49924523
0.49924475
0.4992451
0.49924535
0.49924535
0.4992453
0.4992451
0.4992451
0.49924475
0.49924535
0.4992451
0.499245
0.4992453
0.49924487
0.49924487
0.49924493
0.49924523
0.499245
0.49924535
0.49924535
0.49924523
0.499245
0.4992454
0.499245
0.49924535
0.49924517
0.49924487
0.49924523
0.4992451
0.4992451
0.499245
0.49924487
0.49924535
0.49924594
0.49924475
0.499245
0.499245
0.4992451
0.49924505
0.499245
0.4992451
0.49924505
0.49924493
0.49924487
0.49924523
0.49924475
0.49924535
0.49924523
0.4992451
0.49924487
0.499245
0.49924523
0.49924493
0.49924552
0.4992451
0.49924493
0.4992424
0.49924523
0.49924523
0.49924624
0.4992451
0.49924475
0.49924523
0.49924487
0.49924546
0.4992451
0.49924445
0.49924505
0.49924535
0.49924487
0.4992448
0.49924517
0.49924427
0.49924487
0.49924517
0.499245
0.49924487
0.4992451
0.499245
0.49924505
0.49924505
0.499245
0.4992431
0.499245
0.49924523
0.49924505
0.499245
0.49924487
0.4992451
0.4992451
0.499245
0.49924487
0.49924535
0.49924505
0.499245
0.49924487
0.4992451
0.4992445
0.49924535
0.4992451
0.499245
0.4992451
0.49924523
0.499245
0.49924487
0.4992451
0.49924487
0.4992451
0.499245
0.49924517
0.499245
0.49924487
0.4992448
0.49924463
0.4992448
0.4992444
0.4992441
0.49924463
0.49924475
0.49924487
0.49924487
0.49924475
0.499245
0.49924523
0.4992451
0.4992454
0.4992451
0.4992448
0.4992453
0.49924523
0.4992451
0.49924475
0.499245
0.4992454
0.499245
0.49924535
0.499245
0.49924523
0.49924523
0.49924475
0.49924463
0.499245
0.4992451
0.4992451
0.499245
0.49924487
0.49924517
0.49924493
0.4992451
0.49924523
0.49924475
0.499245
0.499245
0.49924487
0.499245
0.49924475
0.49924535
0.49924535
0.4992451
0.4992451
0.499245
0.499245
0.49924505
0.49924505
0.49924487
0.49924535
0.49924523
0.499245
0.49924475
0.49924487
0.49924475
0.4992448
0.4992451
0.499245
0.49924505
0.499245
0.49924487
0.499245
0.499245
0.49924475
0.4992453
0.49924445
0.49924552
0.49924427
0.49924535
0.49924475
0.4992444
0.49924475
0.4992447
0.499245
0.49924493
0.49924475
0.49924523
0.4992451
0.49924487
0.4992445
0.499245
0.49924523
0.49924523
0.49924487
0.49924523
0.4992453
0.49924505
0.49924493
0.4992448
0.49924535
0.49924523
0.4992451
0.49924517
0.49924475
0.4992451
0.49924487
0.4992451
0.49924517
0.49924523
0.49924523
0.49924517
0.4992447
0.4992453
0.4992451
0.49924535
0.499245
0.49924523
0.49924523
0.49924487
0.4992454
0.4992445
0.49924523
0.499245
0.49924505
0.49924517
0.49924558
0.499245
0.49924475
0.4992453
0.49924523
0.49924493
0.49924487
0.49924487
0.49924517
0.49924517
0.4992451
0.49924475
0.49924475
0.49924546
0.4992451
0.49924546
0.49924535
0.49924487
0.49924487
0.4992453
0.49924487
0.49924386
0.4992453
0.4992453
0.49924487
0.49924487
0.4992451
0.4992445
0.49924487
0.49924463
0.49924523
0.499245
0.4992453
0.4992451
0.499245
0.4992448
0.49924487
0.4992457
0.499245
0.49924558
0.49924487
0.4992451
0.4992451
0.4992451
0.499245
0.499245
0.4992445
0.4992451
0.49924535
0.49924493
0.49924457
0.49924487
0.49924505
0.499245
0.49924546
0.49924475
0.49924505
0.49924493
0.49924535
0.499245
0.4992451
0.499245
0.4992451
0.4992451
0.499245
0.49924493
0.4992453
0.49924487
0.49924487
0.4992451
0.49924505
0.49924475
0.49924523
0.49924487
0.49924433
0.499245
0.499245
0.49924505
0.49924523
0.49924523
0.49924505
0.49924523
0.49924523
0.49924523
0.49924475
0.49924475
0.49924535
0.49924523
0.499245
0.49924463
0.499245
0.499245
0.4992421
0.49924475
0.49924487
0.49924475
0.49924493
0.49924487
0.49924523
0.4992448
0.49924487
0.499245
0.49924445
0.4992445
0.4992451
0.4992457
0.4992451
0.49924523
0.49924505
0.4992451
0.49924546
0.4992451
0.49924463
0.49924463
0.49924505
0.49924487
0.49924457
0.49924487
0.4992453
0.49924487
0.49924505
0.499245
0.4992451
0.49924517
0.49924523
0.49924487
0.4992451
0.49924475
0.4992451
0.4992451
0.49924493
0.49924463
0.4992447
0.499245
0.49924475
0.49924523
0.49924558
0.4992448
0.4992448
0.49924475
0.4992457
0.4992451
0.49924487
0.49924523
0.49924475
0.49924523
0.49924582
0.49924535
0.49924493
0.49924523
0.49924517
0.49924216
0.49924535
0.4992451
0.49924517
0.49924535
0.49924517
0.49924546
0.499245
0.4992451
0.49924487
0.49924505
0.499245
0.499245
0.49924487
0.49924457
0.49924487
0.49924475
0.4992451
0.4992451
0.49924487
0.499245
0.499245
0.49924523
0.49924493
0.49924505
0.4992445
0.49924475
0.49924487
0.499245
0.49924505
0.49924487
0.49924487
0.4992451
0.4992451
0.4992457
0.49924475
0.49924493
0.499245
0.4992451
0.499245
0.49924505
0.4992451
0.4992451
0.4992448
0.49924535
0.499245
0.49924558
0.49924558
0.49924546
0.49924505
0.49924487
0.4992448
0.49924523
0.49924535
0.49924475
0.499245
0.4992448
0.4992451
0.49924487
0.49924493
0.49924487
0.4992451
0.49924493
0.49924487
0.4992448
0.49924493
0.49924517
0.49924546
0.49924487
0.49924535
0.4992451
0.49924523
0.4992444
0.499245
0.49924523
0.49924493
0.499245
0.49924487
0.49924546
0.49924487
0.49924427
0.499245
0.49924493
0.499245
0.49924523
0.49924535
0.499245
0.49924618
0.49924493
0.49924475
0.499245
0.49924535
0.499245
0.49924487
0.49924546
0.499245
0.49924523
0.499245
0.49924487
0.49924475
0.4992451
0.4992451
0.49924463
0.4992451
0.4992451
0.49924523
0.49924463
0.499245
0.49924523
0.499245
0.49924487
0.49924487
0.4992451
0.4992453
0.499245
0.4992451
0.49924487
0.49924487
0.49924523
0.499245
0.49924523
0.49924505
0.49924523
0.4992451
0.499245
0.499245
0.4992448
0.4992451
0.49924505
0.499245
0.49924505
0.499245
0.49924523
0.4992453
0.49924463
0.499245
0.49924493
0.49924523
0.49924535
0.49924487
0.4992451
0.499245
0.49924397
0.49924535
0.49924523
0.49924517
0.49924493
0.49924487
0.49924108
0.49924505
0.49924505
0.499245
0.4992451
0.4992451
0.49924523
0.499245
0.49924493
0.49924505
0.49924535
0.499245
0.49924523
0.49924523
0.4992451
0.49924487
0.499245
0.49924475
0.4992451
0.49924517
0.4992448
0.499245
0.4992451
0.49924505
0.49924487
0.49924475
0.49924505
0.4992447
0.49924523
0.4992451
0.4992451
0.49924517
0.499245
0.49924475
0.4992448
0.49924505
0.4992453
0.49924487
0.49924475
0.49924475
0.49924332
0.49924505
0.499245
0.4992451
0.499245
0.4992451
0.499245
0.49924487
0.4992448
0.49924558
0.4992451
0.49924535
0.49924523
0.499245
0.4992454
0.499245
0.49924487
0.4992451
0.49924463
0.49924392
0.49924493
0.49924493
0.49924487
0.4992451
0.49924487
0.49924564
0.49924487
0.49924475
0.4992451
0.49924546
0.49924517
0.49924487
0.49924487
0.49924487
0.4992451
0.4992451
0.49924445
0.49924523
0.4992448
0.49924558
0.4992451
0.4992448
0.49924487
0.49924505
0.499245
0.49924523
0.4992445
0.4992451
0.4992451
0.49924523
0.49924523
0.49924517
0.4992451
0.49924487
0.49924487
0.49924487
0.49924487
0.49924415
0.4992451
0.49924493
0.49924546
0.49924427
0.49924487
0.49924523
0.49924505
0.4992454
0.49924523
0.49924523
0.49924535
0.49924487
0.49924505
0.49924517
0.4992453
0.499245
0.49924558
0.49924505
0.4992448
0.499245
0.49924487
0.49924493
0.49924523
0.49924475
0.4992451
0.49924487
0.49924487
0.499245
0.49924523
0.49924535
0.4992447
0.4992451
0.499245
0.4992451
0.49924523
0.49924475
0.49924475
0.49924487
0.499245
0.4992451
0.4992451
0.4992451
0.499245
0.49924564
0.49924505
0.499245
0.49924487
0.49924523
0.49924564
0.49924487
0.4992451
0.4992451
0.4992451
0.4992444
0.49924487
0.499245
0.4992451
0.4992448
0.49924487
0.49924505
0.49924535
0.4992451
0.499245
0.49924517
0.49924523
0.4992451
0.49924535
0.4992451
0.49924505
0.4992451
0.499245
0.4992451
0.49924487
0.499245
0.49924523
0.49924463
0.499245
0.49924546
0.499245
0.49924475
0.49924493
0.49924368
0.4992453
0.49924493
0.49924475
0.499245
0.49924487
0.49924523
0.49924535
0.49924493
0.49924487
0.49924368
0.49924517
0.49924487
0.49924523
0.49924523
0.49924487
0.49924517
0.49924493
0.49924493
0.49924445
0.4992444
0.49924487
0.49924475
0.4992447
0.4992448
0.49924546
0.49924517
0.49924463
0.49924517
0.49924523
0.49924505
0.4992451
0.4992451
0.4992451
0.4992451
0.499245
0.49924523
0.49924523
0.4992445
0.499245
0.49924487
0.49924535
0.49924475
0.49924493
0.49924523
0.49924517
0.49924403
0.49924463
0.49924487
0.49924523
0.49924487
0.4992445
0.49924517
0.49924517
0.49924523
0.49924523
0.49924487
0.49924505
0.499245
0.49924546
0.49924546
0.49924505
0.49924475
0.49924523
0.4992453
0.499245
0.49924475
0.49924475
0.49924475
0.499245
0.49924517
0.49924487
0.49924535
0.49924338
0.4992453
0.49924475
0.499245
0.49924517
0.49924546
0.4992453
0.499247
0.49924475
0.49924415
0.49924535
0.499245
0.4992451
0.49924475
0.4992451
0.49924523
0.49924487
0.4992451
0.4992453
0.499245
0.49924475
0.49924517
0.4992451
0.499245
0.49924523
0.499245
0.49924517
0.49924523
0.4992451
0.4992451
0.49924475
0.4992451
0.49924546
0.4992451
0.49924523
0.49924445
0.49924487
0.49924463
0.4992451
0.499245
0.49924523
0.4992451
0.499245
0.49924535
0.49924523
0.4992451
0.4992451
0.499245
0.49924523
0.499245
0.49924523
0.49924594
0.49924475
0.49924475
0.49924493
0.49924493
0.499245
0.4992451
0.49924463
0.4992451
0.49924523
0.499245
0.499245
0.49924582
0.49924517
0.49924403
0.4992445
0.4992451
0.499245
0.49924535
0.49924546
0.49924517
0.49924535
0.49924558
0.4992448
0.499245
0.4992448
0.49924505
0.4992448
0.49924517
0.49924487
0.49924487
0.49924535
0.4992448
0.49924523
0.49924493
0.49924487
0.49924505
0.49924463
0.4992451
0.49924523
0.499245
0.49924517
0.49924475
0.49924505
0.4992451
0.49924523
0.4992448
0.49924523
0.4992451
0.49924475
0.49924517
0.499245
0.499245
0.4992451
0.49924523
0.49924523
0.49924463
0.4992451
0.49924463
0.4992453
0.49924487
0.49924505
0.49924517
0.49924493
0.49924523
0.4992448
0.499245
0.49924505
0.49924487
0.49924505
0.49924505
0.49924475
0.4992451
0.49924475
0.4992451
0.4992447
0.49924505
0.49924535
0.49924523
0.49924523
0.49924475
0.49924523
0.4992453
0.49924535
0.499245
0.49924523
0.4992448
0.4992451
0.499245
0.4992451
0.49924487
0.49924487
0.4992447
0.49924493
0.499245
0.49924475
0.49924523
0.4992451
0.4992447
0.49924517
0.49924487
0.49924523
0.49924487
0.499245
0.49924523
0.4992451
0.49924475
0.49924493
0.49924535
0.49924344
0.499245
0.49924487
0.4992451
0.499245
0.49924487
0.49924463
0.4992445
0.49924517
0.49924493
0.49924475
0.4992454
0.49924475
0.49924493
0.4992451
0.49924517
0.4992451
0.49924523
0.49924523
0.499245
0.49924475
0.4992451
0.49924523
0.49924552
0.49924487
0.4992451
0.49924535
0.49924493
0.49924487
0.4992453
0.49924523
0.49924505
0.49924523
0.49924487
0.49924433
0.4992451
0.49924546
0.4992451
0.49924493
0.49924558
0.49924505
0.4992448
0.499245
0.49924535
0.4992448
0.4992451
0.4992448
0.49924493
0.49924487
0.49924463
0.49924487
0.4992451
0.499245
0.49924505
0.4992451
0.49924487
0.49924487
0.49924523
0.4992445
0.499245
0.49924487
0.49924487
0.49924487
0.49924487
0.499245
0.4992445
0.4992454
0.49924523
0.4992451
0.499245
0.49924552
0.49924517
0.4992445
0.499245
0.49924517
0.49924505
0.499245
0.499245
0.4992451
0.49924505
0.49924523
0.49924523
0.49924487
0.499245
0.49924487
0.49924523
0.49924535
0.49924517
0.4992445
0.49924487
0.49924487
0.4992453
0.4992451
0.4992451
0.49924523
0.4992453
0.4992451
0.49924535
0.49924463
0.49924523
0.4992454
0.49924475
0.4992445
0.4992451
0.49924487
0.499245
0.49924487
0.49924487
0.4992445
0.49924523
0.49924505
0.49924523
0.4992453
0.49924523
0.49924546
0.49924546
0.4992451
0.49924523
0.49924535
0.49924487
0.49924356
0.4992451
0.4992447
0.49924523
0.49924475
0.499245
0.4992451
0.499245
0.4992453
0.49924517
0.49924523
0.4992448
0.49924523
0.499245
0.49924487
0.4992451
0.49924535
0.49924523
0.49924535
0.49924487
0.499245
0.4992457
0.49924523
0.499245
0.49924523
0.49924523
0.499245
0.4992451
0.4992447
0.49924487
0.4992445
0.49924487
0.49924523
0.49924493
0.4992447
0.4992451
0.49924433
0.49924546
0.49924487
0.49924475
0.49924487
0.4992448
0.4992451
0.499245
0.49924523
0.4992451
0.49924475
0.49924523
0.499245
0.49924415
0.4992448
0.499245
0.49924505
0.49924523
0.49924546
0.49924475
0.4992451
0.49924517
0.49924523
0.49924505
0.49924535
0.49924493
0.49924523
0.49924505
0.4992451
0.49924487
0.4992444
0.49924523
0.4992451
0.499245
0.49924505
0.49924475
0.49924523
0.499245
0.49924517
0.4992451
0.4992454
0.49924475
0.49924487
0.499245
0.499245
0.49924546
0.49924523
0.49924487
0.49924475
0.499245
0.49924475
0.49924523
0.49924523
0.4992451
0.49924535
0.499245
0.49924535
0.499245
0.49924487
0.49924475
0.49924535
0.49924487
0.4992447
0.49924493
0.4992451
0.49924505
0.49924487
0.49924523
0.499245
0.49924463
0.49924523
0.49924535
0.4992441
0.49924487
0.49924546
0.49924475
0.49924523
0.49924463
0.499245
0.4992451
0.4992451
0.49924535
0.4992451
0.499245
0.49924445
0.49924505
0.49924505
0.49924493
0.4992448
0.499245
0.4992451
0.499245
0.49924517
0.49924523
0.49924535
0.499245
0.4992451
0.499245
0.49924487
0.4992444
0.4992453
0.49924493
0.49924487
0.499245
0.49924517
0.4992451
0.49924535
0.4992451
0.499245
0.49924535
0.4992451
0.49924523
0.49924523
0.4992451
0.49924463
0.49924618
0.49924475
0.49924535
0.499245
0.49924475
0.4992445
0.49924487
0.49924517
0.4992451
0.4992444
0.49924517
0.49924487
0.49924642
0.4992453
0.49924523
0.499245
0.4992451
0.49924487
0.49924517
0.49924517
0.499245
0.49924487
0.4992453
0.49924535
0.4992445
0.499245
0.4992451
0.49924487
0.49924523
0.4992451
0.4992451
0.4992451
0.49924487
0.49924487
0.499245
0.4992451
0.49924535
0.4992451
0.4992447
0.49924535
0.49924505
0.49924606
0.4992447
0.49924523
0.49924523
0.499245
0.49924523
0.4992448
0.4992445
0.49924487
0.49924487
0.4992451
0.49924392
0.49924523
0.499245
0.4992451
0.49924475
0.4992445
0.49924487
0.49924487
0.49924487
0.49924523
0.49924505
0.49924228
0.499245
0.4992448
0.49924487
0.499245
0.4992451
0.49924475
0.49924493
0.499245
0.4992448
0.49924523
0.499245
0.4992451
0.49924475
0.49924535
0.49924517
0.499245
0.499245
0.49924523
0.499245
0.4992451
0.4992445
0.49924475
0.49924535
0.49924517
0.4992451
0.4992451
0.49924487
0.49924487
0.49924487
0.4992447
0.49924487
0.49924523
0.49924487
0.4992448
0.49924493
0.4992453
0.49924463
0.4992453
0.49924546
0.49924487
0.49924523
0.49924517
0.49924523
0.49924517
0.49924523
0.49924487
0.49924523
0.499245
0.49924517
0.4992457
0.499245
0.499245
0.49924475
0.49924475
0.49924493
0.49924493
0.499245
0.499245
0.49924475
0.499245
0.49924445
0.49924493
0.49924523
0.49924487
0.49924493
0.4992453
0.49924475
0.49924493
0.49924475
0.49924517
0.499245
0.4992451
0.4992444
0.49924475
0.49924517
0.4992451
0.49924493
0.49924505
0.4992448
0.499245
0.49924487
0.499245
0.4992451
0.499245
0.49924487
0.4992451
0.4992451
0.49924493
0.49924487
0.4992451
0.49924487
0.4992451
0.49924487
0.499245
0.49924523
0.49924493
0.4992454
0.499245
0.4992444
0.499245
0.49924487
0.4992441
0.4992451
0.49924505
0.49924487
0.49924487
0.4992457
0.49924475
0.4992451
0.499245
0.49924487
0.49924523
0.49924523
0.4992445
0.49924535
0.49924505
0.49924523
0.49924505
0.49924505
0.49924523
0.49924493
0.49924427
0.49924475
0.49924523
0.49924475
0.4992451
0.499245
0.49924564
0.49924535
0.49924487
0.49924505
0.49924523
0.49924523
0.4992451
0.49924523
0.4992451
0.4992451
0.4992457
0.49924546
0.4992448
0.49924517
0.4992451
0.49924475
0.4992451
0.49924487
0.49924475
0.49924517
0.49924523
0.49924493
0.49924493
0.49924487
0.4992448
0.4992451
0.49924517
0.4992451
0.4992451
0.49924523
0.49924487
0.49924475
0.49924505
0.4992451
0.49924606
0.4992451
0.49924523
0.49924535
0.49924445
0.49924487
0.4992451
0.49924517
0.49924487
0.49924475
0.49924493
0.49924535
0.49924493
0.49924427
0.4992453
0.49924523
0.49924487
0.4992451
0.4992453
0.49924517
0.49924505
0.49924493
0.49924487
0.4992451
0.49924493
0.49924523
0.49924487
0.49924493
0.49924505
0.49924523
0.499245
0.49924505
0.4992448
0.4992451
0.499245
0.49924445
0.4992451
0.49924493
0.49924487
0.49924517
0.4992438
0.4992457
0.49924493
0.4992451
0.49924475
0.49924487
0.4992447
0.49924493
0.49924535
0.49924523
0.49924517
0.4992451
0.4992453
0.49924523
0.49924475
0.49924523
0.49924523
0.49924535
0.49924523
0.49924457
0.49924523
0.49924523
0.49924546
0.4992444
0.49924487
0.49924505
0.49924487
0.49924487
0.499245
0.499245
0.49924546
0.499245
0.4992453
0.49924487
0.49924523
0.4992445
0.4992448
0.49924523
0.499245
0.499245
0.49924535
0.49924517
0.49924487
0.49924523
0.4992451
0.4992451
0.499245
0.49924493
0.499245
0.49924415
0.49924505
0.49924487
0.49924505
0.49924535
0.49924487
0.499245
0.49924475
0.49924475
0.49924493
0.49924523
0.49924523
0.49924493
0.49924546
0.4992448
0.49924535
0.4992448
0.4992448
0.4992445
0.499245
0.49924505
0.4992451
0.49924535
0.49924463
0.4992451
0.49924487
0.4992453
0.49924523
0.49924475
0.49924475
0.49924475
0.49924487
0.499245
0.499245
0.49924535
0.4992451
0.49924523
0.4992453
0.49924475
0.49924594
0.49924564
0.49924487
0.49924505
0.499245
0.4992451
0.499245
0.49924493
0.49924475
0.49924475
0.49924523
0.4992451
0.49924487
0.4992451
0.499245
0.49924475
0.49924535
0.49924487
0.49924535
0.4992445
0.4992448
0.49924475
0.49924475
0.49924475
0.4992448
0.4992445
0.49924535
0.499245
0.49924546
0.4992454
0.49924487
0.49924505
0.49924523
0.4992451
0.49924487
0.49924535
0.49924487
0.49924523
0.49924493
0.49924523
0.49924535
0.4992451
0.49924475
0.4992451
0.49924487
0.4992448
0.4992451
0.4992453
0.49924493
0.499245
0.49924487
0.499245
0.499245
0.4992451
0.4992451
0.499245
0.49924523
0.4992451
0.4992447
0.49924445
0.4992451
0.4992451
0.49924433
0.49924517
0.499245
0.4992451
0.4992451
0.49924487
0.4992451
0.49924487
0.4992451
0.499245
0.499245
0.4992451
0.49924487
0.4992451
0.49924523
0.49924487
0.499245
0.49924427
0.49924487
0.499245
0.49924392
0.49924535
0.49924523
0.49924523
0.49924523
0.499245
0.499245
0.4992451
0.49924505
0.49924475
0.4992454
0.4992444
0.49924475
0.4992451
0.4992445
0.49924523
0.4992448
0.49924535
0.4992454
0.49924523
0.499245
0.49924517
0.499245
0.4992451
0.49924523
0.49924487
0.4992451
0.49924535
0.49924523
0.49924487
0.49924487
0.49924475
0.49924517
0.4992451
0.499245
0.4992451
0.4992451
0.49924475
0.49924475
0.4992451
0.49924618
0.49924487
0.49924415
0.49924517
0.499245
0.49924493
0.49924523
0.49924493
0.49924505
0.49924523
0.499245
0.49924523
0.49924487
0.49924523
0.49924493
0.4992451
0.49924523
0.49924523
0.4992453
0.499245
0.499245
0.4992445
0.49924505
0.49924487
0.49924517
0.49924523
0.4992453
0.49924487
0.49924523
0.49924558
0.4992451
0.49924493
0.49924415
0.499245
0.49924487
0.4992451
0.49924463
0.4992453
0.49924487
0.49924523
0.49924535
0.4992453
0.49924737
0.49924493
0.49924505
0.4992451
0.4992451
0.49924523
0.49924487
0.49924493
0.4992445
0.499243
0.49924487
0.4992448
0.49924535
0.49924517
0.4992451
0.4992451
0.49924505
0.499245
0.4992453
0.49924475
0.49924523
0.499245
0.49924523
0.49924475
0.49924523
0.4992451
0.49924535
0.49924487
0.49924517
0.49924564
0.49924505
0.499245
0.4992451
0.499245
0.49924523
0.4992453
0.49924487
0.4992448
0.49924475
0.499245
0.49924487
0.49924505
0.49924475
0.499245
0.49924517
0.49924505
0.49924475
0.49924535
0.49924463
0.4992448
0.49924487
0.4992451
0.49924368
0.49924505
0.4992438
0.49924475
0.499245
0.49924546
0.49924523
0.4992445
0.49924517
0.49924546
0.49924505
0.49924523
0.49924487
0.49924487
0.49924493
0.49924487
0.499245
0.4992451
0.49924606
0.4992451
0.49924523
0.4992448
0.49924523
0.49924517
0.49924517
0.49924475
0.49924517
0.49924523
0.49924523
0.49924523
0.4992451
0.499245
0.4992453
0.499245
0.4992451
0.49924523
0.499245
0.49924505
0.49924558
0.49924487
0.49924487
0.49924493
0.49924475
0.49924523
0.49924517
0.49924535
0.49924517
0.49924523
0.49924475
0.4992451
0.49924487
0.49924487
0.49924463
0.49924487
0.4992457
0.4992451
0.49924523
0.49924475
0.49924463
0.4992448
0.4992448
0.499245
0.499245
0.49924517
0.4992451
0.49924487
0.49924487
0.4992451
0.499245
0.49924487
0.49924487
0.49924546
0.499245
0.49924475
0.4992451
0.4992447
0.499245
0.49924523
0.49924535
0.499245
0.49924535
0.49924487
0.49924517
0.49924535
0.499245
0.499245
0.49924487
0.49924487
0.4992451
0.49924475
0.49924546
0.49924463
0.49924523
0.49924487
0.499245
0.49924475
0.49924535
0.499245
0.49924535
0.4992448
0.4992451
0.49924535
0.49924487
0.49924487
0.499245
0.49924505
0.49924505
0.49924493
0.49924475
0.49924487
0.49924463
0.4992444
0.4992451
0.49924487
0.4992451
0.49924535
0.49924427
0.49924505
0.49924505
0.499245
0.49924523
0.49924523
0.49924535
0.4992451
0.49924523
0.49924564
0.4992447
0.49924517
0.49924535
0.49924535
0.499245
0.4992451
0.499245
0.4992451
0.49924535
0.4992451
0.49924517
0.49924487
0.499245
0.49924535
0.49924523
0.49924535
0.499245
0.4992451
0.4992453
0.49924487
0.4992451
0.49924487
0.49924523
0.49924523
0.49924505
0.49924523
0.4992451
0.49924475
0.499245
0.49924517
0.4992453
0.49924523
0.4992451
0.49924523
0.49924535
0.49924523
0.4992451
0.49924523
0.49924517
0.49924427
0.49924493
0.49924535
0.4992451
0.49924487
0.4992448
0.49924475
0.49924493
0.499245
0.49924487
0.49924487
0.49924487
0.49924517
0.4992444
0.49924463
0.49924475
0.499245
0.49924535
0.49924487
0.4992444
0.49924505
0.49924487
0.49924523
0.49924523
0.49924523
0.49924523
0.49924523
0.4992451
0.49924517
0.499245
0.499245
0.49924523
0.49924505
0.49924517
0.49924493
0.49924487
0.499245
0.499245
0.49924487
0.49924523
0.4992451
0.49924535
0.49924505
0.49924517
0.49924487
0.4992453
0.49924457
0.4992451
0.4992451
0.499245
0.49924487
0.499245
0.49924463
0.4992451
0.49924535
0.49924487
0.49924535
0.49924493
0.49924552
0.499245
0.4992451
0.4992447
0.49924523
0.49924487
0.49924535
0.49924517
0.4992457
0.49924487
0.49924523
0.49924487
0.49924493
0.49924558
0.4992451
0.4992451
0.49924523
0.4992451
0.49924493
0.49924487
0.49924338
0.49924535
0.49924487
0.49924523
0.49924493
0.49924505
0.4992451
0.49924558
0.49924487
0.49924517
0.49924487
0.49924475
0.499245
0.49924684
0.49924535
0.49924463
0.499245
0.49924523
0.499245
0.49924275
0.49924487
0.49924546
0.4992451
0.49924487
0.49924552
0.4992451
0.49924523
0.4992451
0.4992454
0.49924487
0.49924535
0.4992447
0.49924523
0.49924523
0.499245
0.4992451
0.49924487
0.49924517
0.49924535
0.499245
0.49924523
0.49924445
0.49924523
0.49924523
0.4992451
0.49924523
0.49924487
0.4992451
0.49924505
0.49924475
0.49924523
0.4992451
0.4992451
0.49924523
0.49924427
0.49924523
0.49924535
0.499245
0.4992453
0.49924493
0.4992457
0.4992451
0.49924505
0.49924487
0.49924463
0.49924487
0.4992451
0.4992448
0.4992453
0.49924493
0.49924463
0.49924517
0.49924523
0.4992454
0.49924535
0.4992451
0.49924523
0.499245
0.49924487
0.49924517
0.49924523
0.4992451
0.49924487
0.49924445
0.4992447
0.49924463
0.49924606
0.49924487
0.49924475
0.49924487
0.49924487
0.49924493
0.49924523
0.49924487
0.4992451
0.49924505
0.49924487
0.4992451
0.49924535
0.49924487
0.49924475
0.49924475
0.4992453
0.499245
0.499245
0.49924493
0.49924493
0.49924564
0.49924505
0.4992448
0.49924475
0.49924487
0.49924493
0.49924415
0.49924523
0.49924505
0.49924487
0.4992451
0.4992451
0.4992448
0.4992451
0.49924535
0.49924487
0.4992445
0.4992453
0.4992453
0.49924487
0.49924475
0.4992448
0.49924523
0.49924517
0.49924505
0.4992454
0.49924475
0.499245
0.49924517
0.4992453
0.4992448
0.4992445
0.49924523
0.49924517
0.4992451
0.49924523
0.4992451
0.49924523
0.49924475
0.4992451
0.499245
0.49924392
0.49924558
0.49924487
0.4992451
0.49924487
0.4992451
0.49924487
0.4992451
0.4992448
0.49924636
0.4992451
0.49924535
0.49924487
0.4992451
0.49924475
0.49924523
0.49924487
0.499245
0.49924517
0.49924475
0.4992451
0.4992451
0.49924475
0.499245
0.49924487
0.49924487
0.4992451
0.49924523
0.49924475
0.49924535
0.49924168
0.49924517
0.4992444
0.49924523
0.49924487
0.49924493
0.49924475
0.49924523
0.49924487
0.49924487
0.49924487
0.49924535
0.499245
0.4992451
0.499245
0.49924535
0.49924505
0.49924487
0.499245
0.49924523
0.49924475
0.49924505
0.49924463
0.49924433
0.49924535
0.4992451
0.49924487
0.49924505
0.4992451
0.49924475
0.49924523
0.49924505
0.499245
0.49924487
0.49924505
0.49924487
0.49924517
0.49924517
0.49924493
0.4992448
0.49924475
0.49924475
0.49924582
0.49924493
0.49924475
0.49924523
0.499245
0.4992451
0.4992451
0.49924517
0.49924517
0.4992445
0.4992451
0.49924493
0.4992451
0.49924517
0.49924475
0.4992453
0.4992451
0.49924505
0.49924493
0.4992445
0.49924475
0.4992453
0.49924523
0.4992451
0.49924523
0.49924487
0.49924487
0.4992448
0.49924475
0.49924552
0.49924523
0.499245
0.49924523
0.4992453
0.49924523
0.4992451
0.4992451
0.49924517
0.499245
0.499245
0.499245
0.4992454
0.49924535
0.49924535
0.499245
0.49924523
0.49924386
0.4992451
0.4992451
0.49924475
0.499245
0.4992451
0.49924487
0.4992448
0.49923953
0.4992447
0.49924523
0.49924493
0.499245
0.49924535
0.49924582
0.499245
0.49924505
0.4992451
0.49924505
0.4992451
0.49924487
0.4992451
0.4992453
0.49924487
0.49924517
0.499245
0.49924493
0.499245
0.49924523
0.49924523
0.49924523
0.49924487
0.4992445
0.49924493
0.49924523
0.49924493
0.49924535
0.499245
0.49924487
0.49924475
0.49924546
0.49924463
0.4992448
0.4992447
0.499245
0.49924535
0.49924487
0.49924403
0.49924517
0.49924505
0.49924517
0.4992451
0.4992451
0.4992451
0.4992453
0.49924523
0.49924487
0.49924493
0.49924475
0.499245
0.4992451
0.499245
0.4992451
0.49924523
0.4992448
0.4992451
0.49924487
0.49924517
0.499245
0.4992451
0.499245
0.49924475
0.499245
0.49924517
0.49924463
0.499245
0.499245
0.49924487
0.49924487
0.49924463
0.49924487
0.49924505
0.499245
0.49924505
0.49924523
0.49924505
0.4992451
0.49924546
0.49924523
0.49924493
0.49924523
0.49924546
0.49924558
0.4992451
0.4992453
0.499245
0.4992451
0.4992447
0.49924523
0.49924475
0.49924505
0.49924475
0.49924487
0.49924523
0.4992451
0.4992451
0.49924463
0.49924505
0.4992444
0.49924493
0.49924546
0.499245
0.49924487
0.49924487
0.49924517
0.49924487
0.49924493
0.49924487
0.49924517
0.4992451
0.4992447
0.499245
0.49924487
0.4992453
0.49924523
0.4992445
0.49924546
0.49924523
0.4992454
0.499245
0.4992451
0.49924523
0.4992454
0.49924523
0.49924523
0.49924487
0.4992451
0.4992453
0.49924523
0.49924487
0.49924487
0.4992448
0.49924487
0.49924517
0.49924463
0.49924517
0.4992445
0.49924523
0.49924487
0.49924523
0.49924517
0.49924487
0.49924475
0.4992451
0.499245
0.4992447
0.49924535
0.4992451
0.499245
0.49924475
0.49924487
0.4992451
0.49924517
0.4992448
0.49924493
0.49924487
0.499245
0.49924487
0.49924523
0.49924487
0.4992451
0.49924487
0.4992448
0.499245
0.499245
0.49924475
0.499245
0.499245
0.49924517
0.49924475
0.49924505
0.49924487
0.49924487
0.49924517
0.49924523
0.499245
0.499245
0.4992451
0.49924546
0.4992454
0.49924505
0.49924493
0.49924523
0.499245
0.49924475
0.49924493
0.4992451
0.49924493
0.499245
0.49924606
0.4992447
0.49924523
0.4992448
0.49924535
0.49924523
0.4992451
0.4992453
0.499245
0.49924403
0.49924517
0.49924535
0.49924487
0.4992453
0.49924535
0.49924493
0.49924415
0.49924487
0.4992448
0.49924517
0.4992451
0.4992451
0.49924517
0.49924523
0.49924487
0.49924487
0.49924487
0.4992448
0.499245
0.4992451
0.49924487
0.49924493
0.49924517
0.4992451
0.49924505
0.499245
0.49924487
0.499245
0.499245
0.49924505
0.49924487
0.499245
0.4992451
0.4992451
0.49924463
0.4992451
0.49924463
0.49924487
0.49924505
0.4992447
0.49924582
0.499245
0.49924523
0.49924517
0.4992451
0.49924493
0.4992454
0.4992451
0.49924487
0.49924487
0.499245
0.49924487
0.4992454
0.49924493
0.499245
0.49924546
0.49924487
0.49924523
0.4992453
0.49924523
0.49924517
0.49924487
0.4992451
0.4992451
0.499245
0.49924475
0.49924493
0.49924487
0.49924487
0.49924517
0.49924523
0.49924487
0.4992451
0.4992445
0.49924493
0.49924463
0.4992451
0.49924487
0.499245
0.49924523
0.49924487
0.49924487
0.49924523
0.49924535
0.499245
0.49924523
0.49924523
0.4992453
0.49924523
0.49924546
0.499245
0.49924523
0.49924475
0.49924475
0.49924475
0.49924493
0.49924493
0.49924535
0.49924475
0.4992451
0.49924517
0.4992445
0.4992451
0.4992448
0.4992448
0.499245
0.4992448
0.499245
0.4992448
0.49924523
0.49924487
0.49924487
0.49924487
0.499245
0.49924523
0.49924523
0.49924505
0.4992451
0.4992451
0.49924535
0.49924463
0.49924493
0.49924505
0.4992448
0.499245
0.49924546
0.49924523
0.49924582
0.4992451
0.49924505
0.4992451
0.4992451
0.49924475
0.499245
0.49924517
0.49924517
0.4992451
0.49924523
0.4992451
0.49924535
0.49924487
0.49924487
0.49924487
0.49924505
0.499245
0.4992445
0.49924523
0.499245
0.4992451
0.4992451
0.49924475
0.49924475
0.49924487
0.49924487
0.4992451
0.49924523
0.49924493
0.499245
0.4992451
0.49924523
0.4992448
0.4992451
0.49924475
0.499245
0.4992453
0.4992448
0.49924475
0.49924523
0.499245
0.499245
0.49924475
0.49924535
0.4992451
0.49924546
0.4992451
0.49924523
0.49924535
0.49924523
0.49924517
0.49924523
0.49924523
0.49924517
0.49924505
0.4992451
0.49924463
0.499245
0.4992451
0.49924523
0.499245
0.49924517
0.4992451
0.4992451
0.499245
0.4992451
0.4992451
0.49924487
0.49924463
0.49924517
0.49924523
0.4992451
0.49924523
0.4992451
0.499245
0.49924487
0.49924463
0.49924475
0.499245
0.499245
0.4992448
0.4992451
0.49924475
0.49924487
0.499245
0.49924487
0.49924517
0.49924517
0.49924535
0.4992448
0.49924475
0.49924493
0.4992454
0.4992435
0.4992451
0.49924523
0.49924523
0.49924475
0.49924487
0.499245
0.499245
0.49924493
0.49924487
0.4992453
0.49924493
0.49924487
0.49924493
0.49924517
0.4992451
0.49924475
0.4992448
0.49924535
0.49924493
0.49924523
0.49924493
0.499245
0.49924475
0.49924505
0.49924523
0.4992451
0.4992451
0.4992451
0.499245
0.4992451
0.4992451
0.4992451
0.4992451
0.49924535
0.499245
0.4992451
0.49924493
0.49924505
0.49924487
0.49924546
0.49924535
0.4992451
0.49924546
0.49924463
0.4992451
0.49924523
0.49924505
0.49924475
0.49924523
0.49924487
0.49924475
0.49924487
0.4992451
0.49924517
0.4992451
0.499245
0.49924517
0.49924493
0.49924463
0.49924505
0.499245
0.4992451
0.49924475
0.49924493
0.49924606
0.49924535
0.4992453
0.49924487
0.49924487
0.499245
0.4992451
0.49924535
0.4992451
0.499245
0.4992453
0.49924493
0.49924493
0.49924523
0.49924523
0.49924552
0.49924546
0.49924487
0.49924463
0.49924475
0.49924487
0.49924487
0.499245
0.49924535
0.49924487
0.49924427
0.499245
0.49924487
0.4992451
0.49924487
0.49924493
0.499245
0.499245
0.49924487
0.49924535
0.499245
0.49924475
0.499245
0.49924517
0.49924523
0.49924535
0.4992451
0.49924523
0.4992453
0.49924535
0.49924487
0.49924523
0.499245
0.49924493
0.49924523
0.49924487
0.49924546
0.4992447
0.49924487
0.4992451
0.49924523
0.4992454
0.4992451
0.49924487
0.4992448
0.49924493
0.499245
0.4992451
0.49924517
0.49924493
0.4992453
0.49924386
0.49924487
0.4992451
0.49924493
0.49924475
0.4992447
0.49924463
0.49924487
0.49924523
0.49924475
0.4992451
0.49924475
0.499245
0.4992453
0.4992451
0.49924457
0.4992453
0.4992451
0.49924475
0.49924505
0.4992445
0.49924535
0.499245
0.49924523
0.49924487
0.4992451
0.4992448
0.49924475
0.49924523
0.499245
0.4992453
0.49924463
0.499245
0.49924523
0.499245
0.4992451
0.49924403
0.49924493
0.49924493
0.4992453
0.49924487
0.49924493
0.49924493
0.499245
0.49924493
0.4992451
0.49924487
0.49924517
0.499245
0.49924505
0.49924505
0.49924427
0.49924535
0.499245
0.49924535
0.4992451
0.499245
0.49924523
0.49924487
0.499245
0.4992451
0.49924487
0.49924487
0.49924493
0.49924523
0.49924535
0.4992451
0.49924463
0.4992451
0.49924463
0.4992451
0.49924546
0.499245
0.49924523
0.49924523
0.49924493
0.4992453
0.49924523
0.49924523
0.49924505
0.49924475
0.49924475
0.49924505
0.4992453
0.49924535
0.4992451
0.49924505
0.49924523
0.49924463
0.49924523
0.499245
0.49924523
0.49924523
0.49924493
0.4992451
0.49924546
0.49924475
0.49924546
0.49924487
0.49924535
0.49924535
0.49924535
0.499245
0.4992451
0.49924523
0.49924487
0.4992451
0.49924475
0.49924517
0.49924475
0.49924523
0.499245
0.4992441
0.49924487
0.4992448
0.4992451
0.4992444
0.49924463
0.499245
0.4992438
0.4992453
0.49924523
0.4992451
0.4992451
0.499245
0.49924487
0.499245
0.4992454
0.4992451
0.499245
0.49924475
0.49924487
0.49924523
0.4992453
0.4992451
0.49924523
0.4992451
0.49924487
0.4992451
0.49924475
0.49924517
0.49924463
0.499245
0.49924487
0.49924505
0.49924487
0.49924487
0.49924535
0.4992448
0.49924552
0.49924457
0.49924487
0.4992451
0.49924457
0.4992451
0.4992451
0.49924475
0.49924487
0.49924493
0.49924535
0.49924445
0.49924535
0.499245
0.49924535
0.4992447
0.4992451
0.4992451
0.49924523
0.49924523
0.49924487
0.49924487
0.49924523
0.499245
0.49924505
0.49924546
0.49924546
0.49924523
0.49924475
0.49924463
0.49924505
0.499245
0.49924475
0.49924487
0.4992453
0.4992445
0.49924427
0.49924523
0.49924487
0.49924523
0.49924535
0.49924558
0.49924523
0.49924523
0.499245
0.499245
0.499245
0.49924493
0.49924517
0.49924463
0.4992445
0.49924487
0.4992451
0.49924523
0.499245
0.49924487
0.49924475
0.49924475
0.49924487
0.49924493
0.49924487
0.49924535
0.49924487
0.49924523
0.49924523
0.4992448
0.49924475
0.4992451
0.49924475
0.49924505
0.49924493
0.49924505
0.4992451
0.49924523
0.4992451
0.49924475
0.4992445
0.49924487
0.49924487
0.49924475
0.4992451
0.49924475
0.49924475
0.49924535
0.49924487
0.49924535
0.49924463
0.49924475
0.49924505
0.4992451
0.4992451
0.49924535
0.49924594
0.4992451
0.49924523
0.49924487
0.49924487
0.4992451
0.49924475
0.4992448
0.49924523
0.4992451
0.49924535
0.49924487
0.49924493
0.4992451
0.4992451
0.49924493
0.499245
0.49924487
0.49924326
0.49924636
0.49924523
0.49924487
0.499245
0.49924493
0.49924457
0.49924517
0.4992445
0.4992448
0.4992454
0.499245
0.4992448
0.4992448
0.49924445
0.4992448
0.4992448
0.499245
0.499245
0.49924523
0.4992453
0.49924475
0.499245
0.49924475
0.49924475
0.49924535
0.49924475
0.4992445
0.49924487
0.49924523
0.49924582
0.49924523
0.499245
0.49924535
0.49924493
0.49924487
0.49924517
0.49924427
0.49924523
0.49924487
0.4992453
0.49924546
0.49924487
0.499245
0.49924463
0.49924475
0.49924523
0.49924475
0.4992448
0.49924487
0.499245
0.49924505
0.49924487
0.4992451
0.499245
0.49924564
0.49924523
0.49924475
0.499245
0.4992451
0.49924558
0.499245
0.4992453
0.499245
0.4992451
0.49924463
0.4992448
0.49924427
0.4992453
0.4992453
0.49924475
0.499245
0.4992447
0.49924523
0.49924475
0.49924487
0.49924517
0.4992445
0.499245
0.49924517
0.49924535
0.49924487
0.49924493
0.4992445
0.49924582
0.49924517
0.499245
0.49924523
0.4992451
0.49924523
0.4992451
0.4992445
0.49924475
0.4992451
0.4992451
0.499245
0.4992451
0.49924487
0.49924487
0.4992451
0.49924517
0.49924523
0.49924487
0.499245
0.499245
0.4992453
0.49924523
0.49924546
0.4992451
0.499245
0.49924546
0.49924517
0.499245
0.49924582
0.49924463
0.49924493
0.49924487
0.49924505
0.49924487
0.49924487
0.49924505
0.49924493
0.49924523
0.49924475
0.4992451
0.49924475
0.49924517
0.49924517
0.49924523
0.499245
0.49924415
0.49924523
0.49924487
0.49924523
0.49924535
0.49924517
0.49924505
0.49924517
0.49924463
0.49924475
0.499245
0.49924463
0.49924493
0.49924487
0.4992451
0.49924517
0.4992451
0.49924487
0.49924505
0.4992451
0.499245
0.4992451
0.49924475
0.49924487
0.4992451
0.49924535
0.49924535
0.49924487
0.49924517
0.49924463
0.49924475
0.49924487
0.4992451
0.49924475
0.49924475
0.4992457
0.49924535
0.49924487
0.49924487
0.4992451
0.49924523
0.49924535
0.4992451
0.49924517
0.499245
0.499245
0.499245
0.49924523
0.49924523
0.49924517
0.49924487
0.49924523
0.4992453
0.4992441
0.49924475
0.49924475
0.4992451
0.499245
0.4992447
0.499245
0.4992451
0.49924487
0.49924535
0.4992451
0.499245
0.49924535
0.49924517
0.4992447
0.49924487
0.499245
0.49924487
0.4992445
0.4992447
0.49924505
0.49924487
0.49924505
0.49924523
0.4992445
0.4992451
0.499245
0.49924487
0.49924487
0.49924552
0.4992451
0.49924463
0.4992447
0.4992451
0.499245
0.49924475
0.49924487
0.49924546
0.49924523
0.49924517
0.49924457
0.4992451
0.4992451
0.49924535
0.49924475
0.49924275
0.49924475
0.49924487
0.4992451
0.4992448
0.4992451
0.49924558
0.4992451
0.49924487
0.4992451
0.499245
0.49924445
0.4992448
0.49924517
0.49924475
0.49924523
0.49924463
0.49924487
0.4992451
0.4992444
0.499245
0.49924505
0.4992445
0.4992453
0.49924487
0.499245
0.49924517
0.499245
0.49924535
0.4992451
0.49924523
0.4992451
0.49924475
0.4992451
0.49924523
0.49924505
0.4992451
0.4992447
0.49924487
0.49924505
0.49924535
0.49924463
0.4992447
0.49924463
0.4992451
0.49924505
0.49924523
0.49924505
0.49924475
0.49924505
0.49924487
0.49924475
0.4992451
0.49924523
0.49924505
0.49924523
0.49924505
0.49924517
0.4992451
0.49924493
0.49924505
0.49924487
0.49924475
0.4992451
0.4992448
0.499245
0.49924535
0.49924523
0.49924493
0.49924546
0.49924487
0.49924535
0.4992451
0.49924475
0.499245
0.4992448
0.4992445
0.49924546
0.49924535
0.49924505
0.499245
0.49924463
0.49924523
0.49924493
0.4992451
0.4992445
0.49924505
0.49924475
0.499245
0.49924487
0.49924487
0.49924523
0.49924487
0.49924505
0.49924517
0.4992451
0.4992451
0.4992451
0.49924487
0.49924546
0.49924487
0.49924523
0.49924523
0.4992451
0.49924535
0.49924523
0.4992451
0.49924475
0.49924475
0.4992447
0.49924535
0.49924546
0.49924523
0.49924517
0.49924517
0.49924427
0.49924493
0.4992445
0.49924523
0.49924475
0.49924535
0.49924487
0.49924523
0.499245
0.49924523
0.49924493
0.4992448
0.49924523
0.49924475
0.49924517
0.499245
0.49924546
0.49924523
0.49924505
0.49924475
0.49924493
0.49924517
0.499245
0.4992453
0.49924463
0.49924487
0.4992444
0.49924487
0.49924535
0.4992447
0.49924475
0.49924552
0.4992451
0.49924505
0.49924505
0.4992448
0.49924487
0.49924523
0.49924517
0.499245
0.49924535
0.49924546
0.4992451
0.49924535
0.49924487
0.49924523
0.49924523
0.4992451
0.4992448
0.49924475
0.49924493
0.499245
0.4992451
0.499245
0.499245
0.499245
0.4992451
0.499245
0.49924517
0.49924523
0.49924487
0.49924535
0.499245
0.4992451
0.49924493
0.49924535
0.49924487
0.49924487
0.49924487
0.49924487
0.49924487
0.49924523
0.49924487
0.499245
0.49924487
0.49924523
0.49924552
0.49924517
0.49924535
0.49924523
0.4992448
0.4992451
0.49924487
0.49924475
0.499245
0.4992453
0.49924523
0.499245
0.49924535
0.49924487
0.499245
0.499245
0.499245
0.49924475
0.49924475
0.49924505
0.4992451
0.49924523
0.49924523
0.49924475
0.499245
0.49924487
0.49924594
0.4992451
0.499245
0.49924523
0.49924487
0.499245
0.49924523
0.49924517
0.49924535
0.499245
0.49924523
0.49924493
0.49924487
0.499245
0.4992448
0.49924523
0.49924493
0.4992451
0.499245
0.4992451
0.49924517
0.49924546
0.4992451
0.49924523
0.49924487
0.4992451
0.4992451
0.49924487
0.49924523
0.4992454
0.49924463
0.49924535
0.49924546
0.499245
0.49924523
0.49924594
0.49924487
0.49924505
0.4992445
0.4992451
0.49924475
0.49924523
0.49924517
0.49924517
0.499245
0.4992448
0.499247
0.49924523
0.49924475
0.49924523
0.49924475
0.49924463
0.49924505
0.49924523
0.4992447
0.49924493
0.49924487
0.4992448
0.49924487
0.49924517
0.49924505
0.49924523
0.4992451
0.499245
0.49924487
0.49924517
0.49924552
0.49924487
0.49924415
0.49924475
0.49924535
0.49924493
0.49924523
0.4992445
0.49924493
0.49924523
0.4992448
0.49924487
0.49924517
0.49924517
0.4992453
0.49924505
0.49924475
0.49924505
0.49924475
0.49924523
0.4992453
0.4992451
0.49924523
0.49924517
0.49924487
0.49924493
0.4992448
0.49924505
0.49924487
0.4992453
0.49924505
0.49924487
0.49924493
0.49924523
0.4992451
0.49924475
0.499245
0.49924493
0.4992451
0.499245
0.499245
0.49924487
0.49924523
0.49924558
0.49924475
0.4992447
0.49924535
0.49924487
0.49924535
0.49924523
0.49924505
0.499245
0.49924523
0.4992447
0.499245
0.49924523
0.49924517
0.49924505
0.4992454
0.499245
0.49924523
0.49924487
0.49924523
0.49924523
0.499245
0.4992457
0.499245
0.49924535
0.49924523
0.4992451
0.4992448
0.499245
0.4992451
0.49924523
0.4992453
0.49924493
0.49924505
0.49924523
0.49924517
0.499245
0.49924475
0.49924546
0.49924493
0.4992451
0.49924535
0.499245
0.49924523
0.4992445
0.499245
0.499245
0.4992451
0.49924463
0.4992451
0.49924558
0.4992451
0.49924475
0.49924487
0.49924523
0.499245
0.4992448
0.49924523
0.4992451
0.49924493
0.49924523
0.49924505
0.4992453
0.4992451
0.49924535
0.49924487
0.499245
0.49924505
0.49924487
0.49924505
0.4992451
0.4992451
0.4992453
0.49924546
0.49924487
0.49924487
0.49924535
0.49924505
0.49924535
0.49924517
0.49924487
0.49924517
0.4992451
0.49924535
0.49924505
0.49924517
0.49924523
0.49924463
0.49924487
0.49924523
0.49924517
0.49924493
0.4992451
0.49924523
0.4992448
0.49924493
0.49924475
0.49924463
0.4992451
0.49924505
0.49924523
0.49924487
0.4992451
0.4992451
0.4992447
0.49924457
0.49924523
0.49924487
0.4992453
0.49924493
0.49924463
0.4992448
0.499245
0.49924523
0.49924463
0.49924535
0.49924523
0.49924493
0.49924523
0.499245
0.49924487
0.49924546
0.49924487
0.49924487
0.499245
0.499245
0.49924493
0.4992453
0.49924523
0.4992451
0.49924546
0.49924535
0.499245
0.49924487
0.4992451
0.4992448
0.49924517
0.49924475
0.4992451
0.4992445
0.49924487
0.4992451
0.4992451
0.499245
0.4992451
0.49924523
0.49924403
0.499245
0.49924487
0.499245
0.4992453
0.49924517
0.49924487
0.4992451
0.4992451
0.4992451
0.49924487
0.49924517
0.49924523
0.49924523
0.4992469
0.499245
0.4992451
0.4992451
0.49924487
0.49924523
0.49924523
0.49924487
0.499245
0.49924535
0.4992451
0.499245
0.499245
0.49924523
0.4992457
0.49924517
0.49924523
0.499245
0.49924463
0.49924517
0.49924546
0.4992451
0.49924523
0.49924523
0.49924475
0.4992445
0.49924487
0.49924487
0.499245
0.499245
0.4992451
0.499245
0.4992447
0.4992451
0.49924517
0.4992447
0.4992451
0.49924523
0.49924487
0.49924487
0.499245
0.49924487
0.499245
0.49924487
0.49924523
0.49924523
0.49924487
0.4992451
0.49924487
0.499245
0.49924475
0.49924463
0.4992448
0.4992451
0.49924535
0.499245
0.4992451
0.49924487
0.499245
0.49924535
0.4992451
0.49924433
0.4992453
0.49924505
0.49924523
0.49924523
0.4992451
0.49924517
0.49924517
0.49924487
0.4992451
0.49924523
0.4992451
0.499245
0.49924517
0.49924535
0.4992469
0.49924457
0.49924493
0.49924475
0.49924415
0.4992451
0.49924427
0.49924523
0.499245
0.4992451
0.49924487
0.49924403
0.499245
0.49924535
0.49924487
0.4992451
0.4992451
0.499245
0.4992451
0.49924487
0.49924523
0.4992451
0.499245
0.499245
0.4992448
0.49924493
0.4992448
0.49924523
0.49924463
0.49924487
0.49924517
0.49924487
0.4992451
0.49924535
0.4992451
0.49924487
0.4992451
0.49924463
0.49924523
0.49924588
0.49924487
0.499245
0.49924475
0.49924487
0.49924517
0.49924523
0.499245
0.49924463
0.49924517
0.49924475
0.49924493
0.499245
0.49924535
0.4992451
0.49924475
0.49924487
0.4992448
0.4992451
0.499245
0.49924433
0.49924517
0.4992453
0.49924487
0.49924523
0.4992451
0.49924546
0.49924305
0.4992451
0.49924517
0.4992453
0.49924535
0.49924487
0.49924487
0.49924523
0.4992425
0.49924487
0.49924386
0.4992453
0.49924475
0.4992451
0.49924493
0.499245
0.49924487
0.49924535
0.49924475
0.4992453
0.49924487
0.49924493
0.4992453
0.49924523
0.499245
0.4992445
0.49924475
0.49924523
0.499245
0.49924505
0.49924475
0.49924475
0.4992451
0.49924493
0.4992448
0.49924505
0.49924517
0.49924523
0.49924487
0.4992453
0.49924487
0.49924475
0.4992451
0.49924535
0.4992451
0.499245
0.4992451
0.499245
0.49924487
0.49924535
0.49924535
0.49924505
0.499245
0.49924487
0.4992453
0.49924463
0.499245
0.499245
0.49924535
0.49924493
0.4992447
0.4992451
0.4992451
0.4992451
0.49924582
0.49924487
0.49924517
0.49924505
0.49924487
0.49924535
0.49924475
0.49924487
0.49924546
0.4992451
0.49924487
0.499245
0.49924487
0.49924535
0.49924487
0.49924493
0.49924475
0.49924505
0.499245
0.49924493
0.499245
0.49924523
0.49924523
0.49924463
0.49924475
0.4992453
0.499245
0.49924517
0.4992448
0.49924487
0.499245
0.49924463
0.499245
0.49924493
0.49924582
0.4992451
0.49924523
0.49924475
0.49924517
0.49924475
0.499245
0.49924463
0.4992451
0.499245
0.4992451
0.49924523
0.49924463
0.49924487
0.49924523
0.49924493
0.499245
0.49924493
0.49924523
0.4992447
0.49924523
0.49924463
0.499245
0.4992451
0.49924475
0.49924493
0.49924505
0.4992445
0.49924487
0.49924546
0.49924463
0.499245
0.4992447
0.49924505
0.49924535
0.49924493
0.49924493
0.49924517
0.49924487
0.4992451
0.49924535
0.49924505
0.49924523
0.4992451
0.499245
0.49924463
0.49924523
0.49924493
0.49924505
0.499245
0.4992448
0.499245
0.49924523
0.4992432
0.49924523
0.4992451
0.49924517
0.49924487
0.499245
0.49924487
0.49924505
0.49924523
0.49924487
0.49924535
0.4992451
0.49924535
0.4992451
0.49924517
0.4992451
0.499245
0.49924415
0.49924487
0.499245
0.49924463
0.49924475
0.4992445
0.499245
0.49924505
0.49924523
0.49924493
0.49924487
0.49924463
0.499245
0.4992451
0.49924475
0.499245
0.49924505
0.49924493
0.49924558
0.4992451
0.499245
0.49924535
0.49924523
0.4992444
0.4992453
0.4992448
0.49924523
0.4992451
0.49924523
0.49924535
0.49924523
0.49924487
0.49924523
0.4992451
0.4992451
0.499245
0.49924493
0.4992441
0.49924487
0.49924463
0.4992444
0.49924487
0.49924475
0.499245
0.4992451
0.49924523
0.49924523
0.49924535
0.49924523
0.4992451
0.49924475
0.49924535
0.499245
0.49924523
0.49924517
0.49924517
0.499245
0.4992451
0.49924517
0.49924487
0.49924523
0.49924517
0.49924487
0.49924487
0.499245
0.49924535
0.499243
0.4992453
0.49924493
0.49924487
0.49924493
0.49924505
0.4992451
0.49924523
0.49924487
0.49924523
0.49924463
0.4992447
0.49924487
0.49924487
0.499245
0.49924475
0.4992453
0.499245
0.49924415
0.49924487
0.49924535
0.499245
0.4992453
0.499245
0.49924487
0.49924493
0.4992448
0.4992451
0.49924523
0.4992451
0.49924463
0.49924535
0.49924493
0.49924475
0.499245
0.4992451
0.49924493
0.49924523
0.49924487
0.49924523
0.49924523
0.4992438
0.49924535
0.49924523
0.49924475
0.4992445
0.49924505
0.49924487
0.49924487
0.49924475
0.49924523
0.4992451
0.49924618
0.49924505
0.499245
0.49924535
0.49924523
0.49924535
0.49924517
0.499245
0.49924564
0.49924487
0.49924517
0.499245
0.49924487
0.4992451
0.4992445
0.49924523
0.49924523
0.4992451
0.49924463
0.49924487
0.499245
0.49924523
0.4992448
0.49924463
0.49924523
0.4992451
0.49924487
0.49924505
0.49924523
0.49924546
0.49924523
0.49924487
0.49924535
0.49924493
0.49924523
0.4992451
0.4992451
0.49924487
0.49924457
0.4992457
0.49924487
0.499245
0.49924475
0.49924487
0.4992451
0.49924535
0.49924463
0.499245
0.4992453
0.49924475
0.4992451
0.49924475
0.4992447
0.49924523
0.49924505
0.49924493
0.49924523
0.499245
0.4992447
0.4992451
0.49924487
0.49924487
0.49924475
0.499245
0.4992451
0.4992451
0.49924493
0.499245
0.49924487
0.4992451
0.49924523
0.49924535
0.4992447
0.4992453
0.49924517
0.49924487
0.4992451
0.4992445
0.49924487
0.49924523
0.4992451
0.4992447
0.49924535
0.49924523
0.49924552
0.499245
0.49924523
0.499245
0.499245
0.49924523
0.49924523
0.49924523
0.49924517
0.49924523
0.49924475
0.49924523
0.49924523
0.49924552
0.499245
0.49924576
0.4992451
0.49924475
0.49924204
0.4992453
0.49924517
0.49924475
0.49924523
0.49924535
0.499245
0.49924487
0.49924487
0.49924523
0.4992448
0.49924487
0.49924523
0.4992451
0.4992451
0.4992442
0.49924505
0.4992451
0.49924487
0.49924487
0.4992451
0.49924523
0.4992448
0.49924523
0.4992451
0.49924523
0.499245
0.49924535
0.49924505
0.4992447
0.4992451
0.4992451
0.49924487
0.4992451
0.49924535
0.499245
0.499245
0.4992451
0.4992451
0.4992451
0.49924523
0.49924487
0.4992451
0.4992451
0.49924523
0.499245
0.49924505
0.49924523
0.49924523
0.499245
0.4992453
0.49924523
0.49924523
0.4992451
0.49924517
0.4992451
0.49924523
0.49924493
0.49924487
0.49924535
0.49924463
0.4992454
0.499245
0.49924523
0.4992451
0.49924493
0.4992451
0.49924505
0.499245
0.49924487
0.499245
0.49924487
0.4992451
0.49924493
0.49924523
0.49924475
0.4992451
0.49924523
0.4992451
0.4992451
0.49924523
0.49924517
0.49924523
0.49924523
0.4992448
0.499245
0.49924523
0.4992451
0.49924487
0.4992451
0.49924487
0.49924493
0.49924505
0.4992454
0.49924487
0.49924505
0.499245
0.49924487
0.4992451
0.49924517
0.49924475
0.49924505
0.499245
0.4992451
0.49924487
0.4992448
0.499245
0.49924487
0.4992448
0.49924487
0.49924523
0.4992447
0.49924523
0.49924475
0.49924523
0.4992451
0.4992453
0.49924475
0.4992451
0.49924463
0.49924505
0.4992451
0.49924535
0.49924523
0.49924493
0.499245
0.49924535
0.49924505
0.4992451
0.49924487
0.49924535
0.49924475
0.4992451
0.49924487
0.49924493
0.49924463
0.499245
0.49924606
0.499245
0.49924475
0.4992445
0.49924505
0.49924535
0.49924546
0.49924535
0.49924505
0.49924523
0.499245
0.49924487
0.49924517
0.499245
0.49924505
0.49924523
0.49924523
0.49924475
0.49924546
0.49924517
0.49924523
0.49924523
0.49924493
0.49924523
0.49924517
0.49924397
0.499245
0.49924505
0.49924505
0.499245
0.49924475
0.499245
0.49924517
0.49924523
0.49924546
0.49924535
0.49924535
0.49924493
0.49924475
0.49924535
0.49924523
0.499245
0.49924493
0.49924156
0.49924523
0.49924493
0.49924517
0.49924493
0.49924493
0.49924535
0.49924487
0.49924487
0.49924463
0.49924523
0.49924505
0.4992445
0.499245
0.49924493
0.49924523
0.49924546
0.49924517
0.49924445
0.49924523
0.49924535
0.4992451
0.49924457
0.4992451
0.49924493
0.49924487
0.4992448
0.49924517
0.499245
0.49924475
0.49924523
0.499245
0.4992453
0.49924475
0.499245
0.4992453
0.49924487
0.499245
0.499245
0.4992445
0.49924505
0.4992451
0.49924493
0.4992451
0.49924523
0.499245
0.4992448
0.49924517
0.49924523
0.49924228
0.49924487
0.49924523
0.4992451
0.49924493
0.49924517
0.4992444
0.4992451
0.49924523
0.49924487
0.4992451
0.49924535
0.49924523
0.49924517
0.49924523
0.499245
0.4992451
0.49924493
0.49924517
0.4992445
0.4992453
0.49924523
0.49924517
0.49924523
0.4992445
0.4992453
0.4992451
0.49924505
0.499245
0.49924523
0.4992451
0.49924463
0.499245
0.4992451
0.4992445
0.49924487
0.49924523
0.4992451
0.4992451
0.49924523
0.49924463
0.49924535
0.4992451
0.499245
0.499245
0.49924517
0.49924523
0.499245
0.4992451
0.49924487
0.4992451
0.49924546
0.49924523
0.49924523
0.49924523
0.49924493
0.4992451
0.49924523
0.499245
0.49924403
0.49924487
0.499245
0.49924546
0.4992453
0.49924523
0.49924487
0.49924523
0.4992451
0.49924487
0.49924523
0.49924475
0.49924487
0.4992451
0.49924487
0.49924523
0.4992453
0.49924523
0.4992451
0.49924487
0.49924517
0.4992451
0.49924493
0.49924475
0.49924475
0.49924427
0.49924487
0.49924463
0.49924505
0.49924517
0.49924487
0.4992451
0.4992451
0.4992451
0.499245
0.499245
0.49924558
0.49924546
0.4992444
0.49924505
0.499245
0.49924475
0.49924487
0.49924517
0.499245
0.4992451
0.49924368
0.49924487
0.49924463
0.49924535
0.4992451
0.4992447
0.49924493
0.4992451
0.499245
0.49924493
0.49924487
0.49924558
0.499245
0.4992445
0.49924487
0.49924517
0.4992445
0.499245
0.49924523
0.4992451
0.49924487
0.499245
0.4992451
0.49924487
0.49924624
0.49924517
0.49924523
0.4992448
0.4992451
0.49924523
0.49924487
0.4992451
0.49924487
0.499245
0.4992451
0.499245
0.499245
0.49924517
0.499245
0.49924517
0.49924535
0.4992447
0.4992453
0.49924517
0.499245
0.4992451
0.49924517
0.49924487
0.4992451
0.4992441
0.499245
0.499245
0.49924535
0.4992451
0.49924523
0.49924463
0.4992451
0.49924415
0.49924535
0.4992448
0.49924487
0.499245
0.49924523
0.4992451
0.499245
0.4992451
0.49924517
0.49924487
0.49924546
0.49924523
0.499245
0.49924517
0.49924487
0.499245
0.49924517
0.4992448
0.49924415
0.4992453
0.49924535
0.49924505
0.49924517
0.4992451
0.49924523
0.49924505
0.49924493
0.499245
0.49924487
0.499245
0.499245
0.499245
0.49924487
0.49924505
0.4992451
0.499245
0.4992453
0.49924493
0.499245
0.49924475
0.49924487
0.4992451
0.4992451
0.49924523
0.4992451
0.499245
0.49924487
0.49924493
0.49924546
0.499245
0.49924493
0.49924493
0.499245
0.49924487
0.49924475
0.49924475
0.4992451
0.4992451
0.4992445
0.49924493
0.49924535
0.499245
0.499245
0.49924558
0.499245
0.49924493
0.49924523
0.499245
0.49924517
0.49924535
0.49924535
0.49924523
0.49924487
0.49924475
0.499245
0.49924475
0.4992451
0.4992448
0.49924493
0.49924475
0.49924487
0.499245
0.49924535
0.4992451
0.49924463
0.49924475
0.499245
0.4992451
0.49924487
0.49924487
0.49924463
0.499245
0.4992451
0.49924463
0.499245
0.499245
0.49924487
0.499245
0.49924487
0.49924487
0.49924487
0.49924517
0.49924517
0.4992451
0.49924487
0.49924535
0.49924487
0.4992451
0.49924487
0.4992451
0.49924463
0.49924487
0.49924523
0.49924523
0.49924493
0.49924523
0.4992451
0.499245
0.49924535
0.49924523
0.49924457
0.49924517
0.49924505
0.49924517
0.49924487
0.49924463
0.49924475
0.49924463
0.49924487
0.49924517
0.49924487
0.49924475
0.49924475
0.49924517
0.49924523
0.4992451
0.49924523
0.49924457
0.49924487
0.49924517
0.4992451
0.49924487
0.49924463
0.499245
0.49924475
0.49924564
0.49924517
0.49924558
0.4992451
0.49924535
0.499245
0.499245
0.4992451
0.499245
0.49924457
0.49924493
0.4992451
0.49924523
0.49924487
0.499245
0.49924523
0.49924487
0.49924523
0.49924523
0.49924487
0.4992445
0.4992453
0.49924475
0.4992451
0.49924475
0.49924487
0.499245
0.49924505
0.49924523
0.4992451
0.49924523
0.499245
0.49924523
0.499245
0.499245
0.49924487
0.4992444
0.4992451
0.49924487
0.49924305
0.49924487
0.49924523
0.49924463
0.49924475
0.49924463
0.499245
0.4992451
0.49924487
0.49924523
0.499245
0.49924523
0.49924475
0.49924535
0.499245
0.4992445
0.49924505
0.49924523
0.4992451
0.4992451
0.49924523
0.499245
0.49924517
0.499245
0.499245
0.49924523
0.49924487
0.499245
0.49924523
0.49924505
0.49924475
0.4992451
0.49924558
0.4992453
0.499245
0.49924546
0.49924523
0.49924535
0.49924517
0.49924517
0.499245
0.499245
0.49924475
0.49924535
0.49924487
0.49924535
0.4992454
0.4992454
0.49924475
0.49924487
0.4992463
0.49924487
0.49924427
0.49924517
0.49924517
0.499245
0.49924517
0.49924475
0.49924493
0.49924517
0.4992451
0.49924535
0.49924332
0.49924475
0.4992451
0.49924523
0.499245
0.49924505
0.499245
0.499245
0.49924487
0.4992451
0.49924487
0.49924487
0.4992451
0.4992451
0.49924523
0.49924487
0.49924517
0.49924487
0.49924523
0.49924523
0.499245
0.499245
0.4992451
0.49924558
0.49924392
0.4992451
0.49924523
0.49924487
0.49924523
0.49924487
0.49924487
0.49924505
0.49924505
0.499245
0.4992448
0.49924475
0.499245
0.4992454
0.4992453
0.49924487
0.49924505
0.499245
0.49924517
0.49924487
0.4992451
0.4992444
0.49924517
0.49924487
0.49924487
0.49924523
0.4992451
0.49924487
0.499245
0.4992451
0.49924463
0.4992451
0.49924475
0.49924505
0.49924517
0.49924493
0.4992451
0.49924558
0.4992451
0.49924523
0.4992453
0.49924564
0.4992451
0.49924523
0.4992451
0.49924523
0.49924487
0.4992451
0.4992451
0.49924517
0.4992451
0.49924475
0.4992451
0.49924487
0.49924523
0.4992454
0.4992445
0.49924487
0.49924475
0.49924463
0.49924487
0.4992451
0.49924475
0.4992451
0.49924523
0.4992451
0.4992451
0.4992448
0.49924475
0.4992451
0.49924463
0.49924523
0.49924487
0.49924487
0.49924535
0.49924463
0.49924487
0.49924523
0.49924487
0.4992447
0.49924493
0.49924463
0.4992448
0.49924546
0.49924493
0.4992451
0.49924576
0.49924493
0.4992447
0.49924487
0.49924523
0.4992451
0.49924463
0.49924487
0.49924535
0.49924487
0.49924487
0.49924552
0.49924505
0.49924463
0.49924487
0.49924475
0.4992451
0.499245
0.49924487
0.49924517
0.49924487
0.49924505
0.49924487
0.49924535
0.4992451
0.49924546
0.4992451
0.49924517
0.499245
0.4992438
0.4992451
0.49924564
0.4992451
0.49924487
0.49924523
0.4992447
0.499245
0.49924427
0.4992451
0.49924487
0.49924463
0.499245
0.4992448
0.49924487
0.499245
0.4992453
0.4992453
0.49924475
0.49924523
0.49924523
0.499245
0.49924523
0.4992451
0.49924505
0.4992451
0.49924523
0.4992451
0.499245
0.49924487
0.49924517
0.4992451
0.49924487
0.499245
0.49924475
0.49924463
0.499245
0.49924427
0.49924487
0.499245
0.4992451
0.4992451
0.4992447
0.49924523
0.49924523
0.49924505
0.49924523
0.49924156
0.49924535
0.49924505
0.4992451
0.499245
0.4992451
0.49924517
0.4992451
0.49924552
0.4992451
0.49924487
0.4992445
0.499245
0.49924505
0.4992451
0.4992453
0.49924523
0.499245
0.49924535
0.49924368
0.4992453
0.4992451
0.49924475
0.49924523
0.49924546
0.49924487
0.49924535
0.49924523
0.49924535
0.49924523
0.49924475
0.499245
0.4992451
0.49924487
0.49924487
0.49924487
0.49924505
0.49924523
0.499245
0.49924523
0.49924546
0.49924535
0.49924403
0.49924457
0.49924487
0.4992451
0.49924523
0.49924487
0.499245
0.49924487
0.49924493
0.4992444
0.49924445
0.49924535
0.49924487
0.49924523
0.49924523
0.49924487
0.49924505
0.4992445
0.49924475
0.49924535
0.4992451
0.4992451
0.49924463
0.49924517
0.49924475
0.4992451
0.49924415
0.499245
0.4992451
0.4992442
0.49924505
0.49924487
0.49924517
0.49924535
0.4992448
0.4992451
0.49924535
0.49924475
0.4992451
0.4992451
0.49924523
0.49924487
0.49924523
0.49924487
0.49924487
0.499245
0.49924523
0.49924523
0.4992451
0.499245
0.49924493
0.4992451
0.49924523
0.499245
0.49924523
0.49924523
0.4992448
0.4992451
0.49924523
0.4992447
0.49924523
0.499245
0.4992445
0.499245
0.499245
0.499245
0.4992453
0.49924517
0.4992445
0.4992451
0.49924523
0.49924523
0.49924523
0.49924523
0.49924475
0.49924487
0.49924457
0.49924535
0.49924523
0.4992451
0.49924546
0.49924535
0.4992451
0.499245
0.499245
0.49924535
0.49924493
0.4992448
0.49924523
0.49924523
0.4992451
0.499245
0.499245
0.499245
0.4992451
0.49924463
0.49924487
0.49924546
0.49924505
0.49924535
0.49924523
0.499245
0.49924523
0.49924493
0.49924517
0.49924493
0.4992453
0.4992451
0.4992445
0.49924546
0.49924523
0.49924523
0.4992448
0.4992453
0.49924487
0.4992451
0.49924523
0.49924517
0.49924475
0.4992453
0.49924487
0.49924487
0.4992451
0.49924523
0.49924517
0.4992445
0.49924523
0.499245
0.49924523
0.499245
0.49924523
0.49924505
0.49924523
0.499245
0.49924487
0.49924493
0.499245
0.499245
0.4992447
0.499245
0.4992451
0.49924487
0.49924463
0.49924558
0.4992451
0.49924463
0.499245
0.49924505
0.49924523
0.49924505
0.49924523
0.4992445
0.49924535
0.49924463
0.499245
0.49924523
0.49924493
0.49924505
0.49924517
0.4992451
0.499245
0.49924523
0.4992451
0.49924517
0.49924546
0.49924475
0.49924535
0.499245
0.49924475
0.49924487
0.49924517
0.499245
0.49924487
0.499245
0.49924475
0.4992444
0.49924517
0.4992445
0.49924427
0.49924487
0.4992451
0.49924546
0.4992451
0.49924517
0.499245
0.499245
0.49924493
0.49924535
0.4992451
0.4992451
0.49924523
0.49924487
0.49924475
0.4992447
0.49924487
0.49924523
0.499245
0.49924523
0.49924475
0.4992445
0.49924546
0.49924517
0.49924487
0.4992451
0.49924517
0.49924475
0.49924523
0.49924517
0.49924392
0.49924487
0.49924523
0.49924415
0.49924493
0.49924463
0.49924463
0.49924523
0.499245
0.499245
0.4992451
0.49924493
0.4992451
0.49924505
0.49924535
0.49924523
0.49924463
0.49924505
0.49924517
0.499245
0.49924505
0.49924493
0.49924493
0.49924535
0.49924487
0.49924517
0.49924523
0.499245
0.4992451
0.49924517
0.49924505
0.49924487
0.49924493
0.499245
0.4992448
0.49924505
0.499245
0.49924463
0.49924475
0.499245
0.4992448
0.49924475
0.4992451
0.49924517
0.49924493
0.49924785
0.49924487
0.4992451
0.49924517
0.49924487
0.49924523
0.499245
0.49924523
0.49924493
0.49924475
0.49924505
0.49924535
0.49924475
0.499245
0.4992447
0.4992451
0.4992451
0.499245
0.49924487
0.49924517
0.499245
0.499245
0.49924487
0.4992448
0.49924463
0.49924546
0.4992451
0.4992451
0.49924517
0.49924517
0.4992454
0.49924475
0.49924463
0.4992447
0.49924475
0.49924523
0.499245
0.49924505
0.49924487
0.4992451
0.4992451
0.4992451
0.49924523
0.49924463
0.49924487
0.49924523
0.49924505
0.4992451
0.49924523
0.49924535
0.499245
0.49924523
0.49924475
0.499245
0.4992453
0.49924493
0.49924487
0.4992457
0.49924475
0.499245
0.49924475
0.49924487
0.49924475
0.49924493
0.4992453
0.49924523
0.49924475
0.499245
0.4992445
0.49924427
0.49924475
0.49924523
0.49924505
0.49924523
0.4992451
0.49924546
0.49924523
0.4992453
0.49924517
0.49924493
0.49924517
0.4992451
0.49924505
0.49924535
0.49924517
0.499245
0.49924523
0.4992451
0.49924487
0.49924487
0.499245
0.49924517
0.4992451
0.49924535
0.49924487
0.499245
0.49924523
0.4992451
0.49924505
0.49924487
0.499245
0.4992451
0.4992448
0.499245
0.4992453
0.499245
0.4992451
0.49924392
0.49924475
0.49924523
0.4992453
0.49924546
0.499245
0.49924493
0.49924487
0.49924487
0.499245
0.49924535
0.49924523
0.4992451
0.499245
0.49924523
0.499245
0.49924535
0.49924523
0.49924475
0.49924523
0.4992451
0.499245
0.49924487
0.49924493
0.49924523
0.4992451
0.499245
0.49924487
0.499245
0.49924463
0.49924487
0.49924523
0.49924493
0.49924517
0.49924487
0.49924523
0.49924517
0.499245
0.49924517
0.4992451
0.49924523
0.499245
0.49924493
0.4992448
0.49924475
0.49924535
0.49924648
0.49924344
0.4992451
0.4992444
0.49924523
0.49924517
0.49924523
0.4992451
0.49924535
0.49924505
0.49924427
0.49924523
0.49924505
0.4992451
0.499245
0.4992451
0.499245
0.4992448
0.4992451
0.49924487
0.4992441
0.499245
0.499245
0.49924463
0.49924523
0.49924487
0.49924487
0.49924517
0.49924505
0.49924487
0.4992451
0.49924505
0.499245
0.499245
0.49924487
0.499245
0.49924403
0.4992451
0.4992451
0.4992451
0.49924523
0.499245
0.499245
0.49924517
0.49924523
0.49924457
0.49924558
0.4992451
0.49924475
0.49924487
0.4992451
0.499245
0.4992453
0.49924487
0.49924517
0.49924535
0.499245
0.49924505
0.49924275
0.499245
0.4992454
0.4992451
0.49924487
0.49924505
0.4992451
0.49924535
0.4992451
0.499245
0.49924487
0.4992451
0.49924546
0.49924487
0.499245
0.4992451
0.49924517
0.49924505
0.49924487
0.4992451
0.49924535
0.49924558
0.49924463
0.49924535
0.49924535
0.4992451
0.499245
0.4992451
0.499245
0.49924493
0.49924523
0.4992448
0.49924523
0.4992451
0.49924487
0.49924487
0.4992451
0.4992451
0.49924517
0.49924523
0.49924487
0.49924487
0.49924535
0.49924475
0.49924487
0.499245
0.4992448
0.499245
0.499245
0.49924505
0.49924523
0.49924546
0.49924487
0.49924487
0.4992448
0.4992451
0.49924523
0.49924535
0.49924493
0.49924475
0.49924487
0.49924916
0.49924535
0.49924558
0.49924535
0.499245
0.49924475
0.49924505
0.4992451
0.49924535
0.49924505
0.4992453
0.49924487
0.4992447
0.4992451
0.49924505
0.499245
0.49924505
0.49924535
0.49924517
0.49924654
0.49924523
0.4992451
0.49924487
0.4992451
0.49924487
0.49924475
0.4992451
0.4992448
0.499245
0.4992444
0.49924487
0.4992453
0.49924535
0.499245
0.49924487
0.49924493
0.49924487
0.49924523
0.4992451
0.4992451
0.49924535
0.4992432
0.49924517
0.49924463
0.4992451
0.49924505
0.49924535
0.4992451
0.49924505
0.4992451
0.4992453
0.49924487
0.49924523
0.49924487
0.499245
0.499245
0.49924493
0.49924427
0.49924517
0.499245
0.49924523
0.49924487
0.49924415
0.4992448
0.49924505
0.49924523
0.4992451
0.49924505
0.4992451
0.499245
0.49924487
0.49924487
0.4992451
0.4992448
0.4992451
0.49924493
0.499245
0.49924487
0.49924523
0.4992451
0.49924487
0.49924487
0.4992448
0.4992451
0.49924546
0.4992444
0.49924523
0.49924535
0.4992448
0.4992451
0.49924558
0.49924475
0.4992451
0.49924487
0.49924475
0.499245
0.4992453
0.499245
0.49924487
0.4992451
0.4992448
0.4992451
0.49924487
0.4992451
0.4992451
0.49924427
0.499245
0.49924558
0.4992451
0.499245
0.49924493
0.4992451
0.49924463
0.499245
0.49924487
0.49924445
0.49924487
0.49924475
0.49924493
0.49924487
0.49924493
0.49924517
0.49924552
0.49924463
0.4992451
0.49924487
0.499245
0.49924523
0.49924475
0.499245
0.499245
0.49924475
0.49924505
0.49924517
0.49924487
0.49924523
0.499245
0.499245
0.49924564
0.4992451
0.4992451
0.4992448
0.49924487
0.49924517
0.49924546
0.49924487
0.49924487
0.4992451
0.4992453
0.4992451
0.49924523
0.49924487
0.4992444
0.49924475
0.499245
0.49924487
0.4992448
0.499245
0.499245
0.49924517
0.4992451
0.499245
0.49924493
0.49924487
0.49924415
0.4992451
0.49924505
0.49924487
0.49924523
0.4992451
0.4992453
0.49924487
0.499245
0.499245
0.499245
0.49924475
0.49924487
0.49924493
0.49924535
0.4992454
0.4992448
0.49924517
0.4992457
0.49924487
0.4992451
0.4992451
0.49924517
0.49924487
0.4992448
0.499245
0.49924523
0.49924463
0.49924517
0.49924475
0.49924487
0.49924523
0.4992451
0.49924487
0.499245
0.4992451
0.49924505
0.49924403
0.4992451
0.49924487
0.4992451
0.49924493
0.4992451
0.49924517
0.499245
0.499245
0.49924487
0.4992447
0.49924475
0.4992451
0.4992448
0.4992451
0.4992448
0.49924475
0.49924505
0.49924487
0.49924523
0.49924546
0.49924535
0.499245
0.49924523
0.4992451
0.4992451
0.49924505
0.49924535
0.4992445
0.49924487
0.49924517
0.499245
0.49924493
0.4992451
0.499245
0.49924505
0.49924546
0.49924475
0.49924487
0.49924475
0.49924517
0.49924505
0.4992451
0.49924415
0.4992447
0.49924517
0.4992453
0.49924487
0.499245
0.4992448
0.499245
0.49924517
0.4992457
0.49924546
0.4992451
0.499245
0.499245
0.49924463
0.499245
0.49924523
0.49924457
0.4992453
0.49924517
0.4992451
0.499245
0.4992451
0.499245
0.49924487
0.49924493
0.49924487
0.4992444
0.49924475
0.4992435
0.49924523
0.4992445
0.499245
0.49924505
0.49924493
0.49924523
0.49924517
0.49924523
0.499245
0.49924505
0.49924475
0.49924517
0.49924475
0.4992451
0.49924523
0.49924475
0.4992454
0.4992444
0.499245
0.49924505
0.49924517
0.49924505
0.49924523
0.49924463
0.49924487
0.4992451
0.4992451
0.49924457
0.4992445
0.49924487
0.49924475
0.499245
0.49924463
0.49924523
0.49924505
0.499245
0.499245
0.49924487
0.49924505
0.49924523
0.49924332
0.49924523
0.49924523
0.4992451
0.49924487
0.49924517
0.4992451
0.49924487
0.49924487
0.4992451
0.49924463
0.4992451
0.49924475
0.4992448
0.4992451
0.499245
0.49924523
0.4992451
0.49924523
0.49924523
0.499245
0.4992453
0.499245
0.49924487
0.49924517
0.49924505
0.49924463
0.4992451
0.49924517
0.4992451
0.49924463
0.4992448
0.499245
0.49924475
0.49924535
0.49924535
0.4992451
0.49924487
0.49924493
0.49924552
0.49924535
0.49924505
0.49924475
0.49924487
0.49924523
0.49924487
0.49924475
0.49924493
0.49924523
0.49924487
0.4992445
0.49924433
0.49924523
0.4992447
0.499245
0.499245
0.49924263
0.49924517
0.49924546
0.4992451
0.49924487
0.4992454
0.4992451
0.499245
0.499245
0.499245
0.499245
0.49924523
0.499245
0.49924505
0.49924463
0.4992454
0.499245
0.49924487
0.49924517
0.49924523
0.499245
0.49924523
0.4992451
0.49924487
0.49924487
0.4992453
0.499245
0.4992448
0.4992453
0.49924517
0.49924523
0.49924487
0.49924535
0.49924517
0.4992451
0.4992451
0.499245
0.49924475
0.4992451
0.49924517
0.49924463
0.4992453
0.4992445
0.49924487
0.4992432
0.49924535
0.499245
0.499245
0.499245
0.49924487
0.49924487
0.499245
0.49924535
0.49924517
0.4992451
0.499245
0.4992451
0.49924523
0.4992451
0.4992451
0.4992451
0.499245
0.49924457
0.4992453
0.4992451
0.49924678
0.49924523
0.4992451
0.4992451
0.499245
0.499245
0.49924535
0.49924523
0.499245
0.499245
0.4992451
0.499245
0.49924487
0.499245
0.499245
0.49924475
0.49924463
0.4992451
0.499245
0.49924582
0.49924487
0.49924505
0.49924493
0.499245
0.4992451
0.4992451
0.49924523
0.49924475
0.499245
0.49924535
0.499245
0.49924558
0.49924523
0.49924487
0.49924487
0.49924523
0.49924487
0.4992451
0.49924475
0.4992448
0.4992448
0.4992451
0.499245
0.49924523
0.49924517
0.4992453
0.49924487
0.4992453
0.49924517
0.49924523
0.4992451
0.4992453
0.4992451
0.49924505
0.49924523
0.499245
0.49924475
0.49924445
0.4992451
0.4992451
0.499245
0.4992451
0.49924493
0.49924505
0.49924505
0.49924475
0.49924546
0.49924487
0.499245
0.49924487
0.4992451
0.499245
0.499245
0.499245
0.49924463
0.4992451
0.4992469
0.4992454
0.49924487
0.49924487
0.4992448
0.49924487
0.4992445
0.49924535
0.49924487
0.49924493
0.4992445
0.49924523
0.49924535
0.49924344
0.499245
0.49924487
0.499245
0.499245
0.49924445
0.49924523
0.49924535
0.49924546
0.49924493
0.4992451
0.49924493
0.4992448
0.499245
0.4992448
0.4992451
0.49924523
0.4992451
0.4992448
0.49924523
0.4992451
0.49924487
0.49924487
0.4992448
0.4992451
0.49924493
0.49924475
0.499245
0.4992448
0.49924505
0.499245
0.49924535
0.49924535
0.49924672
0.49924493
0.49924487
0.499245
0.499245
0.49924523
0.49924475
0.49924487
0.49924523
0.49924535
0.49924487
0.49924505
0.49924445
0.49924493
0.49924493
0.4992451
0.4992451
0.4992454
0.49924487
0.499245
0.4992453
0.499245
0.49924487
0.4992451
0.49924517
0.49924517
0.4992451
0.49924517
0.4992451
0.49924475
0.49924588
0.49924487
0.49924523
0.499245
0.49924463
0.49924475
0.49924523
0.49924523
0.49924523
0.4992447
0.49924505
0.4992451
0.4992451
0.4992445
0.49924475
0.499245
0.49924523
0.4992451
0.4992451
0.49924463
0.499245
0.4992451
0.499245
0.49924475
0.49924535
0.49924523
0.49924523
0.4992451
0.49924523
0.49924523
0.49924487
0.49924523
0.49924523
0.499245
0.4992451
0.499245
0.4992451
0.49924517
0.49924487
0.4992453
0.49924523
0.4992454
0.4992448
0.4992453
0.49924552
0.4992457
0.49924475
0.49924493
0.4992448
0.49924487
0.49924535
0.49924487
0.499245
0.499245
0.49924523
0.49924517
0.499245
0.49924493
0.49924475
0.4992432
0.49924523
0.49924487
0.4992451
0.499245
0.49924535
0.49924493
0.4992451
0.4992451
0.49924487
0.49924487
0.49924487
0.49924517
0.4992457
0.49924517
0.499245
0.49924517
0.499245
0.499245
0.49924487
0.49924523
0.499245
0.4992451
0.499245
0.49924487
0.49924493
0.49924535
0.49924523
0.499245
0.49924487
0.49924493
0.499245
0.49924475
0.49924475
0.4992448
0.4992448
0.49924546
0.49924487
0.49924523
0.49924517
0.49924523
0.49924517
0.49924517
0.4992451
0.49924475
0.499245
0.49924475
0.49924517
0.49924487
0.49924415
0.49924457
0.49924523
0.49924505
0.4992445
0.499245
0.49924475
0.4992451
0.49924546
0.49924523
0.4992451
0.49924475
0.49924517
0.4992451
0.49924505
0.499245
0.49924487
0.49924535
0.49924487
0.4992451
0.49924517
0.49924523
0.49924523
0.49924523
0.49924487
0.49924475
0.49924517
0.49924487
0.49924487
0.49924517
0.49924505
0.499245
0.49924487
0.49924523
0.49924457
0.49924493
0.4992451
0.4992453
0.49924535
0.49924523
0.49924487
0.49924475
0.49924415
0.49924475
0.49924535
0.49924493
0.49924475
0.49924523
0.49924535
0.49924558
0.49924487
0.4992448
0.49924487
0.4992453
0.4992445
0.49924523
0.4992451
0.49924463
0.49924505
0.49924517
0.499245
0.4992451
0.4992448
0.49924535
0.49924535
0.4992451
0.49924546
0.49924505
0.4992445
0.4992451
0.49924576
0.49924517
0.4992445
0.49924523
0.4992445
0.49924487
0.4992451
0.49924475
0.4992451
0.49924487
0.49924493
0.49924487
0.49924517
0.49924463
0.49924523
0.49924517
0.49924463
0.4992454
0.49924487
0.4992448
0.499245
0.4992451
0.4992451
0.49924487
0.4992453
0.49924546
0.49924463
0.49924493
0.4992451
0.4992451
0.49924487
0.49924475
0.4992451
0.49924546
0.49924517
0.49924487
0.4992451
0.49924505
0.49924475
0.49924523
0.4992451
0.4992447
0.499245
0.49924487
0.49924505
0.49924487
0.499245
0.499245
0.4992448
0.49924392
0.49924475
0.4992448
0.49924546
0.4992451
0.499245
0.499245
0.49924457
0.4992448
0.49924505
0.499245
0.49924523
0.49924546
0.49924546
0.49924523
0.49924505
0.49924535
0.4992457
0.4992451
0.4992451
0.49924505
0.49924523
0.49924523
0.499245
0.499245
0.4992448
0.4992453
0.49924546
0.4992445
0.49924493
0.49924487
0.49924505
0.49924517
0.4992453
0.49924535
0.49924487
0.49924535
0.49924576
0.49924552
0.49924487
0.499245
0.49924523
0.49924487
0.49924523
0.499245
0.4992447
0.499245
0.49924523
0.49924487
0.4992451
0.4992453
0.49924487
0.49924505
0.49924487
0.49924523
0.49924475
0.49924535
0.49924487
0.4992453
0.49924487
0.49924517
0.4992451
0.4992451
0.4992453
0.4992454
0.49924475
0.49924475
0.49924505
0.4992451
0.49924558
0.4992451
0.49924475
0.49924517
0.4992451
0.49924523
0.49924535
0.4992457
0.49924487
0.499245
0.4992463
0.49924475
0.49924493
0.49924463
0.49924487
0.49924493
0.49924487
0.49924517
0.4992451
0.49924487
0.4992451
0.49924523
0.49924517
0.49924535
0.499245
0.49924535
0.49924505
0.4992451
0.499245
0.4992451
0.49924517
0.49924546
0.49924475
0.49924457
0.4992451
0.49924487
0.49924523
0.4992451
0.4992447
0.49924517
0.49924523
0.4992448
0.499245
0.49924535
0.49924487
0.49924505
0.4992451
0.49924487
0.49924475
0.49924475
0.49924523
0.499245
0.4992453
0.49924475
0.499245
0.4992444
0.49924505
0.499245
0.4992451
0.4992451
0.49924505
0.4992451
0.49924523
0.4992451
0.4992451
0.49924523
0.4992453
0.49924487
0.49924493
0.49924493
0.4992451
0.49924517
0.4992445
0.4992451
0.49924517
0.499245
0.49924523
0.499245
0.49924493
0.49924487
0.49924535
0.4992451
0.49924475
0.4992453
0.49924523
0.4992451
0.49924487
0.49924475
0.49924475
0.499245
0.4992451
0.499245
0.4992451
0.49924487
0.499245
0.4992451
0.49924505
0.49924475
0.499245
0.4992451
0.4992451
0.4992451
0.49924505
0.49924475
0.4992451
0.49924493
0.49924487
0.49924523
0.49924552
0.4992453
0.49924523
0.4992451
0.49924535
0.4992448
0.4992451
0.49924564
0.49924493
0.49924535
0.49924517
0.49924523
0.4992445
0.49924487
0.499245
0.49924517
0.4992448
0.49924523
0.49924487
0.49924487
0.4992451
0.4992448
0.49924517
0.49924523
0.49924606
0.499245
0.49924487
0.49924487
0.49924523
0.49924523
0.49924523
0.4992451
0.4992451
0.49924523
0.4992451
0.49924475
0.49924457
0.49924523
0.49924493
0.4992454
0.49924517
0.49924523
0.4992451
0.49924445
0.49924487
0.49924535
0.49924535
0.49924523
0.49924523
0.4992451
0.49924475
0.4992451
0.49924505
0.49924523
0.49924517
0.4992451
0.499245
0.499245
0.499245
0.499245
0.49924535
0.49924517
0.499245
0.499245
0.49924523
0.49924523
0.4992451
0.4992451
0.49924463
0.49924576
0.4992451
0.49924487
0.49924475
0.49924487
0.4992453
0.4992451
0.49924487
0.4992451
0.4992454
0.49924475
0.4992451
0.49924523
0.49924523
0.49924493
0.49924517
0.49924505
0.4992451
0.4992453
0.49924487
0.499245
0.499245
0.499245
0.49924487
0.49924487
0.49924523
0.49924475
0.499245
0.499245
0.49924535
0.49924523
0.4992451
0.49924517
0.49924523
0.4992451
0.499245
0.49924535
0.49924558
0.499245
0.4992451
0.49924517
0.49924517
0.49924475
0.49924564
0.499245
0.49924517
0.49924487
0.49924535
0.49924475
0.4992451
0.499245
0.4992451
0.49924463
0.49924517
0.4992451
0.49924463
0.499245
0.499245
0.49924433
0.49924582
0.49924523
0.4992451
0.49924493
0.49924517
0.49924517
0.4992451
0.49924487
0.49924487
0.49924588
0.49924535
0.49924475
0.49924523
0.49924487
0.49924523
0.4992451
0.49924535
0.499245
0.49924487
0.49924517
0.499245
0.49924517
0.49924535
0.499245
0.499245
0.49924463
0.49924487
0.49924546
0.499245
0.49924475
0.49924433
0.4992451
0.49924463
0.49924505
0.49924487
0.49924505
0.499245
0.4992451
0.49924517
0.4992451
0.49924535
0.49924487
0.499245
0.4992454
0.49924523
0.49924523
0.49924493
0.49924493
0.499245
0.4992453
0.4992451
0.49924463
0.49924493
0.49924523
0.4992451
0.49924487
0.499245
0.49924487
0.4992445
0.49924523
0.4992445
0.4992451
0.49924493
0.49924505
0.49924493
0.499245
0.49924523
0.499245
0.499245
0.49924487
0.49924487
0.49924487
0.49924475
0.49924445
0.49924523
0.4992453
0.4992445
0.49924487
0.49924523
0.49924523
0.49924275
0.4992451
0.4992451
0.49924505
0.49924546
0.49924517
0.49924523
0.4992451
0.49924487
0.49924475
0.499245
0.4992451
0.49924493
0.499245
0.49924517
0.49924546
0.4992451
0.49924523
0.4992445
0.49924493
0.49924487
0.49924457
0.4992448
0.49924505
0.49924386
0.49924523
0.4992448
0.49924523
0.49924523
0.49924463
0.49924535
0.49924463
0.499245
0.499245
0.49924523
0.49924523
0.49924493
0.49924505
0.499245
0.49924523
0.49924523
0.49924457
0.49924463
0.49924475
0.499245
0.49924558
0.49924487
0.49924523
0.49924523
0.4992451
0.499245
0.49924487
0.499245
0.49924487
0.49924505
0.4992444
0.4992451
0.499245
0.49924493
0.4992445
0.49924475
0.4992454
0.4992451
0.49924475
0.49924535
0.49924475
0.4992448
0.49924475
0.4992451
0.49924487
0.4992451
0.49924487
0.49924523
0.4992451
0.49924517
0.499245
0.49924535
0.49924523
0.49924535
0.49924523
0.49924493
0.499245
0.4992451
0.49924535
0.49924523
0.4992451
0.49924475
0.4992444
0.499245
0.49924493
0.499245
0.4992454
0.49924487
0.49924523
0.4992451
0.49924523
0.49924535
0.499245
0.4992448
0.49924517
0.49924523
0.49924523
0.4992451
0.4992451
0.499245
0.499245
0.4992451
0.49924427
0.49924523
0.49924523
0.49924517
0.49924475
0.49924517
0.49924535
0.49924535
0.49924493
0.49924493
0.49924487
0.49924493
0.49924523
0.49924523
0.49924523
0.4992432
0.499245
0.4992453
0.4992451
0.49924445
0.499245
0.4992445
0.4992448
0.49924493
0.49924535
0.499245
0.4992451
0.4992447
0.4992451
0.49924463
0.49924487
0.4992451
0.49924523
0.49924505
0.49924523
0.49924523
0.49924463
0.49924517
0.49924463
0.49924475
0.499245
0.4992451
0.4992451
0.499245
0.4992451
0.49924505
0.49924523
0.4992451
0.49924523
0.49924475
0.499245
0.49924517
0.49924523
0.4992445
0.49924487
0.49924523
0.4992451
0.4992451
0.49924523
0.49924475
0.4992451
0.49924463
0.49924487
0.49924487
0.49924517
0.4992451
0.4992448
0.4992451
0.499245
0.4992453
0.49924505
0.49924487
0.499245
0.49924523
0.4992451
0.49924523
0.4992451
0.49924505
0.499245
0.4992451
0.49924523
0.4992451
0.49924523
0.49924546
0.49924475
0.49924517
0.49924517
0.499245
0.499245
0.49924487
0.49924487
0.499245
0.49924463
0.49924517
0.49924505
0.49924523
0.49924517
0.499245
0.49924523
0.49924535
0.499245
0.49924493
0.49924487
0.49924487
0.49924487
0.49924493
0.49924487
0.499245
0.4992447
0.4992448
0.49924487
0.49924475
0.49924487
0.499245
0.49924475
0.4992444
0.4992451
0.49924505
0.49924463
0.4992451
0.4992448
0.499245
0.499245
0.4992445
0.499245
0.49924523
0.499245
0.4992451
0.49924493
0.49924463
0.4992453
0.49924606
0.4992451
0.4992451
0.49924487
0.499245
0.49924517
0.49924517
0.49924505
0.49924344
0.49924487
0.499245
0.49924505
0.4992451
0.49924552
0.49924487
0.4992447
0.49924535
0.49924523
0.4992451
0.49924487
0.49924517
0.49924475
0.49924445
0.49924517
0.49924535
0.49924403
0.4992451
0.49924523
0.4992444
0.49924523
0.49924535
0.4992451
0.49924517
0.4992451
0.4992445
0.4992453
0.49924523
0.49924487
0.4992453
0.49924517
0.49924493
0.49924457
0.4992448
0.499245
0.4992451
0.4992451
0.49924487
0.49924487
0.49924493
0.4992451
0.49924535
0.49924475
0.499245
0.4992447
0.49924487
0.499245
0.4992453
0.49924523
0.49924487
0.49924475
0.49924523
0.49924523
0.49924487
0.49924523
0.49924475
0.4992451
0.4992445
0.49924493
0.49924305
0.49924487
0.49924493
0.49924493
0.49924487
0.4992451
0.499245
0.49924493
0.4992448
0.49924487
0.49924487
0.4992431
0.49924403
0.49924505
0.49924505
0.49924535
0.49924523
0.4992451
0.4992451
0.49924535
0.49924523
0.49924523
0.49924475
0.4992451
0.4992451
0.49924546
0.49924475
0.49924523
0.4992445
0.4992451
0.4992453
0.49924386
0.49924415
0.499245
0.49924523
0.49924523
0.49924523
0.4992451
0.49924535
0.49924493
0.49924463
0.499245
0.49924463
0.49924523
0.49924517
0.4992447
0.4992451
0.49924505
0.4992466
0.49924487
0.4992451
0.49924523
0.4992451
0.49924517
0.49924487
0.49924487
0.49924505
0.499245
0.49924463
0.49924517
0.49924487
0.49924475
0.49924523
0.4992453
0.49924523
0.49924475
0.4992451
0.49924523
0.4992451
0.49924624
0.49924475
0.4992451
0.4992445
0.49924523
0.49924535
0.49924535
0.499245
0.4992444
0.4992448
0.4992448
0.49924326
0.4992451
0.49924523
0.499245
0.49924487
0.4992451
0.49924517
0.49924523
0.49924523
0.49924487
0.4992453
0.499245
0.49924523
0.49924517
0.49924505
0.499245
0.49924576
0.49924535
0.4992451
0.4992451
0.49924505
0.49924523
0.49924523
0.49924546
0.49924487
0.49924487
0.49924505
0.49924517
0.49924487
0.49924505
0.499245
0.49924493
0.49924487
0.4992451
0.4992451
0.49924523
0.4992457
0.49924523
0.49924487
0.49924487
0.4992451
0.4992451
0.4992451
0.49924552
0.49924505
0.499245
0.49924523
0.49924463
0.49924546
0.49924457
0.49924523
0.499245
0.4992454
0.4992454
0.49924517
0.49924487
0.49924463
0.499245
0.49924523
0.49924475
0.4992448
0.49924487
0.4992444
0.49924475
0.4992451
0.4992448
0.499245
0.49924535
0.49924493
0.499245
0.49924505
0.49924523
0.4992448
0.49924535
0.4992448
0.49924445
0.49924475
0.49924505
0.4992453
0.4992451
0.49924475
0.49924535
0.4992451
0.4992451
0.4992453
0.49924505
0.49924523
0.4992453
0.49924487
0.49924493
0.49924493
0.49924558
0.49924517
0.49924505
0.4992451
0.49924463
0.49924493
0.4992451
0.49924487
0.49924517
0.49924463
0.49924505
0.49924546
0.49924517
0.49924493
0.49924487
0.49924493
0.49924475
0.49924558
0.499245
0.49924523
0.49924523
0.49924505
0.49924517
0.49924487
0.4992451
0.499245
0.4992451
0.4992448
0.499245
0.4992451
0.49924344
0.49924523
0.499245
0.49924535
0.49924523
0.499245
0.4992451
0.49924523
0.4992448
0.49924523
0.49924487
0.49924517
0.49924487
0.49924487
0.49924505
0.49924487
0.49924463
0.49924457
0.49924463
0.49924558
0.49924546
0.49924475
0.49924523
0.49924487
0.499245
0.499245
0.49924475
0.49924517
0.499245
0.49924487
0.49924487
0.49924523
0.49924523
0.49924487
0.49924505
0.49924487
0.49924475
0.49924523
0.49924475
0.499245
0.49924535
0.49924463
0.4992453
0.4992448
0.4992454
0.499245
0.499245
0.49924415
0.49924535
0.49924517
0.4992445
0.4992451
0.49924487
0.499245
0.49924475
0.4992453
0.4992451
0.4992453
0.499245
0.49924582
0.49924523
0.49924523
0.49924523
0.49924427
0.49924493
0.49924493
0.49924535
0.4992451
0.49924517
0.49924475
0.49924523
0.4992453
0.4992451
0.49924457
0.4992451
0.49924487
0.4992451
0.4992451
0.49924523
0.4992445
0.49924517
0.499245
0.49924517
0.49924517
0.4992454
0.4992451
0.4992451
0.49924505
0.4992451
0.49924558
0.49924523
0.4992451
0.4992451
0.499245
0.49924463
0.4992451
0.49924546
0.49924523
0.49924487
0.4992453
0.49924523
0.49924487
0.49924505
0.49924487
0.49924523
0.49924487
0.499245
0.49924505
0.49924427
0.49924505
0.499245
0.49924463
0.49924523
0.4992451
0.4992445
0.49924487
0.499245
0.4992447
0.49924517
0.4992451
0.49924487
0.49924535
0.4992451
0.49924558
0.49924546
0.49924487
0.49924505
0.49924493
0.49924535
0.49924523
0.4992457
0.49924535
0.499245
0.4992451
0.49924457
0.4992451
0.4992453
0.499245
0.499245
0.49924487
0.49924457
0.49924487
0.49924475
0.49924505
0.4992448
0.49924523
0.49924463
0.49924374
0.4992451
0.49924535
0.49924546
0.499245
0.49924475
0.49924475
0.4992451
0.499245
0.49924493
0.49924475
0.4992444
0.49924523
0.49924535
0.49924487
0.499245
0.499245
0.4992453
0.4992445
0.499245
0.4992451
0.49924523
0.49924523
0.49924487
0.49924517
0.49924463
0.499245
0.49924523
0.49924487
0.49924523
0.4992451
0.499245
0.4992451
0.499245
0.49924487
0.49924517
0.4992454
0.49924546
0.49924523
0.49924523
0.49924493
0.49924487
0.49924475
0.49924523
0.4992453
0.499245
0.49924487
0.49924368
0.499245
0.49924487
0.49924493
0.4992451
0.49924535
0.4992451
0.49924535
0.499245
0.49924523
0.499245
0.49924487
0.4992448
0.49924523
0.499245
0.49924523
0.49924487
0.49924535
0.49924487
0.4992447
0.4992451
0.4992451
0.49924487
0.499245
0.49924517
0.49924493
0.49924487
0.499243
0.49924487
0.4992451
0.4992451
0.4992451
0.499245
0.4992453
0.49924475
0.49924493
0.499245
0.4992451
0.49924487
0.49924517
0.49924493
0.4992444
0.4992444
0.499245
0.49924487
0.4992451
0.49924546
0.499245
0.4992457
0.4992454
0.4992451
0.49924487
0.49924505
0.49924487
0.4992451
0.49924535
0.499245
0.49924463
0.4992451
0.499245
0.49924523
0.4992448
0.4992445
0.49924535
0.4992451
0.49924487
0.4992451
0.49924523
0.4992448
0.4992451
0.49924505
0.49924523
0.49924546
0.49924493
0.499245
0.49924475
0.499245
0.49924487
0.4992451
0.49924517
0.499245
0.4992451
0.49924523
0.49924517
0.49924523
0.499245
0.4992454
0.4992451
0.49924493
0.49924505
0.4992457
0.49924487
0.4992454
0.49924475
0.49924475
0.49924475
0.4992453
0.4992453
0.49924487
0.4992451
0.4992451
0.499245
0.4992448
0.49924505
0.4992451
0.499245
0.49924523
0.49924546
0.49924517
0.49924523
0.4992451
0.499245
0.49924517
0.499245
0.4992448
0.4992451
0.49924463
0.4992451
0.4992451
0.49924523
0.499245
0.4992451
0.4992445
0.49924487
0.49924535
0.499245
0.49924523
0.49924475
0.49924546
0.49924535
0.4992451
0.4992448
0.499245
0.49924493
0.49924523
0.49924558
0.4992451
0.49924403
0.49924588
0.49924487
0.49924517
0.4992451
0.49924487
0.49924493
0.49924493
0.49924463
0.49924487
0.49924523
0.4992451
0.4992451
0.49924487
0.49924523
0.49924487
0.49924463
0.49924487
0.499245
0.49924558
0.49924505
0.4992451
0.49924523
0.49924523
0.4992451
0.4992453
0.499245
0.4992453
0.49924517
0.49924505
0.49924523
0.49924487
0.4992451
0.499245
0.49924463
0.49924463
0.49924535
0.49924535
0.49924523
0.49924523
0.4992451
0.49924517
0.49924487
0.49924427
0.49924535
0.49924535
0.49924475
0.49924403
0.49924505
0.49924523
0.4992445
0.49924475
0.499245
0.49924523
0.49924535
0.49924487
0.49924427
0.4992448
0.49924523
0.49924523
0.49924535
0.49924487
0.49924493
0.499245
0.4992451
0.4992451
0.49924558
0.499245
0.49924535
0.499245
0.49924523
0.4992447
0.49924475
0.49924523
0.4992451
0.49924475
0.49924517
0.49924487
0.49924493
0.499245
0.49924558
0.49924558
0.49924517
0.49924517
0.4992451
0.49924535
0.49924487
0.49924487
0.49924618
0.49924493
0.49924546
0.4992451
0.49924493
0.49924505
0.49924558
0.49924475
0.49924523
0.4992451
0.49924523
0.499245
0.49924523
0.499245
0.49924487
0.49924445
0.49924487
0.49924535
0.49924475
0.49924275
0.49924487
0.4992451
0.499245
0.4992451
0.49924535
0.49924523
0.49924487
0.49924523
0.49924523
0.49924523
0.49924523
0.4992451
0.4992448
0.4992448
0.499245
0.49924487
0.49924523
0.49924523
0.49924505
0.4992451
0.49924457
0.4992451
0.49924535
0.4992453
0.49924463
0.49924517
0.4992451
0.49924475
0.49924433
0.4992453
0.4992457
0.49924523
0.49924487
0.499245
0.49924505
0.4992448
0.49924523
0.4992451
0.4992444
0.49924487
0.49924505
0.49924505
0.499245
0.4992453
0.49924463
0.49924475
0.4992445
0.4992445
0.499245
0.49924505
0.499245
0.499245
0.49924487
0.49924523
0.49924445
0.49924523
0.49924517
0.49924505
0.499245
0.4992451
0.49924427
0.4992451
0.499245
0.49924493
0.49924535
0.49924487
0.49924594
0.4992451
0.499245
0.49924576
0.4992451
0.49924517
0.4992451
0.49924493
0.49924493
0.4992448
0.49924535
0.49924523
0.4992451
0.49924487
0.49924505
0.49924487
0.49924523
0.4992451
0.4992451
0.499245
0.49924558
0.49924523
0.49924523
0.49924505
0.4992451
0.4992451
0.4992451
0.49924517
0.49924487
0.49924475
0.4992451
0.4992451
0.49924493
0.4992445
0.49924546
0.49924517
0.499245
0.499245
0.49924487
0.499245
0.49924523
0.49924487
0.4992451
0.499245
0.49924535
0.49924523
0.49924475
0.49924523
0.4992451
0.499245
0.4992451
0.49924487
0.49924523
0.49924493
0.49924523
0.4992453
0.499245
0.49924487
0.49924475
0.499245
0.499245
0.49924517
0.4992448
0.4992448
0.49924487
0.49924463
0.49924487
0.49924487
0.49924523
0.499245
0.499245
0.49924487
0.49924493
0.49924523
0.4992451
0.49924523
0.4992447
0.499245
0.499245
0.49924523
0.49924517
0.49924523
0.4992451
0.499245
0.49924487
0.4992453
0.4992451
0.49924517
0.49924523
0.4992451
0.49924523
0.4992438
0.49924546
0.49924523
0.49924463
0.49924487
0.49924517
0.4992451
0.49924582
0.49924517
0.49924505
0.49924517
0.4992451
0.49924487
0.49924487
0.499245
0.49924493
0.4992451
0.499245
0.49924487
0.49924523
0.49924463
0.499245
0.49924517
0.4992451
0.49924463
0.499245
0.49924523
0.4992451
0.49924493
0.4992451
0.49924523
0.499245
0.4992451
0.49924523
0.4992451
0.4992442
0.49924493
0.49924505
0.49924493
0.499245
0.49924523
0.49924463
0.49924535
0.499245
0.49924517
0.4992451
0.49924487
0.499245
0.4992445
0.4992453
0.4992451
0.4992463
0.49924535
0.4992451
0.49924505
0.49924517
0.49924475
0.4992451
0.49924523
0.4992448
0.49924487
0.49924505
0.49924523
0.49924475
0.49924517
0.49924475
0.4992451
0.49924487
0.4992448
0.4992451
0.4992451
0.49924487
0.49924535
0.49924523
0.49924517
0.49924523
0.49924475
0.4992453
0.49924487
0.49924493
0.4992451
0.49924493
0.4992457
0.49924487
0.4992451
0.4992451
0.49924493
0.49924535
0.4992454
0.49924523
0.49924475
0.49924523
0.49924523
0.49924552
0.4992454
0.49924523
0.499245
0.49924517
0.4992442
0.499245
0.49924523
0.4992451
0.49924523
0.4992451
0.49924523
0.49924493
0.499245
0.49924517
0.49924523
0.499245
0.49924523
0.49924523
0.49924523
0.49924463
0.499245
0.49924523
0.499245
0.4992448
0.49924517
0.4992451
0.49924546
0.49924523
0.49924487
0.49924493
0.499245
0.49924535
0.49924535
0.49924463
0.49924517
0.49924523
0.49924475
0.49924523
0.49924517
0.49924523
0.4992451
0.4992453
0.4992451
0.49924523
0.4992448
0.49924517
0.49924523
0.49924535
0.49924487
0.499245
0.49924392
0.49924535
0.49924523
0.49924517
0.49924517
0.499245
0.49924487
0.49924523
0.4992451
0.49924487
0.49924475
0.49924493
0.4992451
0.49924523
0.49924397
0.49924487
0.499245
0.49924517
0.49924552
0.4992451
0.499245
0.49924487
0.49924523
0.49924475
0.49924457
0.49924552
0.49924475
0.49924517
0.4992448
0.49924475
0.49924463
0.4992451
0.4992444
0.4992454
0.4992451
0.49924546
0.49924487
0.49924535
0.4992451
0.499245
0.4992453
0.499245
0.49924523
0.49924535
0.4992451
0.49924505
0.49924505
0.49924493
0.4992451
0.4992451
0.49924487
0.4992451
0.49924523
0.49924475
0.499245
0.49924535
0.49924487
0.4992448
0.4992447
0.499245
0.4992451
0.49924487
0.49924535
0.49924487
0.49924523
0.49924487
0.49924517
0.49924523
0.4992451
0.49924505
0.49924535
0.49924505
0.4992451
0.4992445
0.499245
0.49924457
0.4992451
0.4992451
0.49924493
0.49924552
0.4992451
0.49924475
0.49924487
0.49924546
0.49924487
0.49924475
0.49924493
0.49924523
0.49924523
0.499245
0.4992451
0.4992454
0.499245
0.4992448
0.49924546
0.49924475
0.499245
0.49924505
0.49924493
0.4992453
0.49924475
0.4992451
0.49924475
0.4992451
0.49924457
0.49924487
0.49924552
0.4992447
0.499245
0.499245
0.499245
0.4992451
0.49924487
0.49924493
0.49924523
0.499245
0.49924523
0.499245
0.4992453
0.49924493
0.49924505
0.49924427
0.49924523
0.4992448
0.49924576
0.4992451
0.49924493
0.49924535
0.4992448
0.4992447
0.4992451
0.49924487
0.49924475
0.499245
0.49924493
0.49924487
0.49924487
0.49924535
0.4992453
0.49924475
0.49924505
0.499245
0.49924487
0.49924493
0.4992451
0.4992445
0.499245
0.499245
0.49924493
0.499245
0.4992444
0.49924588
0.4992451
0.4992448
0.49924517
0.49924475
0.49924487
0.49924487
0.4992448
0.4992451
0.4992454
0.49924475
0.49924487
0.49924517
0.4992453
0.4992451
0.499245
0.4992451
0.499245
0.49924487
0.4992451
0.49924523
0.49924535
0.4992447
0.49924487
0.49924475
0.49924535
0.49924517
0.49924523
0.49924523
0.49924523
0.49924463
0.49924523
0.49924475
0.49924403
0.49924517
0.49924523
0.499245
0.4992451
0.49924457
0.49924523
0.49924552
0.49924535
0.49924517
0.499245
0.49924487
0.499245
0.4992448
0.49924523
0.49924523
0.49924487
0.499245
0.4992447
0.49924463
0.49924523
0.4992451
0.49924487
0.499245
0.49924505
0.49924523
0.499245
0.49924517
0.4992445
0.49924505
0.49924523
0.4992447
0.4992451
0.4992451
0.499245
0.49924487
0.49924475
0.49924523
0.4992448
0.49924517
0.4992445
0.49924487
0.49924475
0.4992453
0.49924493
0.49924558
0.4992445
0.4992451
0.49924487
0.49924475
0.49924475
0.499245
0.499245
0.49924493
0.4992451
0.4992451
0.49924517
0.49924505
0.499245
0.49924463
0.49924517
0.49924487
0.4992451
0.49924475
0.4992447
0.49924487
0.499245
0.49924487
0.49924493
0.499245
0.49924535
0.49924487
0.499245
0.49924475
0.4992444
0.49924523
0.49924535
0.49924505
0.499245
0.4992445
0.49924523
0.49924487
0.49924517
0.49924505
0.499245
0.49924487
0.49924523
0.4992454
0.49924523
0.4992453
0.49924493
0.4992447
0.4992451
0.499245
0.49924535
0.499245
0.49924368
0.499245
0.49924523
0.49924475
0.49924535
0.499245
0.49924493
0.49924487
0.49924493
0.49924523
0.4992451
0.4992451
0.49924535
0.49924552
0.49924523
0.4992451
0.4992451
0.4992454
0.49924505
0.49924487
0.49924487
0.49924475
0.4992451
0.49924523
0.499245
0.4992448
0.49924523
0.49924463
0.49924487
0.4992451
0.49924475
0.49924493
0.4992451
0.4992454
0.49924523
0.49924523
0.49924517
0.4992451
0.49924487
0.49924546
0.4992454
0.49924523
0.49924487
0.49924487
0.49924493
0.499245
0.4992451
0.4992451
0.49924457
0.4992448
0.499245
0.49924582
0.4992454
0.49924493
0.499245
0.499245
0.4992451
0.49924475
0.49924535
0.4992448
0.4992451
0.49924535
0.49924523
0.49924523
0.4992451
0.49924558
0.49924487
0.4992451
0.4992451
0.4992451
0.499245
0.49924517
0.49924487
0.49924368
0.4992447
0.49924487
0.49924487
0.499245
0.499245
0.49924487
0.4992454
0.49924546
0.4992451
0.49924505
0.49924517
0.49924493
0.4992445
0.4992451
0.4992432
0.49924487
0.4992447
0.49924463
0.49924487
0.49924493
0.49924487
0.49924523
0.49924463
0.499245
0.499245
0.49924493
0.49924505
0.4992451
0.4992451
0.4992424
0.4992451
0.4992444
0.49924487
0.49924517
0.49924475
0.499245
0.4992451
0.49924505
0.4992451
0.49924517
0.49924487
0.49924517
0.4992451
0.499245
0.49924535
0.49924487
0.4992451
0.4992453
0.4992453
0.4992445
0.4992445
0.49924505
0.49924535
0.49924535
0.4992451
0.49924475
0.4992451
0.4992451
0.4992454
0.4992451
0.49924505
0.499245
0.4992448
0.4992451
0.49924487
0.4992453
0.49924517
0.4992451
0.49924517
0.4992451
0.49924523
0.49924517
0.4992451
0.4992451
0.49924463
0.49924523
0.4992451
0.4992451
0.49924493
0.49924552
0.49924487
0.49924535
0.4992451
0.49924558
0.49924523
0.49924523
0.499245
0.49924523
0.499245
0.4992451
0.49924487
0.4992451
0.4992451
0.49924487
0.499245
0.4992451
0.4992444
0.4992451
0.49924487
0.499245
0.4992451
0.4992451
0.4992451
0.49924493
0.49924546
0.49924523
0.499245
0.49924517
0.49924487
0.499245
0.49924463
0.4992451
0.4992451
0.49924487
0.49924517
0.4992453
0.49924445
0.499245
0.49924505
0.4992448
0.4992451
0.4992453
0.499245
0.4992453
0.49924505
0.49924493
0.49924523
0.499245
0.49924493
0.49924535
0.49924523
0.49924517
0.49924505
0.49924523
0.49924505
0.49924487
0.49924535
0.499245
0.499245
0.49924463
0.49924487
0.49924535
0.49924523
0.4992451
0.49924505
0.499245
0.4992451
0.49924475
0.49924487
0.49924517
0.499245
0.499245
0.4992451
0.49924582
0.49924487
0.49924475
0.4992448
0.4992451
0.49924505
0.4992453
0.49924487
0.49924523
0.49924523
0.49924517
0.4992451
0.49924487
0.49924535
0.49924487
0.49924487
0.49924523
0.49924475
0.4992451
0.49924505
0.49924505
0.49924487
0.4992451
0.4992451
0.4992451
0.499245
0.49924523
0.49924523
0.49924523
0.49924493
0.49924546
0.49924535
0.4992451
0.499245
0.49924487
0.49924487
0.49924523
0.499245
0.49924523
0.49924666
0.49924523
0.4992451
0.4992451
0.49924487
0.4992441
0.499245
0.4992448
0.499245
0.49924523
0.499245
0.4992447
0.49924487
0.499245
0.49924493
0.49924493
0.499245
0.49924523
0.499245
0.49924535
0.4992453
0.49924517
0.49924576
0.49924487
0.49924505
0.499245
0.49924558
0.49924535
0.49924475
0.499245
0.49924415
0.4992445
0.4992451
0.49924505
0.4992451
0.49924523
0.49924505
0.49924487
0.49924475
0.4992451
0.49924487
0.4992447
0.499245
0.4992451
0.499245
0.4992451
0.49924493
0.4992451
0.49924475
0.4992453
0.49924487
0.499245
0.49924475
0.4992448
0.4992444
0.49924505
0.4992448
0.49924523
0.49924463
0.49924475
0.49924535
0.49924487
0.4992451
0.49924523
0.4992451
0.49924493
0.4992448
0.4992457
0.49924517
0.4992451
0.49924487
0.499245
0.499245
0.49924517
0.4992451
0.499245
0.499245
0.49924535
0.49924523
0.49924445
0.4992451
0.499245
0.499245
0.499245
0.49924523
0.499245
0.49924517
0.4992451
0.499245
0.49924535
0.49924517
0.4992447
0.49924487
0.4992451
0.49924475
0.49924463
0.49924535
0.49924594
0.49924475
0.4992445
0.499245
0.4992453
0.4992451
0.4992453
0.49924493
0.49924523
0.49924552
0.49924487
0.49924463
0.4992451
0.4992451
0.49924523
0.4992451
0.49924463
0.49924523
0.4992451
0.49924463
0.49924523
0.49924517
0.4992447
0.4992451
0.49924523
0.49924475
0.4992453
0.4992451
0.49924523
0.499245
0.4992451
0.49924487
0.499245
0.49924523
0.49924356
0.499245
0.499245
0.499245
0.49924517
0.4992445
0.49924523
0.49924487
0.49924523
0.49924505
0.499245
0.4992453
0.4992451
0.4992454
0.4992448
0.49924463
0.49924493
0.49924493
0.49924487
0.4992451
0.49924493
0.49924523
0.4992447
0.49924517
0.4992451
0.49924517
0.49924487
0.49924475
0.49924523
0.49924505
0.4992448
0.4992451
0.499245
0.49924487
0.49924523
0.499245
0.49924463
0.4992453
0.499245
0.4992453
0.49924505
0.49924523
0.4992451
0.49924457
0.499245
0.49924505
0.4992451
0.49924523
0.499245
0.499245
0.49924487
0.499245
0.49924517
0.49924523
0.49924523
0.49924523
0.49924546
0.49924523
0.49924505
0.49924517
0.4992444
0.49924493
0.4992448
0.49924546
0.49924487
0.4992451
0.499245
0.4992451
0.4992451
0.49924523
0.49924535
0.49924523
0.49924523
0.4992451
0.49924535
0.49924535
0.49924535
0.4992451
0.49924523
0.499245
0.49924475
0.499245
0.49924523
0.49924493
0.499245
0.4992445
0.4992451
0.49924493
0.49924505
0.49924505
0.4992451
0.499245
0.4992453
0.49924517
0.49924475
0.499245
0.49924457
0.49924505
0.4992445
0.499245
0.49924523
0.4992451
0.4992451
0.4992448
0.49924463
0.499245
0.49924487
0.49924475
0.499245
0.49924523
0.49924523
0.49924493
0.499245
0.49924487
0.4992457
0.4992451
0.49924487
0.4992451
0.49924475
0.49924487
0.499245
0.499245
0.49924546
0.49924505
0.4992451
0.49924523
0.499245
0.49924523
0.4992451
0.49924487
0.49924487
0.49924475
0.4992451
0.49924493
0.49924523
0.49924493
0.49924493
0.4992448
0.49924487
0.49924505
0.4992451
0.499245
0.499245
0.49924523
0.49924517
0.49924493
0.49924517
0.49924535
0.4992451
0.49924505
0.49924487
0.49924517
0.49924487
0.4992442
0.4992451
0.49924535
0.49924546
0.4992445
0.4992451
0.49924517
0.49924535
0.49924487
0.49924487
0.49924535
0.49924487
0.4992451
0.49924487
0.49924546
0.49924546
0.49924463
0.49924493
0.499245
0.49924523
0.49924487
0.49924505
0.49924475
0.49924475
0.49924493
0.49924415
0.49924463
0.49924523
0.499245
0.4992448
0.4992447
0.4992445
0.4992451
0.49924517
0.4992445
0.49924415
0.49924517
0.499245
0.49924463
0.4992447
0.499245
0.49924475
0.49924475
0.4992454
0.49924523
0.4992451
0.49924523
0.499245
0.4992454
0.49924517
0.4992448
0.499245
0.4992451
0.499245
0.49924487
0.49924475
0.499245
0.499245
0.49924487
0.49924713
0.4992451
0.4992451
0.499245
0.49924493
0.49924523
0.4992451
0.4992453
0.49924505
0.4992454
0.4992453
0.49924475
0.49924523
0.4992448
0.4992451
0.4992451
0.49924475
0.49924487
0.49924517
0.49924475
0.49924463
0.4992448
0.4992451
0.4992451
0.4992451
0.49924523
0.49924463
0.49924523
0.4992451
0.499245
0.49924505
0.49924523
0.4992448
0.4992451
0.49924487
0.49924415
0.49924487
0.499245
0.49924493
0.4992451
0.49924475
0.4992451
0.4992447
0.49924505
0.49924546
0.49924517
0.49924457
0.4992454
0.4992451
0.49924493
0.499245
0.499245
0.49924475
0.4992447
0.4992451
0.49924505
0.49924332
0.49924463
0.49924475
0.4992451
0.4992448
0.49924487
0.49924493
0.49924546
0.49924475
0.49924517
0.49924487
0.49924493
0.49924445
0.49924517
0.49924487
0.4992451
0.49924487
0.49924475
0.499245
0.4992457
0.499245
0.49924487
0.49924487
0.49924558
0.49924517
0.49924475
0.4992448
0.4992453
0.49924493
0.49924517
0.4992453
0.499245
0.4992451
0.49924463
0.4992451
0.49924523
0.4992451
0.49924493
0.4992453
0.49924535
0.4992447
0.49924493
0.4992447
0.49924487
0.49924523
0.49924475
0.4992453
0.49924523
0.4992451
0.49924517
0.4992451
0.49924535
0.499245
0.4992448
0.4992451
0.49924475
0.4992451
0.49924493
0.49924487
0.499245
0.49924535
0.49924475
0.49924558
0.499245
0.49924493
0.4992451
0.49924523
0.49924487
0.49924487
0.49924523
0.49924523
0.4992448
0.49924487
0.49924523
0.49924535
0.49924487
0.499245
0.49924523
0.499245
0.49924523
0.49924535
0.49924487
0.49924517
0.499245
0.49924517
0.4992451
0.4992453
0.49924493
0.4992448
0.49924493
0.49924505
0.49924523
0.49924517
0.49924487
0.4992454
0.499245
0.49924523
0.49924523
0.4992447
0.499245
0.49924523
0.4992451
0.4992445
0.4992454
0.4992451
0.49924535
0.49924546
0.49924523
0.4992448
0.499245
0.49924523
0.499245
0.4992451
0.49924535
0.49924523
0.4992451
0.49924546
0.499245
0.4992451
0.49924517
0.49924505
0.49924427
0.49924517
0.499245
0.49924558
0.4992451
0.49924523
0.4992451
0.49924457
0.4992451
0.49924505
0.4992451
0.49924505
0.49924517
0.499245
0.499245
0.49924493
0.4992451
0.49924558
0.49924475
0.4992453
0.4992447
0.499245
0.49924487
0.49924505
0.49924475
0.499245
0.49924517
0.49924463
0.49924552
0.4992451
0.49924487
0.49924487
0.49924523
0.4992451
0.499245
0.49924493
0.49924487
0.49924523
0.49924463
0.499245
0.49924475
0.49924463
0.49924487
0.4992454
0.49924546
0.49924523
0.49924517
0.49924487
0.499245
0.49924523
0.499245
0.49924368
0.4992451
0.499245
0.49924475
0.49924487
0.49924523
0.4992451
0.4992451
0.4992445
0.49924582
0.499245
0.499245
0.499245
0.4992451
0.49924475
0.4992451
0.499245
0.49924493
0.49924487
0.49924505
0.499245
0.49924523
0.4992444
0.499245
0.49924517
0.4992451
0.49924523
0.499245
0.4992448
0.4992451
0.4992451
0.49924493
0.4992451
0.49924535
0.4992451
0.4992453
0.4992453
0.49924487
0.49924523
0.49924475
0.49924493
0.4992453
0.49924535
0.49924535
0.49924487
0.49924493
0.49924505
0.49924487
0.49924463
0.49924523
0.499245
0.49924493
0.49924523
0.4992453
0.49924523
0.499245
0.4992454
0.49924505
0.49924505
0.49924505
0.49924487
0.49924523
0.49924523
0.499245
0.49924523
0.4992447
0.499245
0.49924475
0.4992451
0.4992453
0.49924523
0.499245
0.4992447
0.49924487
0.49924517
0.49924487
0.49924493
0.499245
0.49924487
0.49924535
0.4992451
0.49924493
0.4992453
0.4992448
0.49924546
0.4992453
0.49924517
0.49924487
0.499245
0.49924546
0.499245
0.49924505
0.49924493
0.4992451
0.4992454
0.49924546
0.49924487
0.49924523
0.4992451
0.4992451
0.49924535
0.4992451
0.49924535
0.49924523
0.49924463
0.49924517
0.499245
0.49924487
0.49924463
0.4992451
0.4992454
0.49924523
0.49924505
0.4992454
0.4992453
0.49924523
0.49924523
0.4992451
0.49924523
0.499245
0.4992451
0.499245
0.4992453
0.4992451
0.49924463
0.499245
0.499245
0.49924523
0.49924535
0.49924517
0.49924517
0.499245
0.49924517
0.4992451
0.49924523
0.49924594
0.49924493
0.49924487
0.49924505
0.4992447
0.4992451
0.49924493
0.49924523
0.499245
0.49924374
0.4992448
0.49924493
0.49924523
0.4992451
0.49924523
0.4992451
0.4992451
0.499245
0.4992453
0.49924546
0.49924487
0.49924523
0.49924523
0.49924487
0.4992451
0.499245
0.49924487
0.49924523
0.4992454
0.4992451
0.49924475
0.49924487
0.49924523
0.499245
0.49924517
0.4992451
0.49924546
0.49924487
0.49924517
0.49924493
0.49924475
0.49924523
0.4992451
0.4992453
0.499245
0.49924487
0.49924558
0.49924523
0.49924517
0.49924523
0.49924463
0.4992445
0.49924552
0.49924493
0.4992445
0.499245
0.49924493
0.4992451
0.49924475
0.49924487
0.49924517
0.49924523
0.49924523
0.49924475
0.4992448
0.4992445
0.49924505
0.4992451
0.4992451
0.49924487
0.49924475
0.49924523
0.49924487
0.4992451
0.49924487
0.4992451
0.4992451
0.49924487
0.49924487
0.49924493
0.49924493
0.49924487
0.4992453
0.49924487
0.4992451
0.4992451
0.49924505
0.499245
0.49924523
0.499245
0.4992451
0.4992453
0.49924505
0.49924523
0.4992451
0.49924582
0.4992448
0.49924487
0.499245
0.49924475
0.49924487
0.49924493
0.4992451
0.49924427
0.49924493
0.4992451
0.49924552
0.499245
0.49924523
0.49924475
0.4992451
0.4992451
0.4992451
0.49924487
0.49924523
0.49924463
0.49924475
0.49924487
0.49924523
0.499245
0.4992451
0.4992451
0.49924475
0.49924487
0.49924463
0.499245
0.49924535
0.49924487
0.4992451
0.49924487
0.499245
0.499245
0.49924487
0.49924487
0.4992453
0.49924487
0.49924493
0.49924475
0.4992451
0.49924523
0.49924475
0.49924493
0.49924493
0.49924523
0.49924523
0.49924546
0.49924535
0.499245
0.4992444
0.49924463
0.49924487
0.49924493
0.49924475
0.499245
0.49924475
0.499245
0.499245
0.4992447
0.49924535
0.49924523
0.49924535
0.49924475
0.499245
0.4992451
0.49924487
0.499245
0.499245
0.49924475
0.49924487
0.49924535
0.49924445
0.49924535
0.49924475
0.49924487
0.49924475
0.49924487
0.49924487
0.49924535
0.499245
0.49924535
0.4992451
0.49924535
0.49924487
0.499245
0.49924517
0.49924552
0.49924493
0.49924517
0.49924487
0.499245
0.4992451
0.49924523
0.49924523
0.49924487
0.49924517
0.4992447
0.4992448
0.49924493
0.4992448
0.49924475
0.49924487
0.4992454
0.49924493
0.49924523
0.499245
0.4992445
0.49924487
0.49924487
0.499245
0.49924463
0.49924546
0.49924493
0.49924535
0.49924523
0.4992451
0.49924523
0.49924523
0.499245
0.49924475
0.49924463
0.49924487
0.49924535
0.4992451
0.4992451
0.49924535
0.499245
0.49924487
0.4992451
0.49924535
0.49924558
0.4992453
0.49924535
0.49924415
0.49924517
0.49924487
0.49924487
0.4992451
0.4992451
0.49924517
0.4992444
0.49924487
0.49924535
0.499245
0.4992451
0.4992451
0.49924535
0.49924523
0.49924523
0.49924552
0.49924487
0.4992453
0.49924427
0.49924505
0.4992448
0.49924487
0.4992444
0.4992451
0.49924487
0.49924523
0.4992451
0.49924546
0.49924517
0.49924475
0.49924517
0.499246
0.4992454
0.49924517
0.49924535
0.49924523
0.499245
0.4992451
0.49924523
0.49924535
0.49924487
0.499245
0.49924487
0.49924475
0.49924475
0.49924535
0.49924475
0.4992451
0.49924737
0.49924523
0.4992453
0.499245
0.49924535
0.49924535
0.49924523
0.49924505
0.4992451
0.4992451
0.49924523
0.49924487
0.49924475
0.4992451
0.49924487
0.49924487
0.49924505
0.4992451
0.49924546
0.49924505
0.49924517
0.499245
0.49924523
0.49924523
0.49924445
0.4992445
0.4992453
0.499245
0.49924535
0.49924487
0.49924487
0.49924487
0.4992447
0.4992448
0.49924517
0.4992451
0.4992451
0.49924505
0.499245
0.49924475
0.49924475
0.49924493
0.499245
0.499245
0.49924523
0.499245
0.49924475
0.49924517
0.4992451
0.49924475
0.49924493
0.49924275
0.4992448
0.4992451
0.49924493
0.499245
0.4992451
0.4992454
0.499245
0.4992451
0.49924475
0.4992448
0.49924523
0.499245
0.499245
0.49924523
0.4992451
0.4992451
0.499245
0.49924487
0.49924505
0.49924487
0.49924487
0.49924463
0.4992448
0.4992451
0.49924523
0.4992453
0.4992457
0.49924487
0.499245
0.49924505
0.4992451
0.4992451
0.49924487
0.49924487
0.49924505
0.49924552
0.49924487
0.4992451
0.49924523
0.49924535
0.49924606
0.49924487
0.49924535
0.499245
0.49924523
0.49924523
0.49924505
0.499245
0.49924523
0.49924505
0.4992451
0.49924493
0.49924487
0.49924487
0.49924523
0.49924523
0.4992451
0.49924582
0.49924463
0.49924487
0.49924487
0.4992448
0.499245
0.499245
0.499245
0.49924523
0.49924475
0.49924487
0.49924463
0.4992451
0.49924523
0.49924523
0.49924403
0.49924493
0.499245
0.49924475
0.499245
0.4992432
0.49924535
0.49924505
0.49924523
0.4992451
0.4992441
0.4992451
0.49924523
0.49924523
0.4992453
0.49924517
0.49924517
0.49924505
0.49924523
0.49924493
0.49924523
0.49924535
0.499245
0.4992451
0.49924487
0.4992451
0.49924517
0.49924493
0.4992451
0.4992445
0.4992453
0.49924535
0.49924487
0.4992445
0.49924475
0.49924505
0.4992451
0.49924523
0.4992454
0.4992454
0.4992445
0.49924487
0.499245
0.49924487
0.499245
0.49924493
0.49924487
0.49924505
0.49924517
0.4992451
0.49924523
0.49924493
0.4992451
0.49924535
0.49924475
0.49924475
0.49924505
0.4992451
0.49924523
0.49924523
0.49924445
0.4992451
0.49924475
0.49924523
0.49924487
0.49924517
0.49924535
0.49924475
0.49924517
0.49924523
0.49924517
0.4992447
0.499245
0.49924493
0.49924463
0.49924487
0.49924517
0.4992451
0.4992445
0.499245
0.4992451
0.499245
0.49924535
0.49924505
0.49924523
0.49924523
0.4992451
0.4992451
0.4992451
0.4992451
0.49924475
0.49924523
0.49924487
0.49924487
0.4992453
0.49924523
0.49924487
0.49924505
0.499245
0.49924445
0.4992453
0.49924523
0.499245
0.49924523
0.4992448
0.4992451
0.49924535
0.49924517
0.49924463
0.49924487
0.49924475
0.49924487
0.49924487
0.49924505
0.4992451
0.49924475
0.4992451
0.49924523
0.49924517
0.4992448
0.49924487
0.49924493
0.49924523
0.4992445
0.4992445
0.49924535
0.49924475
0.4992451
0.49924523
0.49924487
0.49924523
0.49924487
0.49924535
0.49924666
0.4992451
0.49924487
0.499245
0.49924505
0.49924493
0.49924517
0.4992451
0.49924523
0.49924517
0.49924487
0.49924505
0.49924523
0.49924427
0.49924564
0.49924517
0.4992451
0.4992453
0.4992447
0.4992454
0.49924523
0.4992448
0.49924475
0.49924523
0.49924535
0.49924558
0.4992451
0.499245
0.49924475
0.4992451
0.4992451
0.49924535
0.4992451
0.499245
0.49924505
0.49924457
0.49924535
0.49924517
0.49924487
0.49924535
0.4992451
0.499245
0.49924523
0.49924523
0.49924546
0.49924487
0.49924487
0.499245
0.49924523
0.4992451
0.49924487
0.4992447
0.49924505
0.49924535
0.4992451
0.49924523
0.49924368
0.499245
0.499245
0.49924487
0.49924457
0.49924475
0.49924535
0.49924493
0.49924517
0.49924487
0.4992448
0.4992451
0.4992451
0.49924523
0.49924487
0.4992451
0.49924517
0.4992451
0.49924475
0.49924517
0.4992453
0.49924505
0.4992451
0.49924493
0.49924487
0.4992445
0.49924523
0.49924523
0.49924517
0.49924523
0.499245
0.49924523
0.4992447
0.499245
0.49924487
0.4992448
0.49924487
0.4992451
0.4992448
0.49924517
0.49924487
0.49924546
0.49924475
0.4992453
0.49924475
0.499245
0.49924523
0.49924487
0.4992451
0.49924487
0.49924493
0.49924487
0.4992445
0.49924475
0.4992451
0.49924523
0.49924517
0.4992451
0.4992448
0.49924523
0.49924475
0.49924523
0.49924475
0.4992448
0.49924475
0.4992445
0.49924535
0.4992451
0.49924505
0.49924523
0.49924535
0.499245
0.49924505
0.49924487
0.4992451
0.49924505
0.49924523
0.49924487
0.49924475
0.49924523
0.499245
0.49924487
0.49924517
0.49924487
0.4992451
0.49924523
0.49924487
0.4992453
0.49924493
0.49924523
0.499245
0.49924505
0.4992451
0.49924505
0.49924546
0.499245
0.49924517
0.49924523
0.49924487
0.49924493
0.49924523
0.499245
0.49924487
0.49924475
0.49924457
0.49924505
0.49924475
0.49924535
0.49924523
0.4992451
0.49924493
0.49924517
0.4992451
0.4992453
0.49924493
0.499245
0.499245
0.49924487
0.49924505
0.4992451
0.49924523
0.49924487
0.4992451
0.4992451
0.4992451
0.49924546
0.4992451
0.49924517
0.499245
0.4992451
0.49924487
0.49924523
0.4992451
0.49924487
0.499245
0.49924606
0.49924535
0.49924523
0.499245
0.4992445
0.499245
0.49924487
0.49924493
0.499245
0.49924523
0.49924517
0.4992454
0.4992451
0.49924535
0.4992445
0.49924493
0.49924505
0.49924523
0.49924523
0.4992451
0.49924445
0.499245
0.49924487
0.49924475
0.499245
0.4992451
0.4992451
0.49924535
0.49924546
0.49924475
0.499245
0.499245
0.49924523
0.49924582
0.49924523
0.49924546
0.49924493
0.4992451
0.49924463
0.49924487
0.499245
0.49924505
0.4992451
0.4992451
0.49924463
0.49924517
0.4992451
0.49924517
0.49924523
0.49924493
0.499245
0.4992453
0.49924493
0.4992447
0.4992451
0.49924523
0.49924463
0.49924523
0.4992453
0.499245
0.49924523
0.49924505
0.49924523
0.49924487
0.4992447
0.4992445
0.49924523
0.4992451
0.49924523
0.4992451
0.49924505
0.49924192
0.49924517
0.49924475
0.4992451
0.49924487
0.49924535
0.499245
0.4992451
0.4992451
0.4992447
0.4992451
0.49924475
0.49924523
0.4992451
0.4992451
0.49924475
0.49924487
0.49924523
0.499245
0.49924493
0.49924493
0.49924523
0.49924463
0.49924487
0.49924546
0.49924487
0.4992451
0.499245
0.49924475
0.499245
0.499245
0.4992454
0.4992451
0.49924523
0.49924523
0.49924487
0.49924487
0.49924535
0.4992451
0.49924487
0.499245
0.49924475
0.49924505
0.4992454
0.4992451
0.4992451
0.49924546
0.49924523
0.499245
0.49924505
0.49924475
0.499245
0.49924517
0.49924475
0.49924505
0.49924523
0.49924463
0.499245
0.4992451
0.49924487
0.49924636
0.4992451
0.49924505
0.4992444
0.4992451
0.4992454
0.4992454
0.49924463
0.49924523
0.49924487
0.499245
0.4992451
0.4992451
0.49924475
0.49924523
0.4992451
0.49924523
0.4992451
0.49924523
0.4992448
0.499245
0.49924475
0.49924487
0.4992451
0.49924535
0.49924535
0.4992448
0.49924487
0.49924475
0.4992451
0.4992453
0.49924493
0.4992451
0.49924475
0.4992448
0.49924475
0.4992451
0.499245
0.499245
0.49924517
0.4992451
0.499245
0.49924475
0.49924487
0.499245
0.49924487
0.499245
0.49924487
0.499246
0.49924475
0.4992451
0.499245
0.49924523
0.499246
0.4992451
0.4992447
0.49924523
0.49924475
0.499245
0.49924523
0.49924535
0.49924487
0.499245
0.4992451
0.499245
0.49924487
0.4992447
0.4992451
0.4992448
0.49924523
0.49924523
0.499245
0.4992451
0.49924523
0.499245
0.4992448
0.49924523
0.49924517
0.49924427
0.4992451
0.49924505
0.49924523
0.49924517
0.49924523
0.499245
0.49924475
0.49924487
0.499245
0.49924523
0.4992451
0.49924487
0.49924535
0.49924523
0.49924487
0.4992448
0.4992454
0.499245
0.49924415
0.49924523
0.49924523
0.49924505
0.4992451
0.49924487
0.49924517
0.499245
0.49924505
0.49924487
0.4992451
0.49924505
0.49924487
0.49924493
0.4992451
0.49924463
0.4992451
0.499245
0.4992451
0.49924535
0.4992447
0.49924487
0.49924517
0.49924523
0.49924558
0.49924397
0.49924487
0.49924523
0.499245
0.49924493
0.49924517
0.49924493
0.4992451
0.499245
0.49924475
0.499245
0.49924487
0.49924505
0.49924523
0.49924487
0.49924475
0.49924505
0.4992451
0.49924517
0.49924487
0.49924535
0.49924493
0.49924505
0.49924475
0.499245
0.49924517
0.4992451
0.49924552
0.49924487
0.4992453
0.4992444
0.49924445
0.4992451
0.49924487
0.499245
0.4992453
0.49924523
0.49924475
0.49924487
0.49924523
0.4992444
0.49924535
0.499245
0.49924523
0.4992448
0.49924475
0.49924523
0.49924463
0.499245
0.49924487
0.4992444
0.49924523
0.49924487
0.49924475
0.499245
0.49924505
0.499245
0.499245
0.49924523
0.499245
0.4992451
0.49924523
0.4992451
0.49924535
0.4992451
0.49924546
0.49924487
0.49924523
0.499245
0.49924523
0.49924523
0.49924517
0.49924535
0.49924523
0.49924487
0.49924558
0.49924415
0.49924535
0.4992451
0.49924475
0.49924523
0.499245
0.49924523
0.49924606
0.4992453
0.499245
0.49924475
0.49924523
0.49924517
0.49924517
0.49924535
0.4992451
0.4992448
0.4992445
0.49924463
0.499245
0.49924493
0.49924523
0.499245
0.49924475
0.49924487
0.49924457
0.49924487
0.4992445
0.499245
0.49924523
0.4992451
0.49924523
0.4992451
0.49924535
0.4992448
0.4992451
0.4992445
0.49924523
0.499245
0.49924493
0.49924487
0.4992451
0.4992451
0.499245
0.49924487
0.49924523
0.4992447
0.49924546
0.49924493
0.49924505
0.49924487
0.49924487
0.4992463
0.49924546
0.49924523
0.49924493
0.4992448
0.4992451
0.4992451
0.49924487
0.49924523
0.49924523
0.49924487
0.4992451
0.4992451
0.49924523
0.49924463
0.49924332
0.4992451
0.4992451
0.4992451
0.49924523
0.49924403
0.49924475
0.4992451
0.49924493
0.4992451
0.4992451
0.49924487
0.49924463
0.49924523
0.4992451
0.499245
0.4992448
0.4992451
0.4992451
0.4992451
0.49924517
0.49924523
0.4992451
0.49924487
0.49924487
0.499245
0.49924475
0.49924523
0.4992447
0.49924517
0.49924535
0.4992451
0.49924523
0.4992451
0.49924475
0.499245
0.499245
0.4992453
0.4992451
0.49924523
0.49924517
0.49924493
0.499245
0.49924523
0.4992445
0.49924463
0.49924523
0.49924535
0.49924523
0.49924475
0.4992451
0.49924475
0.49924487
0.49924523
0.4992447
0.49924546
0.49924523
0.49924517
0.499245
0.49924523
0.4992447
0.499245
0.499245
0.49924487
0.49924463
0.499245
0.49924517
0.49924493
0.499245
0.4992451
0.49924487
0.499245
0.499245
0.49924487
0.49924475
0.49924463
0.4992442
0.49924475
0.4992451
0.49924517
0.4992451
0.49924505
0.4992448
0.49924505
0.49924523
0.4992451
0.49924523
0.49924493
0.499245
0.4992451
0.49924523
0.49924517
0.4992451
0.49924475
0.49924523
0.49924517
0.4992451
0.49924505
0.49924475
0.49924535
0.49924523
0.499245
0.49924523
0.49924415
0.49924535
0.499245
0.49924523
0.49924517
0.49924505
0.499245
0.499245
0.4992453
0.4992453
0.49924487
0.4992451
0.49924475
0.49924523
0.49924523
0.49924487
0.4992451
0.49924487
0.49924517
0.4992451
0.49924487
0.49924558
0.49924493
0.49924475
0.49924523
0.49924558
0.49924517
0.49924487
0.49924517
0.4992447
0.4992451
0.49924517
0.49924523
0.4992425
0.499245
0.49924475
0.499245
0.4992451
0.49924487
0.49924523
0.49924546
0.4992445
0.49924535
0.49924487
0.4992453
0.4992451
0.4992453
0.49924475
0.49924523
0.499245
0.49924487
0.49924493
0.4992451
0.499245
0.49924475
0.49924487
0.49924487
0.49924475
0.49924523
0.4992447
0.499245
0.4992453
0.4992448
0.49924475
0.499245
0.49924505
0.4992444
0.499245
0.49924535
0.49924493
0.49924475
0.4992453
0.49924487
0.49924523
0.49924523
0.49924487
0.49924463
0.4992451
0.4992451
0.49924463
0.4992451
0.49924493
0.499245
0.4992454
0.4992447
0.499245
0.49924523
0.49924523
0.49924493
0.4992451
0.499245
0.499245
0.49924517
0.49924535
0.4992451
0.4992451
0.4992453
0.4992448
0.4992453
0.49924505
0.4992451
0.499245
0.4992451
0.49924517
0.4992451
0.4992451
0.499245
0.499245
0.49924523
0.49924523
0.4992453
0.49924487
0.49924487
0.49924487
0.49924523
0.49924535
0.49924517
0.49924463
0.49924487
0.49924487
0.499245
0.4992453
0.49924487
0.4992451
0.49924475
0.49924517
0.4992451
0.49924535
0.49924535
0.4992453
0.49924523
0.4992444
0.4992451
0.49924487
0.49924487
0.49924505
0.499245
0.49924642
0.4992451
0.49924523
0.49924487
0.499245
0.49924493
0.49924493
0.49924487
0.499245
0.4992451
0.49924642
0.499245
0.49924523
0.49924546
0.499245
0.49924493
0.49924475
0.49924523
0.4992445
0.49924487
0.49924463
0.4992451
0.4992451
0.4992453
0.49924618
0.49924546
0.49924475
0.49924588
0.499245
0.49924475
0.49924487
0.49924523
0.49924487
0.49924517
0.49924487
0.499245
0.49924487
0.499245
0.4992451
0.49924517
0.499245
0.49924463
0.49924475
0.499245
0.49924535
0.499245
0.49924517
0.49924523
0.499245
0.49924463
0.49924517
0.49924517
0.49924535
0.49924523
0.4992448
0.499245
0.49924475
0.49924505
0.499245
0.4992451
0.49924487
0.49924517
0.499245
0.49924535
0.49924475
0.49924505
0.49924487
0.49924505
0.499245
0.4992444
0.4992451
0.49924475
0.49924475
0.49924463
0.49924523
0.4992451
0.49924475
0.49924487
0.4992451
0.4992447
0.4992451
0.49924487
0.4992451
0.49924487
0.49924475
0.4992451
0.4992451
0.4992451
0.4992451
0.49924445
0.49924535
0.49924535
0.49924487
0.49924535
0.49924523
0.49924523
0.4992451
0.49924493
0.4992448
0.49924475
0.49924535
0.49924517
0.499245
0.49924505
0.49924487
0.4992448
0.49924523
0.49924505
0.4992451
0.49924475
0.499245
0.49924523
0.4992444
0.499245
0.4992451
0.49924475
0.499245
0.49924505
0.49924523
0.499245
0.49924505
0.499245
0.49924523
0.4992453
0.49924392
0.499245
0.49924523
0.4992444
0.49924487
0.4992451
0.49924523
0.49924523
0.49924487
0.4992445
0.49924475
0.4992451
0.49924475
0.499245
0.49924475
0.49924487
0.49924535
0.49924517
0.4992451
0.499245
0.49924523
0.49924517
0.4992448
0.49924493
0.49924487
0.499245
0.4992451
0.4992453
0.49924505
0.49924523
0.49924546
0.49924487
0.49924505
0.49924517
0.4992457
0.4992451
0.49924493
0.49924582
0.499245
0.4992451
0.499245
0.49924523
0.49924475
0.49924535
0.49924505
0.49924523
0.4992454
0.49924487
0.4992451
0.49924505
0.49924445
0.49924517
0.49924493
0.4992451
0.49924517
0.49924523
0.49924487
0.4992448
0.499245
0.4992451
0.49924517
0.49924487
0.49924523
0.4992453
0.49924457
0.49924493
0.4992451
0.4992451
0.49924535
0.49924463
0.49924576
0.4992444
0.49924445
0.4992448
0.49924546
0.49924517
0.4992451
0.499245
0.4992457
0.4992451
0.49924546
0.49924523
0.49924523
0.49924487
0.49924523
0.49924493
0.4992448
0.49924487
0.4992453
0.49924487
0.49924535
0.49924505
0.49924523
0.49924523
0.49924487
0.49924487
0.49924475
0.4992451
0.49924523
0.49924487
0.4992451
0.4992454
0.49924463
0.49924487
0.49924517
0.49924487
0.4992451
0.4992451
0.49924523
0.49924493
0.4992444
0.49924523
0.49924475
0.49924493
0.49924505
0.4992448
0.49924487
0.49924505
0.49924517
0.499245
0.4992451
0.4992451
0.4992451
0.4992453
0.4992451
0.49924505
0.4992451
0.49924487
0.499245
0.49924493
0.49924505
0.4992454
0.49924487
0.49924475
0.49924487
0.49924487
0.49924487
0.4992445
0.4992447
0.499245
0.49924457
0.49924487
0.4992445
0.49924475
0.4992451
0.4992453
0.4992448
0.4992451
0.49924493
0.49924487
0.499245
0.49924523
0.499245
0.4992451
0.49924535
0.4992451
0.49924463
0.49924505
0.49924523
0.49924463
0.49924517
0.49924582
0.499245
0.49924505
0.499245
0.49924523
0.4992451
0.4992451
0.499245
0.49924463
0.49924487
0.49924475
0.4992441
0.49924415
0.499245
0.4992451
0.49924535
0.4992454
0.499245
0.4992451
0.49924475
0.49924523
0.4992444
0.49924523
0.499245
0.499245
0.49924523
0.49924487
0.49924523
0.4992451
0.49924535
0.49924517
0.49924475
0.49924535
0.499245
0.499245
0.49924493
0.4992448
0.4992453
0.49924386
0.49924517
0.49924475
0.49924535
0.49924523
0.4992445
0.49924535
0.49924523
0.4992451
0.49924517
0.49924505
0.49924505
0.499245
0.4992451
0.49924475
0.49924403
0.499245
0.49924505
0.49924505
0.4992451
0.49924487
0.499245
0.49924523
0.49924487
0.49924415
0.4992454
0.49924463
0.499245
0.4992451
0.49924475
0.49924505
0.4992453
0.49924523
0.49924457
0.49924463
0.49924427
0.49924523
0.4992451
0.49924463
0.49924523
0.4992448
0.49924487
0.4992453
0.499245
0.4992445
0.49924487
0.49924475
0.49924487
0.49924523
0.49924517
0.4992451
0.49924487
0.49924523
0.49924523
0.49924552
0.4992445
0.49924523
0.499246
0.49924493
0.499245
0.499245
0.4992451
0.49924487
0.49924487
0.49924523
0.49924463
0.4992454
0.49924475
0.49924523
0.49924463
0.49924517
0.4992451
0.4992451
0.49924517
0.49924487
0.4992451
0.49924523
0.4992451
0.4992451
0.49924523
0.4992451
0.4992451
0.499245
0.49924392
0.49924475
0.49924535
0.4992453
0.49924475
0.4992447
0.49924523
0.49924493
0.4992451
0.49924535
0.49924523
0.499245
0.4992444
0.49924535
0.499245
0.49924487
0.49924487
0.49924594
0.49924523
0.4992451
0.499245
0.49924535
0.49924523
0.4992445
0.49924523
0.49924523
0.49924523
0.49924523
0.49924523
0.4992448
0.499245
0.49924493
0.49924523
0.49924505
0.49924505
0.49924523
0.4992448
0.4992451
0.49924517
0.49924487
0.49924523
0.49924523
0.49924493
0.499245
0.4992451
0.499245
0.4992451
0.49924487
0.49924487
0.49924493
0.49924505
0.49924517
0.49924523
0.4992451
0.49924463
0.49924535
0.49924475
0.4992448
0.49924523
0.49924487
0.49924487
0.4992451
0.49924523
0.49924475
0.4992451
0.499245
0.49924517
0.49924523
0.499245
0.49924558
0.49924618
0.49924535
0.4992451
0.49924505
0.4992451
0.49924523
0.49924162
0.49924523
0.499245
0.49924517
0.49924487
0.49924517
0.4992453
0.49924523
0.49924535
0.49924487
0.499245
0.49924475
0.4992447
0.49924535
0.49924487
0.49924475
0.4992451
0.49924535
0.49924493
0.499245
0.49924535
0.49924505
0.49924523
0.49924487
0.49924505
0.49924487
0.499245
0.49924523
0.49924535
0.49924475
0.4992451
0.49924523
0.49924493
0.49924517
0.4992451
0.49924475
0.49924493
0.49924475
0.499245
0.4992448
0.4992454
0.49924523
0.4992445
0.499245
0.49924505
0.49924487
0.499245
0.49924523
0.499245
0.49924487
0.49924535
0.4992445
0.49924487
0.49924487
0.49924463
0.49924475
0.49924493
0.499245
0.4992453
0.49924487
0.49924475
0.49924487
0.49924463
0.4992457
0.49924535
0.4992451
0.49924505
0.49924475
0.4992451
0.4992448
0.499245
0.49924523
0.49924505
0.49924535
0.4992451
0.49924487
0.499245
0.49924505
0.4992453
0.49924487
0.49924487
0.499245
0.499245
0.49924487
0.4992451
0.49924535
0.499245
0.49924535
0.499245
0.4992451
0.49924535
0.49924487
0.49924487
0.49924475
0.4992457
0.49924457
0.49924505
0.499245
0.49924475
0.49924475
0.4992447
0.49924523
0.49924558
0.49924517
0.49924475
0.49924505
0.49924517
0.49924463
0.4992451
0.49924535
0.49924517
0.49924475
0.499245
0.49924475
0.499245
0.4992451
0.49924475
0.499245
0.4992453
0.4992451
0.4992454
0.49924505
0.49924475
0.49924546
0.49924517
0.49924517
0.49924517
0.49924463
0.49924523
0.49924523
0.49924517
0.4992448
0.49924445
0.49924517
0.49924403
0.49924487
0.499245
0.49924487
0.499245
0.4992451
0.4992451
0.49924487
0.499245
0.499245
0.4992453
0.4992453
0.49924487
0.49924517
0.49924487
0.49924535
0.4992451
0.49924475
0.49924517
0.49924493
0.49924523
0.49924535
0.49924523
0.49924517
0.49924475
0.49924523
0.499245
0.49924517
0.49924493
0.4992451
0.49924493
0.49924487
0.49924523
0.49924445
0.49924487
0.49924487
0.49924493
0.49924475
0.49924487
0.4992451
0.4992448
0.4992451
0.49924546
0.49924552
0.49924523
0.499245
0.49924487
0.499245
0.4992451
0.49924487
0.49924487
0.4992448
0.499245
0.499245
0.49924523
0.49924505
0.4992451
0.4992451
0.49924523
0.4992451
0.4992447
0.499245
0.49924505
0.49924546
0.49924505
0.4992451
0.499245
0.499245
0.49924475
0.49924475
0.49924487
0.49924475
0.49924487
0.49924517
0.4992451
0.49924392
0.49924487
0.49924493
0.49924523
0.49924487
0.49924493
0.49924427
0.49924505
0.49924433
0.49924487
0.49924523
0.49924493
0.49924427
0.4992451
0.49924505
0.49924523
0.49924493
0.499245
0.49924493
0.49924517
0.49924332
0.49924463
0.4992451
0.49924535
0.499245
0.4992451
0.4992451
0.499245
0.49924505
0.499245
0.499245
0.49924523
0.4992448
0.499245
0.499245
0.49924487
0.49924558
0.49924517
0.49924475
0.4992451
0.49924487
0.4992451
0.49924517
0.499245
0.49924505
0.49924487
0.4992451
0.49924517
0.4992451
0.49924523
0.49924487
0.49924475
0.499245
0.49924487
0.49924487
0.4992451
0.499245
0.4992451
0.4992444
0.49924415
0.49924517
0.4992453
0.4992451
0.4992451
0.49924546
0.4992451
0.49924457
0.49924517
0.49924457
0.49924546
0.4992448
0.49924505
0.499245
0.499245
0.49924523
0.49924475
0.4992451
0.499245
0.4992451
0.499245
0.4992448
0.49924487
0.49924493
0.4992451
0.4992451
0.4992451
0.49924487
0.49924517
0.49924415
0.4992444
0.49924487
0.49924523
0.49924487
0.49924546
0.49924487
0.49924397
0.49924493
0.49924475
0.49924475
0.49924487
0.49924523
0.49924487
0.499245
0.4992445
0.49924475
0.4992448
0.4992438
0.49924493
0.49924487
0.49924487
0.49924487
0.499245
0.49924505
0.499245
0.49924487
0.49924523
0.4992451
0.49924463
0.499245
0.49924475
0.49924487
0.4992451
0.4992451
0.49924523
0.4992451
0.499245
0.4992448
0.49924403
0.4992453
0.4992448
0.49924487
0.49924523
0.4992451
0.4992447
0.4992451
0.49924487
0.49924487
0.49924493
0.4992451
0.49924487
0.4992447
0.4992448
0.49924487
0.4992453
0.4992445
0.4992445
0.49924475
0.499245
0.49924475
0.4992451
0.49924523
0.499245
0.49924523
0.49924463
0.499245
0.4992451
0.49924475
0.49924523
0.49924487
0.49924523
0.4992451
0.49924493
0.499245
0.49924517
0.49924505
0.49924523
0.4992448
0.49924523
0.49924523
0.49924487
0.49924535
0.49924523
0.499245
0.49924505
0.49924546
0.49924535
0.499245
0.49924475
0.49924487
0.49924487
0.49924475
0.4992451
0.49924475
0.49924517
0.499245
0.499245
0.4992451
0.49924493
0.4992451
0.49924505
0.4992451
0.49924475
0.49924487
0.499245
0.49924523
0.49924463
0.4992451
0.49924475
0.49924523
0.4992453
0.4992453
0.49924487
0.499245
0.49924493
0.49924493
0.49924505
0.4992442
0.49924523
0.499245
0.4992448
0.49924487
0.49924517
0.49924475
0.499245
0.49924523
0.49924558
0.4992448
0.49924535
0.49924523
0.4992451
0.49924487
0.49924535
0.499245
0.49924535
0.4992451
0.499245
0.49924487
0.4992451
0.49924475
0.4992451
0.4992451
0.4992451
0.4992451
0.49924463
0.49924505
0.4992445
0.49924487
0.49924475
0.49924487
0.499245
0.49924475
0.49924552
0.4992451
0.499245
0.49924487
0.49924463
0.49924427
0.4992451
0.4992454
0.49924594
0.49924535
0.49924487
0.4992448
0.49924475
0.49924523
0.4992451
0.499245
0.49924523
0.4992451
0.49924505
0.49924517
0.499245
0.49924487
0.49924535
0.49924475
0.4992442
0.499245
0.4992453
0.49924523
0.49924463
0.4992451
0.4992451
0.4992451
0.49924463
0.49924475
0.499245
0.4992451
0.49924523
0.49924487
0.49924487
0.49924487
0.49924505
0.499245
0.4992451
0.4992451
0.49924535
0.49924463
0.49924523
0.49924493
0.49924523
0.4992451
0.49924535
0.4992451
0.49924523
0.4992451
0.499245
0.499245
0.4992451
0.49924487
0.499245
0.49924594
0.49924523
0.4992448
0.49924523
0.49924487
0.49924487
0.49924493
0.49924517
0.4992453
0.49924493
0.4992451
0.4992451
0.49924517
0.49924505
0.49924487
0.4992451
0.49924517
0.49924487
0.49924523
0.49924523
0.49924523
0.49924505
0.49924415
0.49924475
0.49924475
0.499245
0.49924523
0.49924535
0.49924517
0.49924013
0.49924475
0.49924487
0.49924463
0.4992444
0.49924523
0.49924433
0.49924523
0.49924487
0.49924487
0.49924487
0.499245
0.4992444
0.499245
0.4992444
0.49924493
0.49924487
0.4992447
0.49924517
0.499245
0.4992451
0.49924517
0.4992451
0.4992448
0.49924493
0.499245
0.4992451
0.49924535
0.49924487
0.499245
0.4992451
0.49924487
0.499245
0.49924523
0.49924546
0.4992451
0.4992451
0.499245
0.49924427
0.499245
0.499245
0.4992451
0.49924535
0.49924523
0.49924493
0.49924523
0.49924546
0.49924558
0.499245
0.4992453
0.49924487
0.49924546
0.49924463
0.49924523
0.4992448
0.49924386
0.4992451
0.49924475
0.49924517
0.4992451
0.49924517
0.49924535
0.49924523
0.499245
0.49924487
0.4992451
0.4992453
0.49924463
0.499245
0.49924505
0.49924535
0.49924475
0.49924487
0.499245
0.49924505
0.49924523
0.49924517
0.4992451
0.4992451
0.499245
0.49924523
0.49924493
0.49924523
0.499245
0.49924517
0.49924517
0.499245
0.49924487
0.49924535
0.49924475
0.49924535
0.49924475
0.49924523
0.499245
0.499245
0.49924523
0.49924475
0.49924523
0.49924487
0.49924535
0.49924535
0.4992445
0.49924523
0.49924517
0.499245
0.4992451
0.49924523
0.49924487
0.49924535
0.499245
0.49924487
0.49924535
0.49924493
0.49924535
0.49924493
0.49924475
0.49924487
0.49924505
0.4992454
0.499245
0.49924487
0.4992451
0.499245
0.49924493
0.49924487
0.49924487
0.49924475
0.49924487
0.49924546
0.49924487
0.49924523
0.49924487
0.49924523
0.49924517
0.49924523
0.499245
0.49924505
0.499245
0.49924487
0.499245
0.499245
0.4992451
0.49924487
0.49924505
0.49924493
0.49924475
0.49924546
0.49924523
0.4992451
0.49924493
0.49924523
0.49924523
0.49924487
0.499245
0.49924535
0.49924487
0.49924487
0.499245
0.49924487
0.49924475
0.49924523
0.49924535
0.49924523
0.4992451
0.4992453
0.49924546
0.49924558
0.4992451
0.49924523
0.49924523
0.49924517
0.49924505
0.4992448
0.4992451
0.4992444
0.49924487
0.49924535
0.49924493
0.49924487
0.4992448
0.49924493
0.499245
0.49924523
0.499245
0.49924523
0.49924487
0.4992454
0.49924505
0.49924493
0.49924523
0.49924546
0.4992448
0.4992451
0.4992448
0.499245
0.499245
0.49924463
0.4992451
0.4992451
0.4992451
0.499245
0.4992454
0.499245
0.49924517
0.49924523
0.49924523
0.49924457
0.49924487
0.4992451
0.49924535
0.49924487
0.49924487
0.49924523
0.4992451
0.49924517
0.49924523
0.499245
0.49924463
0.4992451
0.49924517
0.4992451
0.4992451
0.49924463
0.49924523
0.49924517
0.4992451
0.4992454
0.49924523
0.4992448
0.49924505
0.49924487
0.4992451
0.49924523
0.49924475
0.49924523
0.49924487
0.49924576
0.49924517
0.49924517
0.49924523
0.49924386
0.49924546
0.49924523
0.49924487
0.49924535
0.499245
0.49924523
0.4992451
0.49924535
0.49924535
0.49924523
0.4992451
0.49924523
0.49924487
0.4992451
0.4992451
0.49924517
0.4992453
0.49924505
0.49924505
0.49924475
0.49924493
0.4992451
0.4992448
0.49924523
0.499245
0.49924523
0.499245
0.4992451
0.49924535
0.499245
0.49924463
0.49924582
0.499245
0.49924487
0.4992451
0.4992448
0.49924552
0.49924523
0.49924523
0.49924487
0.4992447
0.49924487
0.4992448
0.49924523
0.49924415
0.49924493
0.49924487
0.4992444
0.499245
0.49924493
0.49924546
0.49924487
0.49924517
0.49924523
0.49924523
0.49924523
0.4992451
0.49924523
0.4992451
0.499245
0.49924523
0.49924463
0.49924517
0.49924505
0.499245
0.4992451
0.49924487
0.49924523
0.4992448
0.4992451
0.49924684
0.49924505
0.499245
0.499245
0.4992445
0.49924517
0.49924523
0.499245
0.49924415
0.4992453
0.4992451
0.49924558
0.499245
0.49924487
0.4992451
0.49924523
0.49924517
0.4992447
0.49924517
0.4992451
0.49924523
0.499245
0.49924487
0.49924517
0.49924487
0.49924433
0.49924517
0.49924558
0.49924475
0.4992453
0.4992438
0.49924415
0.49924505
0.4992451
0.49924487
0.49924523
0.4992453
0.49924475
0.49924475
0.49924475
0.49924517
0.49924493
0.4992451
0.49924493
0.4992453
0.49924493
0.49924523
0.49924535
0.4992453
0.4992451
0.4992451
0.49924445
0.49924523
0.4992451
0.499245
0.499245
0.4992451
0.49924487
0.4992453
0.49924505
0.49924523
0.49924523
0.4992454
0.4992451
0.49924493
0.4992448
0.49924517
0.4992448
0.49924523
0.49924523
0.49924427
0.49924517
0.49924523
0.4992453
0.4992447
0.49924535
0.499245
0.49924463
0.49924487
0.4992451
0.49924475
0.49924505
0.49924475
0.49924475
0.49924505
0.4992457
0.49924475
0.49924517
0.49924523
0.49924493
0.49924487
0.49924517
0.49924558
0.49924487
0.499245
0.49924487
0.49924505
0.49924535
0.49924475
0.49924523
0.49924523
0.49924475
0.49924493
0.49924505
0.499245
0.49924523
0.49924487
0.49924517
0.49924475
0.49924523
0.49924535
0.49924487
0.49924517
0.4992451
0.49924493
0.49924403
0.49924523
0.49924505
0.49924487
0.49924487
0.4992451
0.4992447
0.49924493
0.49924445
0.49924535
0.49924487
0.49924517
0.49924546
0.49924493
0.499245
0.49924475
0.4992451
0.49924487
0.49924487
0.49924487
0.49924493
0.499245
0.49924523
0.49924487
0.49924535
0.49924505
0.49924523
0.4992451
0.4992447
0.49924487
0.49924493
0.49924517
0.4992451
0.49924445
0.499245
0.49924475
0.4992448
0.4992451
0.49924493
0.49924487
0.499245
0.49924487
0.49924552
0.49924523
0.49924487
0.4992451
0.49924546
0.49924505
0.49924546
0.4992447
0.49924535
0.499245
0.49924487
0.49924475
0.49924487
0.4992447
0.49924523
0.4992453
0.49924523
0.49924505
0.49924493
0.499245
0.49924535
0.4992451
0.499245
0.49924487
0.49924517
0.499245
0.4992453
0.4992448
0.4992451
0.499245
0.49924487
0.49924487
0.499245
0.49924463
0.49924523
0.4992454
0.49924487
0.49924487
0.499245
0.49924493
0.499245
0.4992451
0.4992447
0.4992451
0.4992448
0.49924427
0.4992451
0.49924523
0.499245
0.4992447
0.49924505
0.49924517
0.4992451
0.4992451
0.499245
0.499245
0.4992451
0.4992451
0.49924457
0.499245
0.49924403
0.49924523
0.49924546
0.49924523
0.49924523
0.4992451
0.49924487
0.499245
0.4992448
0.49924487
0.4992453
0.4992451
0.49924517
0.49924487
0.49924523
0.4992451
0.49924487
0.499245
0.49924505
0.49924487
0.49924523
0.4992447
0.49924505
0.49924463
0.49924493
0.499245
0.49924535
0.49924487
0.4992445
0.499245
0.49924546
0.49924523
0.499245
0.499245
0.499245
0.49924493
0.4992451
0.4992451
0.49924546
0.49924535
0.4992438
0.49924535
0.49924493
0.4992451
0.4992448
0.4992453
0.49924463
0.49924475
0.49924475
0.499245
0.4992453
0.49924433
0.49924505
0.49924487
0.49924535
0.49924505
0.499245
0.49924493
0.499245
0.49924386
0.4992451
0.49924523
0.49924505
0.49924493
0.49924433
0.49924523
0.4992451
0.4992448
0.4992451
0.49924487
0.49924523
0.4992448
0.49924487
0.49924517
0.49924505
0.49924487
0.49924535
0.49924487
0.49924517
0.499245
0.49924523
0.49924487
0.49924505
0.49924493
0.49924475
0.499245
0.49924493
0.49924523
0.49924493
0.49924523
0.49924493
0.49924535
0.499245
0.4992448
0.49924523
0.49924487
0.4992457
0.499245
0.499245
0.49924523
0.49924505
0.49924475
0.499245
0.49924535
0.4992451
0.49924487
0.4992448
0.4992451
0.49924505
0.499245
0.499245
0.49924523
0.49924493
0.49924463
0.49924475
0.499245
0.499245
0.4992451
0.499245
0.49924517
0.49924535
0.49924487
0.49924392
0.49924546
0.49924517
0.4992451
0.49924475
0.499245
0.49924546
0.499245
0.49924493
0.4992451
0.4992448
0.499245
0.49924493
0.49924546
0.499245
0.49924475
0.49924517
0.4992451
0.499245
0.49924463
0.4992445
0.49924523
0.4992448
0.49924523
0.4992451
0.49924517
0.49924475
0.49924535
0.49924523
0.49924487
0.499245
0.49924487
0.499245
0.4992451
0.49924517
0.4992451
0.499245
0.49924475
0.49924517
0.49924487
0.49924505
0.4992451
0.49924463
0.49924487
0.49924535
0.499245
0.49924487
0.49924487
0.499245
0.49924535
0.49924487
0.4992451
0.4992451
0.49924487
0.49924523
0.49924493
0.49924552
0.49924463
0.49924523
0.49924463
0.49924535
0.4992447
0.49924487
0.49924493
0.4992451
0.49924552
0.4992451
0.4992444
0.499245
0.499245
0.49924523
0.4992445
0.49924475
0.499245
0.49924475
0.49924546
0.49924535
0.4992451
0.499245
0.49924487
0.49924487
0.49924493
0.4992453
0.49924493
0.49924523
0.499245
0.49924523
0.49924505
0.49924487
0.4992451
0.499245
0.4992451
0.499245
0.4992454
0.49924487
0.49924523
0.49924517
0.4992451
0.49924493
0.49924535
0.49924403
0.4992451
0.49924487
0.49924487
0.49924487
0.499245
0.4992451
0.499245
0.49924475
0.4992453
0.4992451
0.49924487
0.4992444
0.49924535
0.49924475
0.49924487
0.49924517
0.49924523
0.4992453
0.49924487
0.49924517
0.49924505
0.4992453
0.49924523
0.499245
0.49924535
0.49924493
0.4992448
0.49924523
0.4992451
0.4992453
0.49924392
0.49924523
0.4992451
0.49924523
0.49924523
0.4992448
0.499245
0.49924505
0.49924475
0.49924487
0.49924487
0.4992451
0.49924523
0.499245
0.49924523
0.4992451
0.49924535
0.49924475
0.499245
0.49924487
0.49924517
0.49924487
0.49924487
0.49924523
0.49924487
0.49924517
0.49924535
0.4992457
0.49924475
0.4992444
0.49924517
0.49924487
0.49924523
0.49924487
0.4992453
0.49924487
0.4992444
0.49924523
0.4992451
0.49924523
0.49924475
0.49924475
0.49924433
0.4992451
0.4992453
0.4992451
0.49924523
0.49924463
0.49924523
0.49924463
0.49924415
0.499245
0.4992451
0.49924487
0.49924475
0.49924475
0.49924535
0.49924523
0.4992451
0.49924523
0.49924546
0.49924475
0.49924463
0.49924523
0.49924523
0.49924487
0.49924523
0.49924487
0.49924523
0.49924475
0.49924517
0.49924487
0.49924517
0.4992453
0.499245
0.49924505
0.4992445
0.4992451
0.4992454
0.49924523
0.49924523
0.4992448
0.49924535
0.499245
0.49924505
0.4992445
0.49924487
0.49924487
0.49924517
0.49924475
0.499245
0.49924552
0.4992451
0.49924546
0.49924535
0.499245
0.49924445
0.499245
0.499245
0.49924588
0.49924505
0.4992451
0.49924475
0.4992445
0.4992451
0.4992451
0.49924517
0.49924427
0.499245
0.4992453
0.4992454
0.499245
0.49924487
0.49924445
0.4992447
0.499245
0.49924576
0.4992451
0.4992451
0.4992451
0.49924475
0.4992447
0.49924487
0.49924475
0.49924475
0.49924475
0.49924487
0.49924523
0.49924523
0.49924546
0.4992451
0.49924535
0.4992451
0.49924523
0.49924535
0.499245
0.4992451
0.49924487
0.49924487
0.499245
0.49924487
0.4992451
0.4992451
0.49924475
0.4992444
0.4992451
0.4992451
0.49924487
0.4992448
0.49924523
0.49924493
0.49924356
0.49924445
0.4992454
0.4992453
0.49924487
0.49924523
0.49924523
0.49924475
0.4992453
0.49924487
0.4992451
0.49924535
0.49924523
0.49924475
0.49924505
0.4992445
0.4992451
0.4992451
0.49924463
0.499245
0.4992451
0.49924523
0.4992448
0.4992451
0.499245
0.49924487
0.499245
0.49924505
0.4992448
0.499245
0.4992454
0.499245
0.49924523
0.49924505
0.49924523
0.49924493
0.49924475
0.49924487
0.4992451
0.499245
0.4992451
0.49924523
0.4992445
0.4992451
0.49924487
0.499245
0.49924505
0.4992451
0.49924487
0.499245
0.49924487
0.49924475
0.499245
0.49924535
0.4992451
0.4992451
0.49924487
0.49924546
0.49924523
0.4992453
0.4992451
0.4992451
0.49924487
0.49924535
0.49924463
0.49924493
0.499245
0.4992451
0.4992451
0.49924487
0.49924517
0.49924487
0.49924487
0.49924517
0.49924493
0.499245
0.49924487
0.49924505
0.499245
0.4992445
0.499245
0.49924487
0.4992451
0.4992451
0.499245
0.49924523
0.4992451
0.4992448
0.49924523
0.4992451
0.4992451
0.49924523
0.49924493
0.49924523
0.49924487
0.4992451
0.4992447
0.49924487
0.4992451
0.4992451
0.49924487
0.49924403
0.49924487
0.49924487
0.49924523
0.4992451
0.49924523
0.4992448
0.49924535
0.49924493
0.4992445
0.4992451
0.4992451
0.49924487
0.4992451
0.49924493
0.4992448
0.4992451
0.4992453
0.4992451
0.49924463
0.4992451
0.499245
0.4992451
0.49924517
0.49924558
0.49924546
0.4992453
0.49924475
0.4992451
0.49924505
0.4992445
0.49924523
0.49924463
0.49924463
0.4992445
0.49924475
0.499245
0.4992451
0.499245
0.49924523
0.49924523
0.49924523
0.4992447
0.49924487
0.49924523
0.499245
0.49924523
0.49924427
0.4992451
0.49924523
0.49924487
0.49924487
0.49924487
0.49924487
0.49924487
0.49924487
0.499245
0.49924546
0.49924487
0.49924475
0.499245
0.4992445
0.49924475
0.4992451
0.4992451
0.49924463
0.49924487
0.49924487
0.49924505
0.499245
0.4992451
0.499245
0.49924535
0.4992451
0.49924487
0.4992453
0.49924523
0.499245
0.49924487
0.49924523
0.4992451
0.49924523
0.49924517
0.49924287
0.49924487
0.4992453
0.49924487
0.49924493
0.49924523
0.49924517
0.4992451
0.49924523
0.49924523
0.49924523
0.4992445
0.4992451
0.4992451
0.49924523
0.49924487
0.49924523
0.4992448
0.49924523
0.4992445
0.4992451
0.49924517
0.49924475
0.49924493
0.49924523
0.49924487
0.4992451
0.499245
0.499245
0.4992451
0.4992448
0.49924505
0.49924517
0.49924475
0.4992451
0.499245
0.4992451
0.49924475
0.49924535
0.49924487
0.49924463
0.49924505
0.49924487
0.4992451
0.49924523
0.499245
0.49924475
0.49924546
0.4992451
0.49924523
0.499245
0.49924475
0.49924505
0.49924535
0.4992451
0.4992447
0.4992451
0.49924535
0.49924517
0.49924546
0.4992451
0.4992451
0.4992451
0.49924523
0.49924475
0.4992451
0.49924475
0.49924487
0.49924493
0.49924517
0.4992451
0.49924523
0.4992444
0.4992451
0.499245
0.49924475
0.49924487
0.499245
0.49924487
0.49924505
0.49924332
0.499245
0.499245
0.4992453
0.49924523
0.499245
0.49924558
0.49924535
0.4992448
0.49924475
0.4992451
0.4992451
0.499245
0.499245
0.499245
0.49924475
0.499245
0.4992451
0.49924493
0.499245
0.499245
0.499245
0.49924493
0.49924535
0.499245
0.49924475
0.4992451
0.4992453
0.49924487
0.49924523
0.49924523
0.4992451
0.49924535
0.499245
0.4992448
0.49924523
0.499245
0.4992451
0.49924517
0.49924493
0.49924505
0.49924523
0.499245
0.499245
0.49924463
0.499245
0.4992451
0.49924505
0.499245
0.499245
0.49924463
0.499245
0.49924463
0.49924517
0.499245
0.49924487
0.499245
0.4992451
0.49924487
0.49924463
0.4992451
0.499245
0.49924517
0.499245
0.4992447
0.49924475
0.499245
0.49924487
0.49924487
0.499245
0.49924463
0.4992451
0.4992451
0.49924523
0.49924523
0.4992453
0.49924523
0.49924546
0.4992451
0.4992453
0.4992448
0.49924505
0.49924505
0.49924523
0.4992451
0.49924493
0.49924487
0.49924523
0.49924535
0.49924475
0.49924517
0.49924523
0.49924546
0.49924523
0.49924445
0.4992445
0.49924493
0.49924523
0.49924523
0.49924487
0.49924445
0.49924487
0.49924505
0.49924475
0.4992451
0.49924475
0.49924517
0.49924457
0.4992453
0.49924517
0.49924517
0.4992451
0.49924523
0.4992448
0.49924487
0.4992451
0.499245
0.4992453
0.4992451
0.499245
0.49924487
0.49924523
0.4992451
0.49924523
0.499245
0.49924535
0.4992451
0.49924487
0.49924487
0.4992451
0.4992451
0.4992444
0.4992451
0.4992451
0.49924463
0.499245
0.49924493
0.49924493
0.49924546
0.49924493
0.49924463
0.49924517
0.4992451
0.49924487
0.499245
0.49924523
0.49924487
0.499245
0.49924475
0.4992451
0.49924487
0.4992445
0.49924523
0.4992444
0.4992451
0.499245
0.4992451
0.499245
0.4992453
0.4992448
0.4992451
0.4992454
0.49924493
0.49924517
0.49924523
0.4992451
0.4992451
0.4992457
0.49924606
0.499245
0.4992445
0.4992445
0.49924487
0.49924475
0.4992451
0.49924505
0.49924523
0.49924517
0.499245
0.49924535
0.499245
0.49924523
0.49924505
0.4992451
0.49924523
0.49924546
0.49924505
0.499245
0.4992451
0.4992451
0.4992451
0.49924523
0.49924523
0.49924487
0.49924523
0.499245
0.4992451
0.4992448
0.499245
0.49924475
0.49924475
0.49924517
0.499245
0.49924535
0.49924517
0.49924487
0.4992451
0.49924475
0.49924475
0.4992448
0.49924493
0.499245
0.49924546
0.49924475
0.49924523
0.49924535
0.4992451
0.499245
0.49924475
0.49924523
0.49924523
0.4992451
0.49924618
0.49924487
0.49924487
0.499245
0.4992453
0.49924535
0.499245
0.49924523
0.499245
0.49924475
0.4992451
0.49924523
0.4992451
0.49924493
0.49924475
0.49924523
0.49924487
0.49924546
0.49924523
0.49924493
0.4992451
0.49924493
0.49924523
0.49924487
0.49924523
0.49924487
0.4992445
0.49924487
0.49924517
0.49924517
0.4992451
0.499245
0.49924535
0.4992451
0.49924475
0.4992451
0.4992453
0.49924523
0.49924487
0.499245
0.49924487
0.49924487
0.49924505
0.49924487
0.49924523
0.49924487
0.49924487
0.49924487
0.49924487
0.499245
0.4992451
0.4992451
0.49924523
0.49924487
0.49924487
0.49924487
0.4992451
0.49924487
0.49924487
0.49924475
0.49924493
0.49924517
0.4992445
0.49924523
0.49924523
0.4992448
0.49924493
0.49924493
0.49924368
0.4992453
0.49924535
0.499245
0.49924535
0.499245
0.4992453
0.499245
0.49924505
0.49924523
0.4992447
0.49924535
0.49924493
0.49924475
0.4992451
0.49924463
0.499245
0.49924475
0.4992451
0.49924517
0.49924493
0.49924505
0.49924505
0.49924523
0.49924475
0.4992451
0.49924487
0.49924523
0.49924517
0.4992451
0.49924523
0.49924523
0.4992448
0.49924487
0.4992451
0.49924463
0.4992451
0.4992457
0.499245
0.499245
0.49924523
0.49924523
0.49924493
0.4992451
0.49924582
0.499245
0.4992451
0.49924535
0.4992453
0.4992448
0.4992444
0.4992448
0.499245
0.49924523
0.49924505
0.49924487
0.4992451
0.4992451
0.4992448
0.4992453
0.499245
0.49924523
0.49924475
0.499245
0.499245
0.49924517
0.49924505
0.49924487
0.49924523
0.4992451
0.49924487
0.49924356
0.49924493
0.499245
0.4992445
0.4992451
0.4992453
0.49924356
0.49924487
0.4992451
0.49924505
0.49924523
0.49924487
0.49924487
0.499245
0.49924523
0.49924463
0.4992451
0.49924535
0.4992451
0.49924523
0.49924487
0.49924517
0.4992451
0.49924523
0.4992444
0.499245
0.49924487
0.49924523
0.499245
0.4992451
0.4992451
0.4992453
0.49924523
0.49924535
0.49924487
0.49924487
0.49924487
0.49924517
0.4992451
0.499245
0.49924487
0.4992451
0.49924487
0.4992451
0.4992448
0.4992453
0.49924487
0.4992451
0.49924505
0.49924523
0.4992451
0.49924487
0.49924475
0.49924523
0.49924535
0.4992451
0.49924523
0.4992451
0.49924517
0.4992451
0.4992453
0.49924463
0.4992451
0.4992444
0.49924493
0.4992444
0.49924487
0.49924558
0.49924463
0.4992448
0.499245
0.499245
0.49924523
0.4992448
0.49924517
0.499245
0.4992457
0.499245
0.49924463
0.49924493
0.49924475
0.49924487
0.49924523
0.49924523
0.49924535
0.49924487
0.4992444
0.49924523
0.4992451
0.499245
0.4992451
0.4992451
0.49924463
0.49924523
0.49924427
0.499245
0.499245
0.4992445
0.499245
0.49924523
0.499245
0.49924487
0.49924463
0.49924475
0.49924463
0.49924523
0.4992451
0.49924475
0.49924487
0.4992453
0.49924517
0.49924487
0.4992451
0.49924487
0.499245
0.49924493
0.49924487
0.4992451
0.4992448
0.49924523
0.49924463
0.49924517
0.49924475
0.49924523
0.49924475
0.49924523
0.49924493
0.49924523
0.4992451
0.49924535
0.4992451
0.49924517
0.499245
0.49924475
0.49924517
0.49924564
0.499245
0.49924487
0.4992447
0.49924493
0.49924523
0.49924523
0.49924487
0.4992451
0.49924535
0.49924463
0.4992444
0.49924523
0.499245
0.49924517
0.49924505
0.49924487
0.499245
0.49924523
0.4992451
0.49924487
0.499245
0.499245
0.499245
0.4992451
0.4992451
0.499245
0.4992448
0.49924523
0.49924475
0.49924505
0.499245
0.4992451
0.49924487
0.49924523
0.499245
0.49924475
0.4992451
0.49924523
0.49924546
0.4992448
0.49924517
0.49924475
0.4992444
0.49924487
0.4992451
0.4992451
0.499245
0.4992451
0.49924535
0.4992453
0.49924475
0.49924493
0.499245
0.49924523
0.4992453
0.49924487
0.4992447
0.49924523
0.4992451
0.49924523
0.4992451
0.4992448
0.49924475
0.499245
0.4992451
0.49924493
0.49924535
0.49924487
0.49924523
0.49924517
0.499245
0.4992447
0.49924564
0.499245
0.49924523
0.49924505
0.49924487
0.49924523
0.49924487
0.49924517
0.4992451
0.49924523
0.49924523
0.4992445
0.49924523
0.4992448
0.4992451
0.4992451
0.49924558
0.49924493
0.4992445
0.49924523
0.49924523
0.49924523
0.49924487
0.4992451
0.4992454
0.49924493
0.49924523
0.49924487
0.499245
0.49924475
0.499245
0.4992451
0.4992451
0.499245
0.49924505
0.49924487
0.4992444
0.49924523
0.4992451
0.49924493
0.499245
0.49924487
0.499245
0.49924487
0.49924463
0.49924523
0.49924493
0.4992451
0.4992453
0.49924487
0.4992451
0.49924475
0.4992451
0.49924487
0.4992451
0.49924487
0.49924493
0.49924493
0.499245
0.49924487
0.49924535
0.49924487
0.49924505
0.4992451
0.49924523
0.4992454
0.49924487
0.4992451
0.49924517
0.49924487
0.4992451
0.49924493
0.49924517
0.499245
0.49924475
0.49924457
0.49924523
0.49924475
0.499245
0.4992451
0.49924523
0.49924475
0.49924535
0.4992451
0.49924582
0.49924487
0.499245
0.49924475
0.49924475
0.49924487
0.49924475
0.4992451
0.49924493
0.49924517
0.49924523
0.49924493
0.49924505
0.49924493
0.49924487
0.499245
0.49924523
0.4992451
0.49924523
0.49924558
0.4992451
0.49924415
0.4992448
0.49924487
0.49924523
0.49924517
0.49924535
0.49924475
0.49924505
0.49924487
0.499245
0.49924535
0.499245
0.49924535
0.49924493
0.4992451
0.49924493
0.499245
0.49924475
0.49924392
0.49924445
0.4992453
0.4992451
0.49924535
0.49924505
0.4992451
0.49924523
0.499245
0.49924487
0.49924487
0.49924332
0.49924505
0.49924535
0.49924427
0.49924463
0.4992454
0.49924475
0.49924523
0.499245
0.4992448
0.49924535
0.49924493
0.49924523
0.49924487
0.49924546
0.49924523
0.49924487
0.499245
0.49924487
0.4992451
0.4992447
0.4992451
0.49924487
0.49924523
0.4992447
0.4992448
0.49924487
0.49924558
0.49924523
0.4992451
0.49924523
0.49924493
0.49924487
0.49924475
0.49924475
0.49924523
0.4992451
0.49924487
0.4992447
0.49924487
0.49924487
0.499245
0.4992453
0.49924487
0.49924463
0.49924535
0.49924463
0.49924463
0.49924517
0.4992453
0.49924493
0.499245
0.4992448
0.49924475
0.49924523
0.49924505
0.4992451
0.499245
0.4992448
0.49924523
0.4992451
0.49924505
0.49924463
0.4992454
0.499245
0.499245
0.49924517
0.49924535
0.4992453
0.49924523
0.49924487
0.49924487
0.4992451
0.49924505
0.499245
0.49924487
0.4992454
0.49924487
0.49924475
0.49924523
0.4992451
0.4992451
0.49924487
0.49924505
0.4992448
0.4992451
0.4992448
0.4992451
0.49924564
0.4992451
0.4992451
0.49924517
0.4992448
0.49924517
0.49924564
0.49924523
0.49924523
0.4992451
0.49924523
0.49924576
0.49924463
0.499245
0.4992451
0.4992451
0.49924517
0.49924487
0.499245
0.49924487
0.4992451
0.49924505
0.4992451
0.4992447
0.49924505
0.49924523
0.49924487
0.49924773
0.49924487
0.49924505
0.49924445
0.4992454
0.49924445
0.4992451
0.499245
0.499245
0.49924523
0.4992451
0.4992451
0.49924517
0.49924505
0.49924546
0.4992453
0.49924487
0.4992451
0.49924475
0.4992451
0.49924523
0.49924493
0.49924487
0.49924523
0.499245
0.4992451
0.49924535
0.4992451
0.49924487
0.499245
0.49924463
0.49924523
0.4992451
0.49924493
0.49924523
0.499245
0.49924493
0.49924535
0.49924523
0.4992451
0.49924475
0.49924487
0.49924493
0.49924475
0.49924487
0.49924505
0.49924517
0.49924487
0.4992445
0.499245
0.49924517
0.49924475
0.49924505
0.49924558
0.49924558
0.4992451
0.4992453
0.49924493
0.499245
0.49924475
0.49924523
0.49924523
0.49924535
0.499245
0.499245
0.49924523
0.49924523
0.49924475
0.4992444
0.4992453
0.49924546
0.4992453
0.4992451
0.49924505
0.4992445
0.4992451
0.4992451
0.4992451
0.49924517
0.49924517
0.499245
0.49924487
0.49924666
0.49924523
0.49924505
0.4992448
0.49924505
0.49924463
0.4992453
0.4992451
0.499245
0.49924546
0.49924475
0.49924505
0.4992445
0.49924523
0.49924493
0.4992447
0.499245
0.49924517
0.499245
0.499245
0.49924475
0.4992451
0.49924535
0.499245
0.49924493
0.49924505
0.49924517
0.49924505
0.49924463
0.4992448
0.49924505
0.49924487
0.49924475
0.49924493
0.499245
0.49924475
0.49924505
0.4992447
0.49924523
0.4992447
0.49924487
0.4992451
0.49924463
0.49924487
0.49924487
0.4992445
0.499245
0.49924487
0.49924505
0.4992451
0.49924517
0.49924558
0.499245
0.499245
0.49924487
0.4992454
0.4992451
0.49924475
0.49924523
0.49924487
0.49924493
0.4992441
0.49924546
0.49924487
0.49924463
0.499245
0.49924463
0.49924594
0.4992451
0.49924505
0.49924487
0.4992457
0.49924463
0.4992453
0.499245
0.49924487
0.499245
0.49924535
0.49924517
0.49924523
0.49924523
0.49924505
0.499245
0.4992447
0.499245
0.499245
0.499245
0.49924535
0.4992451
0.499245
0.49924517
0.49924517
0.49924457
0.49924487
0.4992451
0.4992445
0.4992451
0.49924475
0.49924475
0.49924475
0.49924487
0.4992451
0.499245
0.49924487
0.499245
0.4992451
0.49924523
0.4992451
0.49924457
0.49924487
0.49924475
0.49924523
0.499245
0.4992451
0.4992451
0.499245
0.49924505
0.49924535
0.49924546
0.49924523
0.49924523
0.4992451
0.49924546
0.49924415
0.49924523
0.49924487
0.4992451
0.49924487
0.49924475
0.49924558
0.49924487
0.49924463
0.49924475
0.49924517
0.4992453
0.4992451
0.49924523
0.499245
0.49924463
0.499245
0.49924487
0.49924493
0.4992451
0.4992451
0.49924487
0.49924493
0.4992451
0.49924475
0.49924487
0.49924505
0.4992451
0.49924505
0.49924517
0.4992451
0.49924523
0.499245
0.49924505
0.499245
0.49924475
0.4992453
0.49924475
0.4992451
0.4992447
0.49924523
0.49924535
0.49924487
0.4992448
0.4992451
0.4992451
0.49924487
0.49924415
0.499245
0.499245
0.49924493
0.49924523
0.499245
0.49924487
0.4992451
0.499245
0.4992451
0.4992448
0.4992451
0.49924487
0.49924493
0.4992451
0.49924523
0.49924505
0.499245
0.499245
0.4992451
0.49924487
0.499245
0.4992451
0.49924523
0.49924475
0.4992448
0.49924535
0.49924463
0.49924523
0.499245
0.4992451
0.49924535
0.49924523
0.4992453
0.49924523
0.4992454
0.499245
0.49924546
0.49924523
0.49924505
0.4992451
0.499245
0.4992451
0.49924475
0.4992451
0.49924535
0.499245
0.49924475
0.499245
0.49924487
0.49924487
0.49924493
0.49924523
0.49924493
0.49924523
0.4992454
0.49924523
0.4992453
0.49924463
0.49924475
0.49924535
0.499245
0.499245
0.49924505
0.49924487
0.49924475
0.49924475
0.4992451
0.49924487
0.49924523
0.49924523
0.49924487
0.499245
0.49924517
0.4992451
0.49924475
0.49924493
0.49924505
0.49924517
0.49924445
0.4992451
0.49924535
0.499245
0.4992451
0.49924487
0.49924487
0.49924487
0.49924535
0.4992451
0.49924487
0.4992451
0.49924487
0.49924487
0.49924487
0.4992451
0.4992451
0.4992451
0.4992451
0.49924546
0.49924362
0.49924475
0.49924493
0.49924505
0.49924493
0.49924487
0.4992445
0.49924535
0.499245
0.499245
0.499245
0.49924463
0.49924517
0.499245
0.49924487
0.4992448
0.49924493
0.4992451
0.49924523
0.49924487
0.4992453
0.49924487
0.499245
0.49924487
0.49924517
0.4992451
0.49924487
0.499245
0.4992451
0.49924523
0.49924487
0.4992451
0.49924523
0.49924487
0.49924505
0.49924487
0.49924517
0.49924523
0.4992451
0.499245
0.499245
0.49924487
0.4992451
0.4992451
0.4992451
0.49924523
0.49924517
0.499245
0.49924487
0.49924475
0.4992451
0.4992451
0.49924523
0.49924505
0.4992448
0.49924263
0.4992451
0.49924523
0.49924457
0.49924493
0.499245
0.4992447
0.49924535
0.4992451
0.49924475
0.49924523
0.4992451
0.4992448
0.49924487
0.49924475
0.4992451
0.49924523
0.49924523
0.49924523
0.4992453
0.49924535
0.49924523
0.4992448
0.49924487
0.49924523
0.49924517
0.49924523
0.4992447
0.4992451
0.499245
0.49924493
0.499245
0.49924487
0.499245
0.499245
0.49924558
0.49924535
0.4992447
0.49924493
0.499245
0.4992451
0.49924558
0.49924523
0.4992451
0.49924493
0.4992448
0.49924517
0.49924517
0.49924546
0.49924535
0.49924523
0.49924475
0.49924463
0.49924487
0.49924475
0.4992473
0.49924523
0.49924487
0.49924535
0.4992451
0.49924523
0.499245
0.499245
0.49924517
0.49924517
0.49924487
0.49924457
0.49924523
0.49924517
0.49924487
0.4992451
0.49924535
0.49924493
0.499245
0.49924535
0.49924523
0.49924505
0.49924523
0.4992451
0.499245
0.49924487
0.49924445
0.49924493
0.4992457
0.49924487
0.49924505
0.49924487
0.49924517
0.4992453
0.4992447
0.499245
0.49924475
0.49924457
0.499245
0.49924475
0.49924523
0.49924523
0.49924517
0.4992451
0.49924487
0.4992451
0.499245
0.49924487
0.49924493
0.49924493
0.49924535
0.4992447
0.49924576
0.4992453
0.4992448
0.49924463
0.49924523
0.499245
0.49924487
0.49924558
0.499245
0.49924493
0.49924493
0.49924475
0.49924546
0.49924517
0.49924487
0.4992451
0.4992438
0.4992451
0.49924475
0.4992448
0.4992451
0.49924535
0.4992451
0.499245
0.49924523
0.4992451
0.4992451
0.49924493
0.49924505
0.4992451
0.49924487
0.49924535
0.4992451
0.49924487
0.4992451
0.49924535
0.49924463
0.49924487
0.49924487
0.4992451
0.49924564
0.4992453
0.4992447
0.49924505
0.49924475
0.49924505
0.499245
0.4992454
0.49924487
0.49924523
0.49924523
0.49924445
0.499245
0.49924523
0.49924523
0.49924505
0.4992451
0.49924487
0.4992451
0.4992451
0.49924535
0.4992451
0.4992451
0.4992451
0.499245
0.49924523
0.49924427
0.499245
0.4992451
0.49924475
0.4992447
0.49924523
0.49924487
0.49924505
0.49924493
0.49924487
0.4992451
0.49924475
0.49924523
0.499245
0.49924505
0.499245
0.49924487
0.49924523
0.499245
0.49924517
0.49924487
0.49924523
0.4992453
0.49924463
0.4992451
0.49924517
0.4992451
0.499245
0.49924505
0.49924487
0.49924487
0.49924523
0.49924517
0.49924487
0.4992451
0.49924487
0.49924487
0.49924487
0.49924523
0.49924523
0.49924493
0.4992453
0.499245
0.4992454
0.49924505
0.49924487
0.49924493
0.4992451
0.4992451
0.49924523
0.49924725
0.499245
0.4992448
0.499245
0.49924523
0.49924457
0.49924505
0.49924523
0.49924475
0.499245
0.49924523
0.4992451
0.49924564
0.49924368
0.49924523
0.4992451
0.49924487
0.49924463
0.49924493
0.49924374
0.49924517
0.49924546
0.49924487
0.49924487
0.49924523
0.49924523
0.4992448
0.49924487
0.49924493
0.499245
0.49924523
0.49924523
0.49924487
0.4992451
0.49924523
0.4992451
0.499245
0.499245
0.4992454
0.49924487
0.49924487
0.49924535
0.499245
0.499245
0.49924487
0.49924523
0.49924517
0.49924517
0.49924558
0.49924517
0.49924487
0.49924487
0.49924493
0.49924475
0.4992448
0.499245
0.49924523
0.49924493
0.49924475
0.49924505
0.4992451
0.4992451
0.49924517
0.49924427
0.4992451
0.49924493
0.49924523
0.49924523
0.49924487
0.49924487
0.49924493
0.49924487
0.49924505
0.49924552
0.49924475
0.49924523
0.499245
0.4992451
0.49924535
0.499245
0.4992454
0.49924493
0.4992451
0.49924463
0.49924505
0.49924475
0.499245
0.4992448
0.4992451
0.49924493
0.4992445
0.49924445
0.499245
0.49924487
0.49924487
0.4992451
0.49924487
0.49924487
0.49924523
0.49924463
0.4992453
0.4992448
0.49924523
0.499245
0.49924523
0.49924523
0.49924505
0.499245
0.49924463
0.49924523
0.49924493
0.4992451
0.499245
0.4992448
0.499245
0.49924487
0.4992451
0.4992448
0.49924487
0.49924487
0.4992451
0.49924523
0.4992447
0.4992451
0.499245
0.49924505
0.499245
0.49924475
0.499245
0.499245
0.49924463
0.499245
0.49924487
0.4992451
0.49924523
0.49924463
0.4992451
0.49924487
0.49924523
0.4992451
0.49924517
0.49924558
0.49924523
0.49924487
0.49924606
0.4992444
0.4992447
0.49924505
0.499245
0.4992453
0.49924487
0.4992451
0.499245
0.4992451
0.49924505
0.49924493
0.49924523
0.499245
0.49924493
0.49924487
0.49924505
0.49924523
0.49924523
0.49924505
0.49924517
0.49924463
0.49924523
0.499245
0.49924517
0.4992451
0.4992453
0.4992448
0.49924487
0.49924487
0.49924523
0.499245
0.49924493
0.49924475
0.49924487
0.499245
0.49924558
0.499245
0.499245
0.49924392
0.499245
0.4992453
0.49924523
0.4992451
0.49924523
0.49924493
0.49924475
0.49924523
0.4992448
0.49924493
0.4992448
0.4992447
0.49924535
0.49924493
0.499245
0.49924487
0.49924535
0.4992451
0.49924517
0.4992451
0.499245
0.49924493
0.49924463
0.49924487
0.49924517
0.4992447
0.49924523
0.4992448
0.49924505
0.49924487
0.49924523
0.499245
0.4992451
0.49924523
0.4992451
0.49924523
0.49924475
0.4992451
0.4992451
0.49924487
0.49924463
0.4992451
0.4992451
0.49924487
0.49924523
0.49924487
0.4992444
0.49924487
0.4992451
0.4992448
0.49924546
0.49924523
0.49924487
0.49924487
0.49924523
0.49924457
0.49924493
0.49924487
0.49924505
0.49924487
0.49924493
0.49924517
0.49924523
0.4992451
0.499245
0.49924523
0.49924505
0.499245
0.49924457
0.49924523
0.499245
0.49924463
0.49924487
0.4992451
0.4992438
0.49924523
0.49924523
0.49924487
0.49924517
0.4992453
0.499245
0.499245
0.4992445
0.49924505
0.49924463
0.49924493
0.49924505
0.49924487
0.4992451
0.49924523
0.49924487
0.49924475
0.49924487
0.4992448
0.49924505
0.49924475
0.499245
0.49924403
0.49924463
0.4992451
0.49924487
0.49924475
0.49924487
0.499245
0.49924505
0.4992451
0.499245
0.4992451
0.4992454
0.49924487
0.49924523
0.49924594
0.49924463
0.499245
0.49924493
0.49924487
0.49924517
0.49924475
0.49924487
0.4992451
0.4992451
0.499245
0.49924535
0.4992451
0.49924487
0.4992453
0.49924487
0.4992451
0.4992451
0.49924546
0.49924487
0.49924487
0.4992451
0.49924523
0.4992451
0.4992451
0.49924487
0.49924523
0.499245
0.49924505
0.4992451
0.4992451
0.49924535
0.499245
0.499245
0.499245
0.49924523
0.4992451
0.4992451
0.49924487
0.4992445
0.4992451
0.49924713
0.49924445
0.49924546
0.49924546
0.4992451
0.49924487
0.49924535
0.49924523
0.49924487
0.49924517
0.49924523
0.499245
0.4992451
0.4992453
0.49924475
0.49924463
0.49924475
0.49924505
0.4992451
0.49924475
0.49924505
0.49924463
0.49924487
0.49924475
0.49924517
0.49924546
0.4992451
0.4992454
0.49924505
0.49924535
0.49924397
0.499245
0.49924517
0.4992448
0.4992445
0.49924487
0.49924517
0.49924493
0.4992451
0.49924487
0.49924463
0.49924487
0.4992451
0.49924475
0.49924505
0.49924546
0.49924505
0.49924415
0.49924475
0.4992451
0.4992445
0.49924505
0.49924535
0.499245
0.49924487
0.49924463
0.49924463
0.49924487
0.4992445
0.49924546
0.49924546
0.4992451
0.4992451
0.4992448
0.49924564
0.499245
0.4992451
0.499245
0.49924535
0.49924517
0.4992451
0.4992454
0.49924487
0.49924475
0.49924475
0.49924487
0.49924517
0.499245
0.499245
0.49924475
0.4992451
0.4992457
0.49924445
0.4992451
0.49924493
0.499245
0.49924487
0.49924546
0.49924505
0.49924487
0.49924523
0.499245
0.499245
0.49924546
0.499245
0.499245
0.49924463
0.49924558
0.49924523
0.49924487
0.49924487
0.49924505
0.499245
0.4992451
0.49924475
0.49924493
0.49924523
0.49924487
0.49924487
0.49924535
0.49924523
0.4992448
0.49924463
0.4992451
0.49924487
0.49924517
0.499245
0.49924535
0.4992453
0.49924505
0.4992445
0.4992451
0.49924535
0.49924475
0.49924523
0.4992457
0.4992451
0.49924558
0.4992451
0.4992451
0.4992453
0.4992451
0.49924493
0.4992451
0.499245
0.499245
0.49924535
0.4992448
0.4992451
0.499245
0.49924403
0.499245
0.49924487
0.49924493
0.49924487
0.49924505
0.49924475
0.49924487
0.499245
0.4992451
0.49924463
0.4992451
0.4992451
0.49924517
0.49924523
0.49924523
0.49924487
0.499245
0.49924403
0.4992451
0.49924505
0.4992451
0.49924427
0.499245
0.49924475
0.49924535
0.49924517
0.49924546
0.499245
0.4992451
0.49924487
0.499245
0.49924523
0.4992451
0.49924517
0.49924505
0.4992451
0.499245
0.499245
0.4992451
0.49924487
0.49924523
0.4992451
0.49924505
0.499245
0.4992451
0.49924523
0.49924523
0.49924505
0.4992451
0.49924475
0.4992451
0.4992451
0.49924523
0.4992451
0.49924535
0.49924535
0.49924535
0.4992451
0.4992447
0.49924487
0.499245
0.4992448
0.4992445
0.49924523
0.49924475
0.49924535
0.49924487
0.4992448
0.49924523
0.4992448
0.49924397
0.49924505
0.49924445
0.49924535
0.49924505
0.49924505
0.49924523
0.4992451
0.4992451
0.4992451
0.49924487
0.499245
0.49924535
0.49924487
0.49924463
0.49924487
0.4992444
0.4992451
0.499245
0.49924505
0.49924487
0.4992451
0.499245
0.49924487
0.49924582
0.4992451
0.4992447
0.49924487
0.4992457
0.49924523
0.499245
0.499247
0.4992453
0.4992447
0.49924517
0.49924427
0.49924523
0.49924487
0.4992451
0.499245
0.4992451
0.49924517
0.4992448
0.49924475
0.49924487
0.49924517
0.49924523
0.49924487
0.49924523
0.4992451
0.49924523
0.49924505
0.49924523
0.49924523
0.4992451
0.49924475
0.49924427
0.49924445
0.49924523
0.49924487
0.4992451
0.4992444
0.4992451
0.49924535
0.49924487
0.499245
0.4992447
0.49924487
0.49924487
0.499245
0.49924517
0.4992451
0.49924523
0.499245
0.49924487
0.4992451
0.49924517
0.49924535
0.49924493
0.49924487
0.49924517
0.49924487
0.4992451
0.49924505
0.499245
0.49924517
0.49924475
0.49924493
0.4992453
0.49924475
0.49924505
0.4992451
0.4992451
0.49924523
0.49924487
0.49924463
0.4992451
0.4992451
0.4992451
0.49924487
0.499245
0.49924487
0.49924493
0.499245
0.49924493
0.4992448
0.49924517
0.499245
0.4992453
0.4992448
0.49924535
0.4992451
0.49924463
0.49924523
0.49924487
0.4992451
0.49924493
0.49924535
0.4992451
0.49924505
0.4992445
0.49924487
0.49924523
0.49924493
0.49924523
0.49924505
0.49924505
0.499245
0.49924523
0.499245
0.4992451
0.49924517
0.499245
0.4992448
0.4992444
0.49924487
0.499245
0.49924523
0.49924475
0.49924523
0.49924523
0.49924505
0.49924487
0.4992453
0.4992451
0.499245
0.4992451
0.49924475
0.499245
0.4992451
0.49924463
0.49924487
0.4992451
0.49924487
0.49924415
0.49924535
0.49924535
0.49924505
0.49924505
0.49924493
0.4992453
0.49924523
0.49924463
0.499245
0.49924415
0.49924487
0.49924493
0.49924535
0.49924487
0.49924475
0.499245
0.49924475
0.49924517
0.4992451
0.49924523
0.49924523
0.49924487
0.49924535
0.49924546
0.4992451
0.49924487
0.49924505
0.49924475
0.49924523
0.49924546
0.499245
0.4992444
0.49924505
0.499245
0.499245
0.49924392
0.4992451
0.49924546
0.4992451
0.4992448
0.499245
0.4992453
0.49924475
0.49924487
0.49924564
0.49924475
0.49924487
0.4992451
0.49924457
0.499245
0.49924493
0.49924475
0.49924523
0.499245
0.49924546
0.49924493
0.49924487
0.4992453
0.49924487
0.49924523
0.4992451
0.49924535
0.4992451
0.49924505
0.4992451
0.49924493
0.49924493
0.4992451
0.4992448
0.49924535
0.49924582
0.4992451
0.49924535
0.49924475
0.4992453
0.49924463
0.4992453
0.49924427
0.49924523
0.49924493
0.4992454
0.49924523
0.4992451
0.4992448
0.49924475
0.49924415
0.49924487
0.4992451
0.49924523
0.49924505
0.4992451
0.4992451
0.49924505
0.499245
0.4992451
0.49924487
0.49924487
0.49924505
0.499245
0.499245
0.49924487
0.49924457
0.49924487
0.4992448
0.49924505
0.49924487
0.49924523
0.499245
0.499245
0.49924493
0.49924505
0.49924475
0.49924546
0.49924475
0.499245
0.4992451
0.49924487
0.499245
0.4992453
0.49924487
0.4992448
0.49924505
0.49924535
0.4992451
0.4992447
0.49924463
0.49924546
0.4992451
0.49924487
0.49924487
0.49924487
0.4992451
0.499245
0.49924517
0.49924505
0.49924523
0.4992451
0.49924523
0.4992453
0.49924493
0.49924517
0.4992453
0.49924487
0.499245
0.49924517
0.49924493
0.4992451
0.4992447
0.49924493
0.4992451
0.4992453
0.499245
0.4992448
0.4992448
0.49924475
0.499245
0.4992451
0.4992451
0.49924427
0.4992445
0.49924517
0.49924505
0.4992448
0.49924475
0.4992454
0.4992451
0.49924535
0.499245
0.49924475
0.49924463
0.49924523
0.49924523
0.4992451
0.49924535
0.4992451
0.49924463
0.49924546
0.49924594
0.4992453
0.49924493
0.49924493
0.49924487
0.4992451
0.499245
0.4992451
0.4992451
0.499245
0.4992453
0.4992451
0.49924463
0.49924523
0.499245
0.49924487
0.499245
0.49924493
0.4992451
0.49924487
0.4992451
0.4992451
0.49924475
0.499245
0.4992445
0.49924523
0.49924523
0.499245
0.4992451
0.49924487
0.49924475
0.49924523
0.49924457
0.49924523
0.4992448
0.49924487
0.49924487
0.49924505
0.4992451
0.49924535
0.4992451
0.49924463
0.49924487
0.49924523
0.49924487
0.49924517
0.4992444
0.49924493
0.4992451
0.49924523
0.4992451
0.499245
0.4992445
0.49924535
0.49924475
0.4992451
0.49924487
0.499245
0.4992451
0.49924517
0.49924493
0.49924523
0.49924475
0.49924487
0.49924517
0.49924535
0.49924523
0.49924523
0.49924505
0.4992451
0.49924523
0.49924475
0.49924475
0.49924487
0.49924487
0.4992451
0.49924475
0.49924523
0.49924493
0.49924487
0.49924493
0.49924505
0.49924552
0.499245
0.49924475
0.499245
0.4992448
0.49924523
0.49924475
0.4992451
0.49924505
0.49924487
0.49924487
0.4992451
0.49924523
0.499245
0.4992448
0.49924475
0.49924523
0.499245
0.49924457
0.499245
0.49924558
0.49924523
0.49924487
0.49924523
0.4992451
0.49924517
0.49924463
0.49924487
0.4992448
0.49924523
0.4992451
0.49924517
0.49924523
0.4992453
0.49924523
0.499245
0.49924505
0.49924487
0.49924535
0.49924523
0.49924487
0.49924535
0.49924487
0.49924487
0.499245
0.4992451
0.4992445
0.49924523
0.4992451
0.49924535
0.49924523
0.499245
0.499245
0.49924517
0.4992451
0.49924463
0.4992451
0.49924493
0.49924523
0.49924493
0.4992447
0.49924487
0.4992451
0.49924403
0.4992453
0.49924475
0.49924487
0.49924487
0.49924517
0.49924582
0.4992451
0.49924493
0.49924505
0.49924493
0.49924523
0.49924487
0.4992447
0.49924523
0.49924523
0.49924517
0.4992451
0.49924505
0.4992444
0.499245
0.4992448
0.49924546
0.49924493
0.49924517
0.49924523
0.49924672
0.49924523
0.49924493
0.49924546
0.49924535
0.499245
0.4992448
0.4992453
0.4992445
0.499245
0.49924487
0.499245
0.499245
0.49924576
0.49924523
0.4992451
0.499245
0.49924487
0.4992451
0.4992451
0.499245
0.49924546
0.49924523
0.49924552
0.49924523
0.4992451
0.49924463
0.49924487
0.499245
0.49924517
0.499245
0.49924517
0.49924594
0.4992453
0.49924487
0.49924505
0.4992451
0.49924487
0.49924487
0.49924487
0.4992451
0.49924535
0.49924535
0.499245
0.4992453
0.4992444
0.49924517
0.49924505
0.49924505
0.49924475
0.4992451
0.49924523
0.499245
0.49924523
0.49924475
0.49924475
0.4992451
0.4992448
0.499245
0.49924505
0.499245
0.49924493
0.49924475
0.49924517
0.49924535
0.49924457
0.49924487
0.499245
0.49924487
0.499245
0.4992451
0.49924487
0.49924493
0.49924487
0.4992454
0.49924487
0.499245
0.49924487
0.49924487
0.4992445
0.4992444
0.49924523
0.499245
0.49924475
0.49924517
0.49924535
0.499245
0.4992451
0.49924487
0.49924493
0.49924493
0.499245
0.49924493
0.49924475
0.49924487
0.49924523
0.49924523
0.49924493
0.49924463
0.49924475
0.4992448
0.49924523
0.49924523
0.49924517
0.49924493
0.49924517
0.4992448
0.49924487
0.49924523
0.49924493
0.4992448
0.49924517
0.49924487
0.49924523
0.49924523
0.4992453
0.49924463
0.49924475
0.49924505
0.499245
0.4992451
0.49924523
0.49924535
0.4992454
0.49924523
0.49924546
0.4992454
0.4992453
0.49924475
0.49924546
0.4992445
0.49924403
0.4992451
0.49924487
0.49924463
0.4992451
0.49924475
0.4992451
0.499245
0.49924523
0.49924523
0.49924523
0.4992451
0.49924505
0.49924535
0.49924463
0.4992451
0.49924427
0.49924487
0.49924505
0.4992451
0.49924523
0.49924523
0.499245
0.49924523
0.4992445
0.49924517
0.49924475
0.4992447
0.49924487
0.49924475
0.49924475
0.4992451
0.49924523
0.4992451
0.49924517
0.49924487
0.49924487
0.49924517
0.4992445
0.4992457
0.49924475
0.499245
0.4992451
0.49924535
0.4992451
0.4992451
0.49924487
0.49924505
0.49924463
0.499245
0.49924475
0.49924505
0.4992451
0.49924505
0.49924487
0.49924535
0.49924433
0.49924523
0.499245
0.49924523
0.499245
0.499245
0.49924487
0.49924487
0.499245
0.499245
0.49924505
0.49924487
0.49924523
0.4992453
0.49924523
0.4992451
0.4992453
0.49924523
0.49924216
0.49924517
0.49924535
0.49924523
0.49924558
0.49924523
0.49924517
0.49924523
0.4992451
0.4992445
0.499245
0.49924487
0.49924463
0.4992453
0.49924493
0.499245
0.49924493
0.49924517
0.49924517
0.499245
0.49924505
0.49924523
0.4992445
0.499245
0.499245
0.49924523
0.49924523
0.49924523
0.49924517
0.499245
0.49924523
0.49924535
0.49924517
0.49924505
0.49924505
0.4992453
0.4992451
0.49924523
0.49924493
0.49924517
0.49924523
0.49924493
0.4992451
0.49924487
0.49924535
0.49924535
0.49924487
0.49924487
0.4992451
0.4992453
0.4992451
0.49924523
0.49924487
0.49924523
0.499245
0.4992451
0.4992451
0.4992451
0.499245
0.49924517
0.4992447
0.4992442
0.499245
0.4992451
0.49924558
0.49924523
0.49924523
0.4992444
0.49924523
0.49924493
0.49924487
0.4992451
0.49924487
0.4992451
0.49924475
0.49924582
0.4992451
0.49924523
0.4992451
0.49924487
0.499245
0.4992453
0.49924517
0.49924523
0.49924475
0.49924487
0.4992454
0.4992444
0.49924546
0.49924487
0.49924493
0.4992451
0.49924517
0.49924463
0.4992453
0.49924493
0.49924487
0.49924487
0.49924517
0.4992451
0.49924493
0.499245
0.49924475
0.4992451
0.499245
0.49924403
0.49924535
0.4992451
0.499245
0.4992451
0.4992451
0.49924523
0.49924475
0.49924523
0.49924493
0.499245
0.4992445
0.4992466
0.4992451
0.49924517
0.49924535
0.49924493
0.49924552
0.49924108
0.49924523
0.499245
0.499245
0.49924505
0.49924523
0.49924546
0.49924487
0.4992445
0.49924535
0.4992453
0.49924517
0.4992453
0.49924475
0.49924535
0.4992445
0.499245
0.49924535
0.49924487
0.49924505
0.49924475
0.49924535
0.49924493
0.49924523
0.4992451
0.499245
0.4992451
0.49924487
0.4992451
0.4992453
0.49924487
0.4992444
0.49924517
0.49924517
0.49924517
0.49924546
0.4992451
0.49924475
0.49924463
0.4992451
0.499245
0.49924475
0.4992445
0.49924493
0.499245
0.4992451
0.49924517
0.49924535
0.499245
0.499245
0.49924523
0.49924487
0.4992445
0.49924487
0.49924475
0.499245
0.49924546
0.4992451
0.499245
0.4992451
0.49924523
0.49924517
0.4992453
0.49924505
0.49924523
0.49924517
0.4992451
0.49924535
0.499245
0.49924487
0.4992451
0.49924475
0.49924517
0.49924487
0.4992451
0.499245
0.4992448
0.499245
0.4992454
0.49924517
0.49924487
0.49924487
0.49924487
0.49924523
0.49924463
0.49924517
0.49924463
0.4992445
0.49924487
0.49924487
0.49924493
0.49924493
0.49924475
0.49924475
0.4992451
0.49924517
0.4992448
0.49924523
0.49924475
0.49924487
0.49924523
0.49924535
0.49924475
0.49924487
0.4992451
0.49924433
0.499245
0.4992451
0.49924487
0.49924463
0.49924505
0.49924487
0.49924487
0.49924517
0.49924463
0.4992453
0.499245
0.49924523
0.49924487
0.49924487
0.4992454
0.499245
0.4992451
0.49924487
0.49924576
0.4992451
0.49924517
0.49924493
0.4992451
0.49924505
0.499245
0.49924463
0.4992451
0.499245
0.49924535
0.499245
0.49924493
0.49924463
0.4992451
0.4992451
0.49924487
0.499245
0.49924535
0.49924487
0.49924475
0.499245
0.49924505
0.499245
0.49924487
0.49924535
0.4992451
0.499245
0.49924487
0.49924523
0.4992451
0.49924505
0.49924475
0.49924493
0.49924487
0.49924493
0.49924493
0.49924535
0.4992445
0.49924487
0.49924523
0.49924523
0.49924505
0.49924505
0.49924505
0.49924475
0.49924523
0.49924475
0.49924475
0.4992451
0.49924463
0.499245
0.4992448
0.49924487
0.49924493
0.4992451
0.49924517
0.49924475
0.49924505
0.4992451
0.4992448
0.49924487
0.49924517
0.4992451
0.499245
0.4992448
0.49924523
0.49924505
0.49924523
0.499245
0.49924475
0.49924517
0.4992453
0.4992451
0.4992453
0.49924386
0.49924517
0.499245
0.49924505
0.49924463
0.49924535
0.4992451
0.4992451
0.4992451
0.49924535
0.4992447
0.4992448
0.49924535
0.49924523
0.49924523
0.49924475
0.49924493
0.49924517
0.49924523
0.49924517
0.49924546
0.4992457
0.4992451
0.4992454
0.4992448
0.49924517
0.49924475
0.49924523
0.49924475
0.4992451
0.4992453
0.49924505
0.49924475
0.49924505
0.49924475
0.4992451
0.49924475
0.4992451
0.49924505
0.4992453
0.49924487
0.49924505
0.49924475
0.4992451
0.4992454
0.49924475
0.4992451
0.49924463
0.4992451
0.49924487
0.49924475
0.499245
0.49924475
0.49924517
0.499245
0.4992451
0.49924475
0.49924523
0.4992447
0.4992451
0.499245
0.49924475
0.4992448
0.49924558
0.49924487
0.4992451
0.4992451
0.49924546
0.49924493
0.49924505
0.4992451
0.49924535
0.49924487
0.49924523
0.49924523
0.499245
0.49924487
0.49924475
0.49924535
0.49924523
0.4992451
0.4992447
0.49924487
0.4992448
0.499245
0.499245
0.49924505
0.49924523
0.49924594
0.49924517
0.499245
0.49924487
0.49924535
0.49924505
0.49924517
0.49924523
0.49924487
0.4992451
0.4992451
0.49924517
0.49924487
0.49924487
0.4992448
0.49924487
0.49924523
0.49924523
0.4992451
0.499245
0.4992451
0.49924487
0.49924517
0.49924493
0.49924487
0.4992457
0.49924517
0.4992448
0.499245
0.49924523
0.49924588
0.49924475
0.4992457
0.49924487
0.49924558
0.4992454
0.49924505
0.49924487
0.4992451
0.49924475
0.49924517
0.4992451
0.49924517
0.49924475
0.49924517
0.499245
0.49924523
0.49924523
0.49924475
0.49924535
0.4992451
0.4992453
0.499245
0.49924517
0.499245
0.49924487
0.49924523
0.499245
0.4992451
0.4992451
0.49924505
0.49924523
0.49924523
0.49924523
0.49924475
0.499245
0.49924493
0.49924457
0.49924487
0.49924523
0.49924487
0.49924487
0.49924475
0.4992451
0.4992445
0.49924523
0.49924523
0.49924535
0.4992451
0.4992453
0.4992451
0.499245
0.49924523
0.49924487
0.49924517
0.499245
0.49924594
0.49924487
0.49924493
0.49924523
0.4992454
0.49924535
0.49924523
0.499245
0.49924505
0.4992447
0.4992427
0.49924535
0.49924493
0.4992451
0.49924475
0.49924493
0.49924487
0.49924517
0.49924493
0.49924487
0.499245
0.49924535
0.499245
0.49924505
0.49924463
0.499245
0.4992451
0.4992451
0.49924457
0.49924487
0.499245
0.49924535
0.4992451
0.49924517
0.4992448
0.49924523
0.4992451
0.4992451
0.499245
0.49924546
0.49924517
0.49924493
0.49924487
0.49924517
0.4992448
0.499245
0.49924475
0.4992451
0.499245
0.49924517
0.4992445
0.49924523
0.4992445
0.49924475
0.4992451
0.4992451
0.49924487
0.4992451
0.49924415
0.49924463
0.499245
0.4992451
0.499245
0.49924475
0.49924517
0.49924475
0.4992451
0.499245
0.499245
0.49924487
0.499245
0.49924457
0.49924487
0.49924523
0.499245
0.4992451
0.4992451
0.49924487
0.49924517
0.49924535
0.499245
0.4992451
0.499245
0.4992447
0.49924523
0.4992445
0.49924475
0.49924535
0.49924487
0.49924487
0.49924535
0.49924558
0.49924505
0.49924493
0.49924523
0.49924517
0.4992451
0.49924487
0.499245
0.499245
0.499245
0.49924523
0.4992428
0.49924523
0.49924517
0.49924546
0.4992447
0.49924475
0.499245
0.4992451
0.499245
0.49924523
0.49924523
0.49924523
0.49924505
0.49924493
0.49924535
0.49924493
0.49924517
0.499245
0.4992451
0.49924523
0.4992451
0.4992448
0.4992454
0.4992454
0.4992451
0.49924517
0.4992451
0.49924475
0.49924487
0.4992454
0.499245
0.49924487
0.49924487
0.49924535
0.4992457
0.49924523
0.4992451
0.4992442
0.4992447
0.49924505
0.49924517
0.4992445
0.499245
0.4992451
0.499245
0.4992451
0.4992441
0.49924523
0.49924505
0.499245
0.49924517
0.49924523
0.49924493
0.49924517
0.499245
0.49924487
0.49924505
0.49924493
0.49924517
0.4992451
0.49924517
0.49924493
0.499245
0.49924523
0.4992451
0.49924487
0.49924517
0.499245
0.49924475
0.49924475
0.49924523
0.49924523
0.499245
0.49924523
0.4992451
0.4992453
0.4992451
0.49924517
0.49924523
0.49924505
0.4992451
0.499245
0.49924505
0.49924487
0.49924505
0.49924505
0.4992453
0.4992457
0.4992451
0.499245
0.49924475
0.4992451
0.499245
0.4992451
0.49924517
0.4992451
0.499245
0.49924487
0.49924475
0.49924475
0.49924523
0.4992448
0.49924487
0.49924523
0.49924558
0.49924523
0.4992448
0.49924505
0.49924487
0.49924535
0.4992451
0.4992445
0.49924487
0.4992448
0.49924517
0.499245
0.49924445
0.4992445
0.49924487
0.49924535
0.49924505
0.499245
0.49924523
0.49924505
0.4992453
0.49924493
0.499245
0.499245
0.4992451
0.49924535
0.4992451
0.49924523
0.49924523
0.4992451
0.4992451
0.4992448
0.49924535
0.49924493
0.49924415
0.49924493
0.49924487
0.4992451
0.49924475
0.499245
0.49924493
0.49924523
0.4992444
0.49924505
0.4992451
0.49924487
0.49924505
0.49924523
0.49924493
0.49924463
0.4992451
0.4992451
0.499245
0.49924493
0.49924475
0.49924493
0.49924517
0.49924487
0.49924463
0.49924463
0.499245
0.49924523
0.4992451
0.49924475
0.49924535
0.4992451
0.49924594
0.4992447
0.49924523
0.49924487
0.49924475
0.49924475
0.4992448
0.49924505
0.49924523
0.499245
0.499245
0.49924546
0.4992451
0.49924457
0.49924493
0.4992448
0.499245
0.4992451
0.49924487
0.49924475
0.4992451
0.49924493
0.49924445
0.499245
0.4992451
0.499245
0.49924475
0.49924487
0.49924523
0.49924493
0.499245
0.49924344
0.49924487
0.49924493
0.49924493
0.4992454
0.4992451
0.49924463
0.49924505
0.49924546
0.49924505
0.49924523
0.499245
0.499245
0.49924487
0.4992451
0.49924535
0.4992447
0.49924523
0.49924523
0.49924558
0.49924475
0.49924523
0.49924487
0.49924558
0.4992451
0.49924445
0.4992451
0.49924523
0.4992453
0.49924463
0.4992451
0.4992451
0.49924487
0.49924535
0.49924475
0.49924493
0.49924487
0.49924487
0.49924487
0.4992448
0.49924523
0.49924493
0.49924487
0.49924487
0.499245
0.49924517
0.4992451
0.49924517
0.49924523
0.49924523
0.4992451
0.49924523
0.4992451
0.49924493
0.49924493
0.4992451
0.4992448
0.49924475
0.49924546
0.49924392
0.4992451
0.49924546
0.499245
0.49924558
0.49924523
0.49924505
0.49924487
0.499245
0.49924487
0.49924517
0.49924523
0.4992451
0.49924475
0.4992448
0.49924463
0.49924463
0.49924487
0.49924457
0.49924475
0.49924475
0.499245
0.499245
0.49924523
0.49924523
0.4992451
0.49924475
0.49924517
0.49924523
0.49924487
0.499245
0.49924552
0.499245
0.4992451
0.49924493
0.4992451
0.49924487
0.499245
0.49924475
0.4992451
0.49924505
0.49924523
0.49924523
0.49924487
0.49924505
0.49924487
0.49924487
0.49924517
0.49924487
0.499245
0.499245
0.49924475
0.49924523
0.49924523
0.49924505
0.49924505
0.49924523
0.4992451
0.49924463
0.49924487
0.4992451
0.49924523
0.49924523
0.49924523
0.49924493
0.49924505
0.49924463
0.49924517
0.499245
0.49924493
0.49924517
0.499245
0.49924487
0.49924523
0.4992453
0.4992451
0.49924487
0.49924523
0.49924475
0.499245
0.49924475
0.49924356
0.49924505
0.49924523
0.49924487
0.49924487
0.4992451
0.4992451
0.49924523
0.4992451
0.4992444
0.49924493
0.49924487
0.4992447
0.49924487
0.499245
0.49924535
0.49924463
0.4992451
0.49924523
0.49924517
0.499245
0.49924487
0.499245
0.4992454
0.499245
0.4992451
0.4992453
0.4992448
0.4992451
0.49924523
0.49924463
0.49924546
0.49924517
0.4992451
0.4992438
0.49924487
0.49924487
0.499245
0.49924523
0.4992451
0.49924517
0.49924523
0.49924523
0.49924463
0.49924523
0.4992425
0.49924523
0.49924505
0.4992447
0.4992451
0.4992451
0.4992451
0.4992451
0.49924487
0.49924463
0.49924475
0.49924487
0.49924487
0.4992448
0.499245
0.49924463
0.4992451
0.49924517
0.49924457
0.49924475
0.499245
0.4992445
0.4992451
0.499245
0.49924475
0.49924546
0.49924523
0.49924523
0.49924493
0.49924475
0.49924517
0.4992447
0.49924487
0.49924493
0.49924487
0.49924517
0.49924487
0.49924493
0.49924493
0.49924487
0.49924487
0.4992447
0.499245
0.49924487
0.49924535
0.4992451
0.4992451
0.49924558
0.4992451
0.499245
0.49924523
0.499245
0.49924523
0.4992451
0.49924487
0.49924523
0.49924546
0.49924493
0.4992451
0.4992448
0.49924505
0.4992451
0.49924475
0.499245
0.4992451
0.499245
0.49924487
0.49924523
0.49924487
0.49924475
0.49924463
0.49924505
0.499245
0.499245
0.49924523
0.49924403
0.4992451
0.49924523
0.49924505
0.499245
0.4992451
0.49924523
0.49924463
0.499245
0.49924487
0.4992451
0.499245
0.49924546
0.49924493
0.49924505
0.49924487
0.49924475
0.4992451
0.49924475
0.49924487
0.499245
0.49924505
0.49924493
0.4992451
0.49924558
0.49924487
0.49924493
0.4992448
0.499245
0.49924487
0.499245
0.49924535
0.499245
0.49924517
0.49924493
0.499245
0.4992447
0.49924445
0.49924487
0.49924517
0.49924517
0.49924493
0.4992451
0.49924475
0.49924463
0.499245
0.49924517
0.499245
0.49924546
0.4992451
0.499245
0.49924523
0.49924517
0.4992448
0.49924487
0.49924487
0.49924487
0.49924463
0.49924475
0.49924475
0.499245
0.49924535
0.499245
0.49924463
0.49924487
0.49924493
0.49924487
0.49924463
0.49924505
0.49924535
0.4992451
0.499245
0.4992448
0.49924517
0.49924487
0.4992448
0.49924523
0.49924487
0.499245
0.49924493
0.499245
0.4992453
0.49924517
0.4992451
0.49924558
0.49924505
0.49924517
0.49924523
0.4992451
0.4992451
0.4992451
0.49924493
0.4992451
0.499245
0.49924463
0.49924493
0.499245
0.49924523
0.49924517
0.499245
0.49924487
0.4992451
0.49924463
0.49924558
0.49924463
0.4992451
0.4992447
0.49924475
0.49924463
0.49924618
0.4992451
0.49924523
0.4992451
0.49924517
0.49924523
0.4992444
0.49924475
0.49924505
0.49924475
0.4992445
0.4992451
0.4992451
0.4992451
0.49924523
0.49924523
0.49924487
0.4992451
0.4992448
0.4992451
0.49924535
0.4992451
0.4992448
0.49924493
0.49924487
0.4992448
0.49924487
0.49924523
0.49924487
0.49924546
0.49924558
0.4992451
0.499245
0.49924523
0.49924523
0.49924517
0.499245
0.49924493
0.49924505
0.49924505
0.49924493
0.49924493
0.4992457
0.49924487
0.49924535
0.49924475
0.499245
0.4992451
0.49924505
0.49924475
0.49924487
0.499245
0.49924463
0.499245
0.49924487
0.49924535
0.49924475
0.499245
0.49924475
0.49924493
0.49924546
0.49924487
0.49924487
0.4992448
0.49924487
0.499245
0.49924475
0.4992451
0.4992451
0.49924493
0.49924487
0.49924523
0.4992451
0.49924487
0.499245
0.4992453
0.49924523
0.49924558
0.4992451
0.49924523
0.4992448
0.49924487
0.4992451
0.49924517
0.49924463
0.4992451
0.49924487
0.4992453
0.49924487
0.4992451
0.49924517
0.4992448
0.4992451
0.4992451
0.49924487
0.49924523
0.49924457
0.49924546
0.49924523
0.499245
0.49924493
0.499245
0.4992451
0.49924493
0.49924523
0.49924457
0.49924487
0.4992451
0.49924487
0.49924523
0.49924457
0.49924523
0.4992451
0.499245
0.49924505
0.499245
0.4992451
0.49924523
0.49924546
0.49924523
0.49924535
0.49924523
0.4992447
0.49924523
0.49924523
0.49924487
0.49924505
0.49924463
0.49924523
0.4992451
0.4992451
0.499245
0.499245
0.4992445
0.4992451
0.49924517
0.4992448
0.49924517
0.4992451
0.49924517
0.49924487
0.49924523
0.49924487
0.49924517
0.49924505
0.4992451
0.499245
0.49924493
0.499245
0.49924487
0.49924463
0.4992451
0.4992451
0.4992451
0.499245
0.49924457
0.49924535
0.49924487
0.49924523
0.49924475
0.4992451
0.499245
0.4992451
0.49924493
0.49924535
0.4992454
0.49924487
0.49924546
0.4992448
0.49924546
0.49924487
0.499245
0.4992451
0.49924487
0.49924523
0.499245
0.49924523
0.4992451
0.49924493
0.49924523
0.49924535
0.4992448
0.4992451
0.49924535
0.49924523
0.49924523
0.4992448
0.4992451
0.49924487
0.49924487
0.4992448
0.499245
0.49924493
0.4992451
0.499245
0.49924523
0.49924523
0.49924487
0.4992445
0.49924493
0.49924523
0.49924523
0.49924582
0.4992453
0.49924487
0.49924493
0.49924427
0.499245
0.49924487
0.499245
0.49924505
0.4992451
0.4992451
0.49924523
0.499245
0.49924493
0.49924475
0.4992451
0.49924558
0.49924493
0.49924517
0.49924546
0.49924523
0.49924505
0.4992453
0.49924475
0.499245
0.49924535
0.4992451
0.49924493
0.499245
0.49924523
0.49924505
0.499245
0.4992454
0.49924487
0.49924427
0.49924475
0.499245
0.4992454
0.49924517
0.499245
0.49924445
0.499245
0.4992451
0.49924487
0.4992451
0.4992451
0.4992447
0.4992451
0.499245
0.49924475
0.49924487
0.49924523
0.499245
0.4992448
0.4992451
0.49924523
0.49924505
0.49924475
0.49924487
0.49924487
0.49924475
0.499245
0.499245
0.4992451
0.499245
0.49924517
0.49924397
0.499245
0.499245
0.49924523
0.49924493
0.49924487
0.49924523
0.49924535
0.49924505
0.49924487
0.49924523
0.4992453
0.49924475
0.49924535
0.49924487
0.4992453
0.49924523
0.499245
0.49924505
0.49924493
0.49924523
0.49924487
0.49924517
0.49924517
0.4992451
0.49924523
0.49924475
0.49924505
0.49924523
0.499245
0.49924523
0.4992451
0.4992448
0.4992451
0.49924505
0.4992451
0.49924487
0.4992451
0.49924535
0.49924535
0.4992451
0.49924552
0.499245
0.49924523
0.49924517
0.49924463
0.49924523
0.49924397
0.4992451
0.4992453
0.49924523
0.49924523
0.49924523
0.49924523
0.49924546
0.49924475
0.49924475
0.499245
0.4992445
0.499245
0.49924487
0.49924505
0.4992451
0.49924487
0.49924487
0.49924535
0.49924487
0.49924505
0.49924487
0.499245
0.49924487
0.499245
0.49924493
0.4992448
0.4992444
0.4992453
0.49924487
0.49924475
0.499245
0.49924523
0.499245
0.4992447
0.4992451
0.49924487
0.49924487
0.49924546
0.49924463
0.4992451
0.4992447
0.49924523
0.49924523
0.4992453
0.49924535
0.4992451
0.4992448
0.49924523
0.49924445
0.49924487
0.4992448
0.49924475
0.49924463
0.4992451
0.4992451
0.49924475
0.49924493
0.4992447
0.4992451
0.49924523
0.4992448
0.4992447
0.49924517
0.49924487
0.4992451
0.49924487
0.49924517
0.49924564
0.49924523
0.499245
0.49924493
0.49924475
0.49924493
0.49924463
0.49924457
0.499245
0.49924493
0.49924535
0.49924487
0.49924487
0.499245
0.49924517
0.49924517
0.49924487
0.49924505
0.499245
0.49924493
0.49924505
0.49924487
0.49924523
0.49924463
0.4992445
0.49924517
0.49924487
0.49924487
0.49924535
0.49924475
0.4992453
0.49924535
0.4992451
0.49924523
0.49924523
0.499245
0.499245
0.4992447
0.49924552
0.49924505
0.4992451
0.49924493
0.499245
0.49924594
0.49924505
0.49924523
0.499245
0.49924493
0.499245
0.499245
0.49924517
0.4992451
0.49924493
0.499245
0.499245
0.499245
0.4992453
0.49924546
0.4992451
0.4992451
0.49924493
0.499245
0.499245
0.49924523
0.49924475
0.49924463
0.4992451
0.49924463
0.4992451
0.49924546
0.499245
0.49924463
0.499245
0.49924463
0.49924487
0.4992451
0.4992448
0.4992448
0.49924487
0.49924523
0.49924523
0.49924475
0.49924523
0.49924523
0.499245
0.4992451
0.4992451
0.4992453
0.49924457
0.49924487
0.49924517
0.49924463
0.499245
0.4992451
0.499245
0.49924457
0.4992451
0.49924517
0.49924487
0.49924475
0.49924517
0.4992451
0.49924535
0.49924523
0.4992453
0.49924505
0.499245
0.49924487
0.49924475
0.49924535
0.4992451
0.49924487
0.4992453
0.49924523
0.4992451
0.4992451
0.49924463
0.4992451
0.49924517
0.49924427
0.49924332
0.4992451
0.49924463
0.49924517
0.499245
0.49924523
0.49924535
0.499245
0.4992451
0.49924493
0.49924517
0.49924457
0.49924517
0.49924487
0.49924475
0.49924493
0.4992451
0.49924487
0.49924475
0.49924493
0.49924487
0.4992453
0.49924463
0.49924523
0.499245
0.4992463
0.499245
0.4992451
0.4992451
0.49924523
0.4992451
0.49924546
0.49924505
0.49924505
0.49924505
0.49924523
0.49924535
0.4992451
0.4992453
0.4992445
0.49924287
0.499245
0.499245
0.4992451
0.4992448
0.49924523
0.49924535
0.49924475
0.4992451
0.49924487
0.49924487
0.49924535
0.499245
0.49924523
0.49924535
0.4992451
0.49924487
0.49924546
0.499245
0.4992451
0.4992451
0.49924475
0.4992448
0.49924523
0.49924493
0.49924517
0.49924523
0.4992451
0.49924505
0.49924505
0.4992451
0.49924535
0.49924487
0.49924535
0.499245
0.49924487
0.49924475
0.49924517
0.4992451
0.49924642
0.4992451
0.49924523
0.49924487
0.49924523
0.4992451
0.4992451
0.49924487
0.49924475
0.4992451
0.499245
0.49924517
0.49924487
0.49924517
0.499245
0.4992445
0.4992453
0.49924475
0.49924505
0.49924487
0.49924392
0.49924475
0.499245
0.49924505
0.49924487
0.4992453
0.4992451
0.4992451
0.49924505
0.4992448
0.49924517
0.4992451
0.49924535
0.499245
0.4992451
0.49924457
0.4992448
0.49924505
0.49924475
0.49924505
0.49924493
0.49924493
0.499245
0.49924523
0.49924523
0.49924558
0.49924487
0.49924487
0.49924523
0.49924487
0.49924535
0.4992453
0.49924535
0.4992451
0.49924475
0.49924487
0.49924523
0.49924535
0.49924463
0.49924523
0.4992451
0.49924576
0.499245
0.49924535
0.4992444
0.499245
0.49924523
0.49924493
0.49924582
0.499245
0.49924463
0.4992448
0.49924493
0.4992451
0.49924517
0.4992451
0.49924535
0.4992451
0.49924517
0.4992451
0.49924517
0.4992453
0.4992453
0.499245
0.4992451
0.49924523
0.49924517
0.499245
0.4992451
0.4992453
0.499245
0.4992451
0.49924493
0.49924487
0.49924332
0.49924493
0.49924523
0.4992451
0.4992448
0.49924475
0.49924523
0.49924487
0.49924505
0.49924523
0.49924475
0.499245
0.49924517
0.499245
0.49924475
0.49924523
0.49924523
0.499245
0.499245
0.49924445
0.49924487
0.49924546
0.4992451
0.4992451
0.49924523
0.49924535
0.4992453
0.49924457
0.4992451
0.49924487
0.4992451
0.49924463
0.499245
0.49924475
0.49924487
0.499245
0.4992451
0.4992448
0.499245
0.49924493
0.49924505
0.49924487
0.4992451
0.49924505
0.49924487
0.49924535
0.4992453
0.49924475
0.49924493
0.499245
0.49924487
0.49924463
0.49924475
0.49924523
0.49924487
0.4992448
0.49924475
0.499245
0.4992451
0.49924487
0.49924505
0.499245
0.4992453
0.4992447
0.49924558
0.499245
0.4992451
0.49924487
0.49924487
0.4992445
0.49924523
0.4992445
0.49924523
0.49924523
0.4992451
0.49924493
0.49924487
0.499245
0.49924535
0.49924487
0.4992451
0.49924517
0.4992453
0.4992451
0.49924523
0.49924487
0.4992451
0.49924558
0.499245
0.49924505
0.4992451
0.4992448
0.49924523
0.4992453
0.49924463
0.49924535
0.4992448
0.499245
0.4992448
0.4992451
0.49924463
0.49924523
0.499245
0.49924505
0.499245
0.4992451
0.499245
0.49924487
0.499245
0.49924523
0.49924487
0.4992445
0.49924523
0.49924523
0.49924475
0.49924487
0.4992451
0.4992451
0.49924505
0.49924523
0.499245
0.4992451
0.49924523
0.4992447
0.49924535
0.49924505
0.4992448
0.49924505
0.4992451
0.499245
0.49924523
0.499245
0.4992448
0.49924523
0.49924487
0.49924505
0.49924487
0.4992451
0.4992448
0.49924487
0.49924475
0.49924523
0.49924487
0.49924523
0.4992451
0.499245
0.49924487
0.49924523
0.49924523
0.4992451
0.499245
0.4992441
0.4992451
0.49924523
0.499245
0.4992451
0.49924523
0.49924517
0.49924523
0.4992451
0.499245
0.49924546
0.49924487
0.499245
0.49924564
0.4992451
0.49924493
0.49924493
0.49924523
0.49924523
0.49924523
0.4992451
0.49924523
0.499245
0.4992451
0.4992432
0.4992447
0.49924487
0.499245
0.49924535
0.4992451
0.49924523
0.4992447
0.49924487
0.49924427
0.49924493
0.4992451
0.499245
0.49924523
0.49924523
0.4992451
0.49924457
0.49924487
0.49924487
0.4992448
0.49924463
0.49924493
0.49924523
0.49924487
0.49924493
0.49924475
0.4992451
0.499245
0.49924523
0.499246
0.499245
0.49924493
0.4992442
0.49924475
0.4992451
0.499245
0.49924523
0.49924523
0.49924487
0.4992451
0.49924475
0.49924493
0.49924535
0.4992448
0.4992451
0.49924505
0.49924523
0.49924523
0.49924475
0.4992451
0.49924392
0.49924487
0.49924523
0.49924523
0.499245
0.49924505
0.4992451
0.49924523
0.49924588
0.49924493
0.49924457
0.499245
0.49924475
0.4992451
0.4992448
0.49924487
0.49924475
0.499245
0.499245
0.49924487
0.4992451
0.49924475
0.49924505
0.49924487
0.4992451
0.49924523
0.499246
0.49924523
0.49924487
0.49924463
0.49924523
0.49924546
0.499245
0.4992447
0.49924523
0.499245
0.499245
0.4992444
0.49924463
0.49924505
0.4992448
0.4992454
0.49924487
0.49924487
0.4992453
0.4992445
0.49924523
0.499245
0.499245
0.49924487
0.4992451
0.49924487
0.49924487
0.49924523
0.49924517
0.4992448
0.49924523
0.499245
0.49924523
0.499245
0.49924487
0.49924487
0.499245
0.49924523
0.49924505
0.49924523
0.4992451
0.49924535
0.4992451
0.49924487
0.4992454
0.49924487
0.49924535
0.49924475
0.4992451
0.49924487
0.49924523
0.49924523
0.4992451
0.49924493
0.49924475
0.49924505
0.49924475
0.4992448
0.4992451
0.499245
0.499245
0.49924535
0.49924517
0.4992447
0.49924505
0.49924523
0.49924487
0.49924487
0.4992451
0.49924523
0.49924493
0.49924517
0.49924487
0.4992451
0.49924463
0.49924523
0.49924523
0.4992451
0.49924487
0.49924523
0.4992451
0.4992453
0.4992447
0.49924475
0.499245
0.49924523
0.49924463
0.49924523
0.4992448
0.49924523
0.49924487
0.499245
0.49924487
0.499245
0.4992451
0.49924475
0.49924505
0.49924546
0.49924487
0.4992451
0.49924523
0.4992451
0.49924523
0.49924517
0.49924433
0.49924487
0.49924523
0.49924463
0.499245
0.499245
0.4992448
0.49924535
0.49924535
0.49924403
0.4992448
0.4992453
0.499245
0.4992453
0.499243
0.49924523
0.49924552
0.49924463
0.49924475
0.499245
0.49924487
0.4992448
0.49924523
0.4992451
0.49924475
0.49924517
0.49924517
0.49924427
0.49924487
0.49924487
0.49924493
0.49924523
0.499245
0.49924523
0.49924493
0.4992451
0.4992451
0.4992451
0.49924535
0.49924475
0.49924523
0.499245
0.49924493
0.49924505
0.49924517
0.4992451
0.4992451
0.49924558
0.49924505
0.49924558
0.49924457
0.4992451
0.499245
0.49924487
0.4992463
0.49924523
0.4992451
0.49924487
0.499245
0.49924523
0.4992451
0.49924552
0.49924582
0.49924463
0.49924523
0.4992445
0.4992453
0.4992448
0.49924487
0.49924517
0.4992451
0.49924535
0.49924505
0.499245
0.499245
0.4992448
0.49924546
0.49924535
0.49924505
0.499245
0.49924523
0.4992451
0.499245
0.4992451
0.49924505
0.49924475
0.499245
0.499245
0.49924493
0.49924564
0.4992445
0.49924624
0.49924487
0.49924517
0.4992448
0.49924493
0.4992451
0.49924487
0.4992447
0.49924558
0.499245
0.4992451
0.49924523
0.49924523
0.4992451
0.49924517
0.49924505
0.49924523
0.49924523
0.49924517
0.49924487
0.49924487
0.49924493
0.4992448
0.49924535
0.49924487
0.499245
0.49924517
0.49924463
0.499245
0.49924487
0.499245
0.4992451
0.4992444
0.49924487
0.499245
0.4992451
0.49924523
0.49924535
0.49924493
0.499245
0.4992451
0.4992453
0.499245
0.49924374
0.499245
0.499245
0.4992451
0.4992447
0.49924523
0.49924558
0.49924523
0.4992447
0.4992445
0.4992451
0.499245
0.49924517
0.49924517
0.499245
0.49924558
0.49924475
0.4992453
0.499245
0.49924535
0.4992453
0.49924505
0.4992453
0.4992451
0.499245
0.4992447
0.499245
0.49924517
0.49924517
0.49924487
0.499245
0.499245
0.4992448
0.49924475
0.49924475
0.49924493
0.49924475
0.49924487
0.499245
0.49924493
0.49924535
0.4992451
0.4992451
0.4992451
0.49924487
0.4992451
0.49924517
0.4992451
0.499245
0.49924475
0.4992451
0.4992451
0.4992451
0.4992451
0.4992453
0.49924487
0.49924523
0.4992425
0.4992451
0.4992451
0.4992451
0.4992454
0.49924475
0.49924475
0.49924463
0.49924487
0.49924523
0.49924517
0.49924487
0.4992451
0.49924546
0.49924546
0.4992448
0.49924493
0.49924487
0.49924463
0.49924523
0.4992444
0.49924487
0.4992451
0.49924493
0.49924487
0.4992451
0.49924546
0.49924546
0.49924475
0.49924517
0.49924487
0.4992451
0.49924493
0.49924463
0.49924475
0.49924517
0.4992451
0.49924487
0.4992445
0.4992451
0.49924535
0.49924463
0.49924457
0.4992451
0.49924475
0.49924535
0.49924517
0.499245
0.4992448
0.49924493
0.49924493
0.49924523
0.4992451
0.49924523
0.4992451
0.49924487
0.49924487
0.49924487
0.49924475
0.49924487
0.49924523
0.49924487
0.49924523
0.49924523
0.4992451
0.49924475
0.49924517
0.49924517
0.4992451
0.49924535
0.49924487
0.49924505
0.49924505
0.49924463
0.49924487
0.49924475
0.49924505
0.49924517
0.49924487
0.4992453
0.49924523
0.49924475
0.49924546
0.49924463
0.49924493
0.49924523
0.499245
0.49924463
0.49924487
0.4992451
0.4992451
0.49924523
0.4992451
0.49924475
0.4992451
0.49924487
0.499245
0.49924463
0.49924517
0.49924433
0.49924546
0.49924523
0.49924475
0.49924523
0.49924517
0.49924487
0.4992451
0.4992451
0.49924546
0.4992451
0.49924523
0.49924487
0.4992451
0.499245
0.49924487
0.4992445
0.4992451
0.49924523
0.49924523
0.4992451
0.49924523
0.49924475
0.49924487
0.4992451
0.49924523
0.49924535
0.49924487
0.49924386
0.49924505
0.49924487
0.49924475
0.49924523
0.49924493
0.4992444
0.49924493
0.4992451
0.4992445
0.499245
0.4992457
0.4992448
0.49924505
0.4992451
0.49924535
0.499245
0.4992451
0.49924487
0.49924463
0.49924505
0.49924517
0.499247
0.49924427
0.499245
0.49924505
0.499245
0.49924475
0.49924487
0.49924475
0.49924487
0.49924487
0.49924493
0.49924535
0.49924517
0.499245
0.49924487
0.49924523
0.49924487
0.4992448
0.4992451
0.4992448
0.4992451
0.49924487
0.49924475
0.4992445
0.49924535
0.49924475
0.499245
0.49924523
0.49924523
0.49924523
0.49924523
0.49924487
0.499245
0.49924463
0.4992445
0.49924517
0.49924505
0.49924523
0.4992444
0.49924463
0.4992451
0.49924535
0.49924487
0.49924523
0.499245
0.49924535
0.499245
0.49924487
0.4992451
0.4992451
0.499245
0.4992451
0.49924475
0.49924505
0.499245
0.49924403
0.49924523
0.49924535
0.49924523
0.49924523
0.49924493
0.49924487
0.499245
0.49924493
0.4992444
0.49924487
0.49924487
0.49924505
0.49924487
0.49924475
0.4992448
0.49924493
0.49924457
0.4992448
0.499245
0.4992451
0.499245
0.4992453
0.4992451
0.49924487
0.49924523
0.4992453
0.49924523
0.4992451
0.49924523
0.49924523
0.49924546
0.499245
0.49924487
0.49924505
0.499243
0.49924487
0.49924487
0.4992447
0.4992451
0.49924475
0.49924517
0.4992451
0.49924487
0.4992448
0.49924523
0.49924487
0.49924523
0.49924505
0.49924505
0.49924558
0.49924517
0.4992451
0.4992451
0.49924517
0.4992451
0.49924523
0.4992448
0.4992453
0.49924475
0.49924523
0.49924487
0.49924517
0.499245
0.49924535
0.49924535
0.49924505
0.4992451
0.49924523
0.49924523
0.49924517
0.49924475
0.4992451
0.49924493
0.4992453
0.49924487
0.4992451
0.49924606
0.499245
0.49924535
0.49924523
0.4992451
0.499245
0.4992447
0.49924535
0.4992451
0.49924493
0.49924535
0.499245
0.49924517
0.4992445
0.49924523
0.49924546
0.49924493
0.49924493
0.49924475
0.499245
0.49924523
0.499245
0.4992451
0.49924475
0.4992447
0.49924523
0.4992451
0.49924517
0.49924523
0.499245
0.49924535
0.49924493
0.49924475
0.49924546
0.4992448
0.49924487
0.499245
0.4992451
0.49924517
0.49924487
0.49924475
0.49924523
0.499245
0.4992447
0.4992451
0.49924487
0.49924487
0.49924493
0.4992454
0.499245
0.49924487
0.4992453
0.499245
0.49924427
0.4992454
0.4992453
0.499245
0.49924433
0.49924517
0.49924475
0.49924546
0.4992442
0.49924505
0.49924535
0.49924487
0.49924523
0.49924517
0.49924517
0.499245
0.499245
0.49924475
0.49924505
0.49924505
0.4992451
0.4992451
0.4992453
0.49924475
0.49924517
0.49924427
0.4992451
0.4992451
0.49924487
0.49924487
0.49924546
0.4992451
0.49924505
0.4992445
0.49924487
0.4992451
0.4992451
0.4992448
0.49924523
0.49924487
0.4992447
0.49924523
0.49924487
0.49924523
0.4992448
0.499245
0.49924475
0.499245
0.49924397
0.49924505
0.49924505
0.49924493
0.4992451
0.49924594
0.49924535
0.49924505
0.49924517
0.49924546
0.49924463
0.4992451
0.49924487
0.49924517
0.4992447
0.49924475
0.49924493
0.4992451
0.4992451
0.49924487
0.49924463
0.49924487
0.49924517
0.49924505
0.49924535
0.49924517
0.49924535
0.49924523
0.49924493
0.4992451
0.49924523
0.499245
0.49924523
0.4992451
0.49924487
0.4992451
0.4992453
0.49924517
0.4992451
0.49924493
0.49924505
0.4992451
0.499245
0.49924517
0.49924523
0.4992451
0.49924487
0.49924415
0.49924505
0.4992453
0.49924517
0.49924487
0.49924493
0.49924523
0.4992451
0.49924463
0.4992451
0.49924523
0.49924523
0.49924487
0.49924546
0.49924487
0.49924487
0.49924523
0.4992451
0.4992451
0.49924475
0.49924475
0.49924475
0.499245
0.49924535
0.4992451
0.4992451
0.499245
0.4992451
0.49924487
0.49924523
0.49924445
0.49924523
0.49924463
0.49924523
0.49924505
0.49924546
0.4992451
0.49924523
0.49924535
0.49924505
0.49924523
0.49924463
0.49924487
0.49924493
0.4992451
0.4992451
0.49924487
0.49924475
0.49924654
0.4992451
0.49924552
0.49924546
0.49924475
0.49924487
0.49924523
0.49924487
0.49924487
0.49924415
0.49924523
0.49924517
0.49924475
0.49924487
0.4992457
0.49924517
0.499245
0.49924475
0.49924457
0.499245
0.49924535
0.49924463
0.49924552
0.499245
0.49924523
0.49924362
0.49924487
0.49924487
0.49924487
0.4992451
0.4992448
0.49924517
0.4992447
0.49924493
0.49924535
0.499245
0.49924487
0.49924475
0.49924546
0.49924493
0.4992451
0.4992451
0.49924463
0.499245
0.499245
0.49924546
0.499245
0.49924535
0.4992451
0.499245
0.49924517
0.49924523
0.49924535
0.49924505
0.49924505
0.499245
0.49924546
0.49924487
0.4992451
0.4992451
0.49924427
0.4992447
0.49924487
0.49924517
0.4992451
0.49924487
0.49924475
0.4992453
0.499245
0.49924535
0.499245
0.49924487
0.49924487
0.499245
0.49924523
0.49924475
0.4992451
0.4992453
0.49924463
0.49924517
0.49924517
0.4992445
0.4992453
0.49924505
0.49924558
0.49924535
0.4992447
0.49924505
0.499245
0.4992451
0.49924487
0.499245
0.49924523
0.499245
0.49924523
0.49924427
0.49924487
0.49924505
0.4992454
0.49924523
0.49924493
0.49924517
0.499245
0.49924487
0.49924523
0.499245
0.4992451
0.49924517
0.49924487
0.499245
0.4992397
0.49924546
0.49924517
0.49924463
0.49924463
0.49924517
0.49924523
0.49924463
0.49924523
0.49924493
0.49924505
0.499245
0.49924517
0.4992451
0.49924535
0.4992454
0.49924535
0.49924487
0.49924475
0.4992451
0.49924487
0.49924535
0.49924523
0.499245
0.499245
0.499245
0.49924523
0.4992451
0.49924517
0.49924487
0.49924475
0.49924535
0.4992451
0.49924517
0.49924475
0.49924234
0.49924493
0.49924487
0.49924475
0.49924487
0.49924493
0.49924475
0.49924517
0.49924487
0.49924427
0.49924487
0.49924523
0.49924487
0.4992451
0.49924517
0.49924517
0.49924523
0.4992451
0.499245
0.4992451
0.499245
0.49924487
0.49924558
0.4992457
0.49924523
0.4992453
0.49924517
0.49924487
0.49924415
0.499245
0.4992451
0.499245
0.49924487
0.49924535
0.499245
0.49924487
0.49924535
0.49924582
0.4992451
0.4992448
0.4992448
0.49924487
0.4992445
0.49924523
0.49924493
0.49924535
0.49924427
0.499245
0.4992453
0.4992451
0.49924535
0.499245
0.49924493
0.499245
0.4992454
0.49924535
0.49924517
0.49924475
0.49924523
0.49924576
0.499245
0.4992451
0.49924487
0.49924546
0.49924493
0.49924487
0.49924517
0.4992451
0.49924487
0.49924463
0.49924523
0.4992448
0.49924493
0.49924517
0.4992445
0.4992451
0.49924475
0.4992451
0.4992444
0.499245
0.4992448
0.49924505
0.49924523
0.4992451
0.4992451
0.49924487
0.49924463
0.4992451
0.49924487
0.49924523
0.499245
0.49924457
0.49924487
0.4992451
0.4992448
0.4992451
0.49924403
0.4992451
0.4992451
0.4992451
0.4992457
0.4992445
0.49924374
0.49924535
0.49924487
0.4992448
0.499245
0.499245
0.49924535
0.4992444
0.4992451
0.4992447
0.49924523
0.49924505
0.49924487
0.499245
0.49924475
0.499245
0.4992451
0.49924487
0.4992451
0.4992451
0.49924487
0.49924475
0.499245
0.49924445
0.4992451
0.499245
0.49924523
0.49924523
0.49924523
0.4992451
0.49924588
0.4992451
0.49924475
0.499245
0.49924505
0.4992454
0.4992451
0.49924582
0.4992451
0.49924523
0.49924493
0.49924475
0.49924523
0.49924475
0.499245
0.49924523
0.4992445
0.4992451
0.4992451
0.49924487
0.4992451
0.49924475
0.49924546
0.4992451
0.4992451
0.49924517
0.49924487
0.4992451
0.49924517
0.49924487
0.499245
0.49924487
0.4992447
0.49924487
0.49924523
0.4992451
0.49924487
0.4992451
0.4992451
0.49924487
0.499245
0.49924505
0.499245
0.4992451
0.49924535
0.499245
0.49924523
0.49924487
0.499245
0.499245
0.49924517
0.499245
0.49924517
0.49924517
0.499245
0.49924475
0.499245
0.49924487
0.499245
0.49924523
0.4992451
0.4992448
0.49924487
0.4992445
0.49924523
0.49924493
0.4992432
0.4992451
0.4992451
0.49924487
0.4992451
0.4992447
0.49924523
0.499245
0.4992451
0.499245
0.49924493
0.49924487
0.49924463
0.4992451
0.49924487
0.49924558
0.49924463
0.49924386
0.4992451
0.49924475
0.499245
0.49924517
0.499245
0.499245
0.49924475
0.4992448
0.49924523
0.49924523
0.499245
0.4992444
0.499245
0.49924493
0.49924517
0.4992451
0.49924535
0.4992447
0.499245
0.49924487
0.49924493
0.499245
0.49924523
0.49924445
0.49924487
0.49924523
0.49924487
0.4992451
0.49924487
0.4992451
0.49924523
0.49924475
0.49924493
0.49924487
0.49924493
0.49924535
0.49924523
0.49924505
0.4992453
0.49924523
0.49924523
0.4992453
0.49924493
0.49924523
0.49924505
0.499245
0.49924463
0.49924487
0.4992457
0.49924463
0.49924523
0.499245
0.49924558
0.4992445
0.499245
0.4992447
0.49924505
0.49924523
0.49924523
0.49924487
0.499245
0.49924463
0.4992447
0.49924535
0.49924487
0.499245
0.49924523
0.49924493
0.499245
0.4992451
0.4992451
0.49924493
0.49924535
0.49924487
0.49924493
0.49924505
0.49924487
0.49924374
0.49924523
0.499245
0.499245
0.4992451
0.49924475
0.49924505
0.4992451
0.499245
0.4992453
0.49924523
0.49924517
0.49924517
0.4992448
0.49924463
0.49924523
0.49924505
0.49924493
0.4992451
0.4992445
0.4992451
0.4992451
0.49924493
0.4992453
0.49924523
0.49924433
0.49924487
0.49924493
0.499245
0.49924517
0.49924487
0.499245
0.49924487
0.49924523
0.49924475
0.49924517
0.49924505
0.49924487
0.49924487
0.49924523
0.49924475
0.4992453
0.499245
0.4992453
0.49924517
0.49924523
0.49924546
0.49924475
0.49924523
0.49924523
0.49924523
0.499245
0.49924546
0.49924517
0.49924517
0.4992451
0.499245
0.49924582
0.49924493
0.499245
0.49924493
0.499245
0.4992451
0.49924535
0.49924535
0.49924493
0.499245
0.49924463
0.49924475
0.49924457
0.499245
0.49924493
0.4992454
0.49924535
0.499245
0.4992451
0.49924517
0.499245
0.4992451
0.49924523
0.49924475
0.4992451
0.49924546
0.49924523
0.499245
0.49924487
0.49924523
0.49924535
0.4992451
0.49924487
0.4992451
0.49924487
0.49924493
0.49924523
0.4992451
0.49924535
0.49924487
0.4992448
0.4992451
0.49924487
0.49924546
0.49924523
0.49924475
0.4992451
0.4992447
0.49924505
0.49924523
0.49924487
0.49924517
0.4992448
0.499245
0.49924505
0.4992451
0.499245
0.49924433
0.4992451
0.49924558
0.4992448
0.49924523
0.49924487
0.4992451
0.4992451
0.49924523
0.499245
0.49924523
0.4992451
0.49924523
0.499245
0.49924493
0.49924523
0.4992451
0.4992451
0.49924487
0.4992448
0.4992435
0.4992448
0.49924523
0.4992451
0.49924558
0.4992451
0.49924475
0.49924433
0.499245
0.49924523
0.49924517
0.4992451
0.49924546
0.49924523
0.49924517
0.4992451
0.49924517
0.499246
0.49924523
0.49924517
0.4992447
0.4992448
0.499245
0.49924517
0.49924487
0.499245
0.49924517
0.4992451
0.4992451
0.4992451
0.49924535
0.49924475
0.49924523
0.49924487
0.49924523
0.499245
0.49924523
0.49924487
0.49924517
0.4992448
0.4992451
0.499245
0.4992451
0.499245
0.49924523
0.49924535
0.4992451
0.49924487
0.499245
0.49924475
0.4992451
0.4992448
0.49924535
0.49924475
0.4992451
0.4992451
0.49924487
0.49924493
0.49924505
0.49924475
0.4992445
0.4992451
0.49924517
0.4992457
0.49924535
0.49924493
0.49924487
0.4992453
0.49924487
0.49924487
0.4992451
0.4992451
0.49924535
0.49924523
0.49924523
0.499245
0.49924475
0.49924505
0.49924493
0.4992451
0.4992444
0.499245
0.49924505
0.49924523
0.4992451
0.49924523
0.49924463
0.49924356
0.49924552
0.49924517
0.49924505
0.49924505
0.49924487
0.4992448
0.49924487
0.49924523
0.4992447
0.49924564
0.49924523
0.49924403
0.49924505
0.499245
0.49924487
0.49924523
0.49924505
0.49924487
0.49924487
0.4992451
0.499245
0.499245
0.49924487
0.4992457
0.49924505
0.49924523
0.49924427
0.49924487
0.4992451
0.49924523
0.499245
0.49924505
0.49924505
0.4992453
0.49924523
0.4992451
0.4992445
0.4992451
0.4992445
0.49924523
0.49924523
0.49924523
0.499245
0.4992445
0.49924546
0.49924523
0.49924487
0.4992451
0.4992445
0.49924517
0.4992444
0.49924517
0.4992451
0.49924356
0.49924535
0.49924505
0.49924493
0.49924487
0.4992451
0.4992451
0.4992448
0.49924487
0.49924487
0.49924487
0.49924535
0.4992454
0.49924487
0.49924463
0.49924523
0.499245
0.4992453
0.4992451
0.4992448
0.49924487
0.4992451
0.4992457
0.49924517
0.499245
0.49924523
0.49924552
0.4992451
0.49924487
0.49924487
0.499245
0.49924487
0.499245
0.4992453
0.499245
0.49924523
0.4992447
0.4992451
0.49924475
0.4992451
0.49924523
0.49924523
0.49924523
0.4992453
0.4992451
0.49924487
0.49924493
0.4992451
0.4992451
0.4992451
0.49924523
0.4992451
0.4992451
0.4992453
0.49924523
0.49924475
0.49924487
0.49924487
0.49924475
0.49924463
0.49924505
0.499245
0.49924505
0.49924487
0.4992451
0.4992445
0.49924505
0.49924517
0.4992451
0.49924487
0.49924493
0.4992451
0.499245
0.49924487
0.49924493
0.49924493
0.4992451
0.49924523
0.499245
0.49924523
0.49924487
0.49924493
0.49924517
0.4992448
0.49924523
0.49924475
0.49924552
0.49924535
0.49924517
0.49924475
0.49924475
0.49924523
0.4992451
0.4992454
0.499245
0.49924487
0.49924463
0.49924517
0.49924487
0.49924487
0.499245
0.49924475
0.49924463
0.4992451
0.4992451
0.4992451
0.49924487
0.49924523
0.499245
0.499245
0.49924523
0.4992451
0.49924487
0.49924523
0.49924475
0.499245
0.499245
0.49924535
0.4992451
0.49924487
0.49924487
0.49924505
0.49924523
0.499245
0.4992451
0.4992451
0.49924487
0.49924463
0.49924517
0.4992451
0.4992448
0.49924523
0.499245
0.4992451
0.49924523
0.4992451
0.499245
0.49924535
0.49924505
0.4992451
0.4992451
0.49924487
0.4992451
0.4992451
0.49924475
0.49924517
0.499245
0.4992444
0.49924642
0.49924517
0.499245
0.499245
0.499245
0.49924487
0.49924487
0.49924415
0.4992451
0.49924487
0.49924487
0.499245
0.4992451
0.49924493
0.499245
0.49924368
0.49924523
0.49924535
0.49924523
0.49924493
0.499245
0.49924487
0.499245
0.4992451
0.49924517
0.49924475
0.49924505
0.49924487
0.49924505
0.499245
0.49924493
0.49924493
0.4992454
0.49924475
0.49924546
0.49924487
0.499245
0.49924517
0.4992451
0.4992451
0.499245
0.499245
0.49924523
0.4992445
0.49924493
0.4992453
0.49924493
0.49924552
0.49924523
0.499245
0.49924493
0.4992451
0.4992451
0.499245
0.49924546
0.49924487
0.49924523
0.4992457
0.49924535
0.49924493
0.4992451
0.4992447
0.499245
0.4992451
0.49924535
0.49924523
0.499245
0.49924487
0.49924463
0.49924463
0.4992451
0.4992451
0.4992451
0.49924523
0.49924487
0.49924523
0.49924505
0.4992453
0.49924487
0.49924517
0.4992451
0.4992451
0.4992451
0.49924403
0.49924487
0.4992451
0.49924535
0.49924517
0.49924523
0.4992451
0.4992445
0.499245
0.49924517
0.4992451
0.49924445
0.49924493
0.499245
0.49924523
0.49924463
0.49924338
0.49924517
0.4992451
0.49924344
0.4992451
0.4992451
0.4992448
0.49924493
0.4992447
0.499245
0.49924475
0.499245
0.49924523
0.49924493
0.49924523
0.4992451
0.4992451
0.4992451
0.4992448
0.4992451
0.4992447
0.49924487
0.499245
0.4992451
0.4992451
0.499245
0.49924523
0.49924487
0.4992451
0.4992451
0.49924517
0.49924517
0.4992447
0.4992448
0.4992451
0.499245
0.4992448
0.49924487
0.499245
0.49924523
0.4992448
0.4992453
0.4992451
0.49924546
0.4992451
0.49924523
0.499245
0.4992454
0.49924493
0.499245
0.4992451
0.49924487
0.49924392
0.49924493
0.49924487
0.499245
0.49924535
0.49924523
0.49924487
0.4992448
0.499245
0.4992451
0.49924487
0.49924427
0.49924535
0.4992453
0.49924487
0.4992451
0.499245
0.49924487
0.49924523
0.499245
0.499245
0.499245
0.49924523
0.49924558
0.4992453
0.49924493
0.4992451
0.49924487
0.4992451
0.49924505
0.4992451
0.49924523
0.4992451
0.49924523
0.4992448
0.4992451
0.49924523
0.49924493
0.4992453
0.49924493
0.49924463
0.49924222
0.49924517
0.49924546
0.49924475
0.499245
0.49924463
0.499245
0.49924475
0.49924505
0.49924475
0.49924517
0.4992457
0.4992448
0.49924558
0.49924487
0.49924487
0.49924523
0.49924475
0.49924505
0.49924517
0.49924535
0.49924487
0.499245
0.499245
0.49924487
0.49924535
0.49924463
0.499245
0.4992447
0.49924523
0.499245
0.49924517
0.49924487
0.499245
0.49924487
0.499245
0.4992451
0.499245
0.49924523
0.49924535
0.499245
0.4992451
0.49924463
0.49924493
0.4992448
0.49924493
0.4992451
0.49924523
0.4992451
0.49924523
0.49924558
0.49924523
0.4992451
0.49924457
0.49924487
0.49924517
0.499245
0.499245
0.49924517
0.49924523
0.49924487
0.49924558
0.499245
0.49924517
0.4992451
0.49924535
0.49924535
0.49924487
0.49924487
0.499245
0.4992448
0.49924475
0.49924535
0.49924427
0.499245
0.49924517
0.4992445
0.49924475
0.4992451
0.4992451
0.49924493
0.499245
0.49924678
0.49924505
0.4992453
0.4992448
0.49924517
0.49924523
0.4992447
0.49924523
0.499245
0.4992451
0.49924493
0.4992453
0.49924535
0.4992451
0.49924517
0.49924535
0.49924487
0.49924523
0.49924523
0.49924517
0.49924523
0.499245
0.49924523
0.49924517
0.49924403
0.499245
0.4992451
0.49924475
0.4992453
0.49924517
0.49924487
0.4992451
0.4992453
0.49924457
0.49924523
0.49924475
0.499245
0.49924517
0.4992451
0.499245
0.4992451
0.49924523
0.4992451
0.4992453
0.49924487
0.49924517
0.49924517
0.49924523
0.499245
0.49924535
0.4992451
0.4992445
0.4992451
0.4992451
0.49924505
0.49924523
0.4992451
0.49924493
0.49924475
0.49924475
0.499245
0.49924487
0.499245
0.49924535
0.49924493
0.49924487
0.49924523
0.49924523
0.4992454
0.4992448
0.49924487
0.4992451
0.49924523
0.499245
0.49924475
0.499245
0.49924517
0.49924374
0.49924558
0.49924523
0.49924487
0.4992448
0.4992451
0.4992451
0.49924487
0.4992448
0.49924523
0.49924487
0.4992451
0.4992453
0.49924523
0.4992445
0.49924523
0.49924487
0.499245
0.49924523
0.49924517
0.49924546
0.499245
0.4992448
0.49924487
0.49924487
0.4992448
0.4992454
0.4992451
0.4992448
0.49924535
0.49924523
0.49924535
0.49924487
0.49924505
0.49924493
0.4992451
0.49924463
0.49924505
0.4992451
0.4992451
0.49924582
0.49924493
0.4992451
0.49924552
0.499245
0.499245
0.4992451
0.4992454
0.49924523
0.4992451
0.49924475
0.49924517
0.4992451
0.4992454
0.4992448
0.4992457
0.4992451
0.499245
0.49924523
0.49924535
0.49924487
0.49924523
0.4992451
0.49924535
0.49924475
0.4992453
0.4992451
0.4992451
0.499245
0.49924487
0.4992451
0.4992451
0.499245
0.49924523
0.49924487
0.499245
0.49924505
0.499245
0.499245
0.49924558
0.4992444
0.49924523
0.49924493
0.499245
0.499245
0.49924463
0.4992451
0.49924505
0.4992451
0.4992451
0.49924523
0.49924517
0.49924475
0.49924457
0.49924487
0.49924523
0.49924505
0.4992447
0.49924523
0.49924523
0.49924505
0.49924493
0.49924487
0.49924445
0.4992451
0.49924523
0.4992444
0.49924493
0.49924535
0.4992448
0.4992451
0.499245
0.499245
0.49924475
0.4992453
0.49924463
0.49924487
0.4992447
0.49924487
0.49924523
0.499245
0.4992451
0.49924517
0.4992447
0.49924487
0.4992451
0.49924487
0.49924487
0.4992451
0.4992444
0.49924475
0.49924523
0.499245
0.4992451
0.49924505
0.4992448
0.49924487
0.49924535
0.4992451
0.4992451
0.499245
0.49924487
0.49924487
0.4992451
0.4992451
0.4992451
0.49924523
0.49924517
0.49924535
0.499245
0.49924535
0.49924523
0.49924535
0.49924487
0.49924517
0.4992457
0.49924445
0.499245
0.49924546
0.49924487
0.49924475
0.4992451
0.499245
0.49924487
0.49924487
0.49924487
0.499245
0.49924457
0.49924487
0.4992448
0.49924487
0.4992444
0.4992451
0.49924487
0.49924475
0.4992451
0.49924517
0.499245
0.49924493
0.49924505
0.49924475
0.4992451
0.49924487
0.49924475
0.4992454
0.49924523
0.49924487
0.49924487
0.499245
0.4992448
0.49924493
0.4992451
0.4992451
0.49924427
0.49924523
0.49924475
0.49924535
0.499245
0.49924487
0.49924535
0.499245
0.4992448
0.4992451
0.4992448
0.49924463
0.49924535
0.49924475
0.49924475
0.49924517
0.49924463
0.49924523
0.49924487
0.49924505
0.49924523
0.4992453
0.49924535
0.499245
0.49924392
0.49924487
0.49924523
0.4992448
0.499245
0.49924487
0.49924475
0.49924535
0.4992451
0.4992444
0.4992451
0.49924505
0.4992451
0.49924546
0.4992448
0.49924523
0.49924475
0.49924392
0.4992451
0.49924535
0.49924487
0.49924487
0.49924463
0.499245
0.49924523
0.4992447
0.49924475
0.49924475
0.49924535
0.4992451
0.49924546
0.49924523
0.4992451
0.49924487
0.4992451
0.4992453
0.49924475
0.4992447
0.4992451
0.49924517
0.499245
0.49924552
0.4992442
0.49924487
0.4992451
0.49924463
0.499245
0.49924546
0.49924642
0.499245
0.49924523
0.4992451
0.49924487
0.4992438
0.49924475
0.49924523
0.4992451
0.49924463
0.4992451
0.49924493
0.49924487
0.4992451
0.49924487
0.49924493
0.49924487
0.4992451
0.49924463
0.4992451
0.49924463
0.499245
0.49924517
0.4992453
0.4992451
0.49924487
0.49924463
0.49924487
0.49924493
0.49924487
0.499245
0.49924275
0.49924535
0.49924517
0.499245
0.49924523
0.4992451
0.49924505
0.49924523
0.4992454
0.49924487
0.49924475
0.49924326
0.49924523
0.4992451
0.499245
0.49924517
0.4992451
0.49924487
0.49924463
0.49924535
0.4992453
0.49924546
0.499245
0.499245
0.49924505
0.49924463
0.49924487
0.4992451
0.49924546
0.49924463
0.499245
0.49924523
0.4992451
0.49924487
0.49924523
0.499245
0.4992451
0.49924475
0.49924493
0.49924523
0.499245
0.4992448
0.49924505
0.4992445
0.49924594
0.49924523
0.49924517
0.4992451
0.49924535
0.499245
0.49924487
0.49924487
0.49924523
0.49924523
0.4992451
0.499245
0.49924535
0.49924523
0.49924523
0.49924493
0.49924523
0.49924493
0.49924493
0.4992454
0.49924523
0.49924552
0.49924475
0.49924487
0.49924523
0.49924517
0.49924487
0.49924493
0.49924493
0.49924523
0.499245
0.4992453
0.499245
0.49924523
0.49924582
0.49924487
0.49924523
0.49924475
0.49924487
0.49924517
0.49924523
0.4992451
0.49924487
0.49924523
0.4992451
0.49924523
0.49924487
0.49924523
0.49924523
0.49924535
0.49924487
0.49924475
0.49924487
0.49924523
0.49924535
0.4992448
0.49924535
0.49924535
0.4992451
0.49924487
0.4992445
0.49924463
0.4992448
0.4992451
0.49924535
0.49924523
0.49924487
0.4992453
0.4992451
0.49924535
0.49924487
0.49924535
0.49924523
0.49924523
0.49924523
0.49924475
0.4992451
0.49924505
0.4992453
0.4992453
0.49924523
0.4992451
0.4992453
0.49924523
0.4992451
0.4992448
0.4992451
0.49924475
0.49924523
0.49924475
0.4992453
0.499245
0.49924487
0.49924517
0.49924487
0.49924487
0.499245
0.4992451
0.49924487
0.49924475
0.49924517
0.4992451
0.4992451
0.49924487
0.4992448
0.49924487
0.4992451
0.49924487
0.499245
0.49924487
0.49924487
0.49924487
0.49924493
0.499245
0.4992451
0.49924535
0.49924535
0.49924517
0.499245
0.4992451
0.4992442
0.4992451
0.49924463
0.499245
0.49924487
0.4992451
0.49924535
0.499245
0.4992451
0.49924535
0.499245
0.4992448
0.4992451
0.4992451
0.49924517
0.49924475
0.49924475
0.49924546
0.49924493
0.49924523
0.4992448
0.499245
0.4992451
0.4992451
0.49924558
0.4992451
0.49924457
0.4992448
0.4992451
0.49924523
0.499245
0.4992448
0.49924493
0.49924487
0.49924517
0.49924475
0.49924487
0.4992445
0.499245
0.49924517
0.4992448
0.49924546
0.49924487
0.49924475
0.49924463
0.4992448
0.49924523
0.4992451
0.4992451
0.49924475
0.49924558
0.49924523
0.49924475
0.4992451
0.49924517
0.49924487
0.49924487
0.49924493
0.4992451
0.49924487
0.49924487
0.49924535
0.4992451
0.4992448
0.49924475
0.49924475
0.49924517
0.4992451
0.49924535
0.49924487
0.49924546
0.49924523
0.4992451
0.49924493
0.49924618
0.49924517
0.49924445
0.49924475
0.49924523
0.49924505
0.49924535
0.49924475
0.499245
0.49924517
0.49924517
0.49924535
0.49924505
0.49924475
0.49924487
0.499245
0.4992451
0.49924535
0.49924546
0.49924475
0.49924463
0.49924535
0.49924487
0.499245
0.499245
0.49924523
0.49924487
0.4992451
0.499245
0.4992451
0.499245
0.49924517
0.499245
0.49924493
0.49924517
0.49924523
0.499245
0.49924523
0.49924535
0.499245
0.499245
0.4992453
0.4992451
0.4992444
0.4992451
0.49924523
0.49924487
0.49924475
0.499245
0.49924475
0.49924523
0.4992453
0.49924487
0.49924523
0.4992451
0.49924487
0.49924523
0.49924493
0.49924523
0.49924487
0.49924487
0.49924576
0.49924463
0.49924523
0.49924505
0.49924523
0.499245
0.49924487
0.49924493
0.49924517
0.49924517
0.4992448
0.4992451
0.4992447
0.49924475
0.4992444
0.49924517
0.49924487
0.49924493
0.4992451
0.49924523
0.49924487
0.49924487
0.4992444
0.49924594
0.49924535
0.499245
0.4992451
0.499245
0.49924535
0.4992448
0.49924487
0.49924517
0.49924487
0.499245
0.49924517
0.499245
0.49924487
0.499245
0.49924487
0.4992448
0.49924546
0.4992444
0.49924493
0.49924493
0.49924487
0.4992445
0.49924505
0.4992451
0.499245
0.49924582
0.49924517
0.4992451
0.4992453
0.49924487
0.49924493
0.49924493
0.49924487
0.49924517
0.49924523
0.4992442
0.49924415
0.499245
0.49924493
0.499245
0.49924415
0.499245
0.499245
0.49924493
0.49924487
0.49924475
0.4992451
0.49924493
0.499245
0.499245
0.4992451
0.49924487
0.49924535
0.4992454
0.49924487
0.49924487
0.4992451
0.49924535
0.49924487
0.49924546
0.4992451
0.49924493
0.4992442
0.4992451
0.49924463
0.49924517
0.49924487
0.49924517
0.49924523
0.49924487
0.49924517
0.499245
0.49924546
0.49924487
0.49924535
0.49924487
0.49924457
0.49924523
0.49924463
0.4992441
0.49924493
0.49924505
0.4992445
0.49924523
0.49924487
0.4992451
0.4992445
0.49924505
0.49924493
0.49924523
0.49924535
0.49924487
0.499245
0.499245
0.4992451
0.49924535
0.49924493
0.4992451
0.49924487
0.4992453
0.49924523
0.49924487
0.499245
0.499245
0.49924475
0.49924505
0.49924487
0.499245
0.499245
0.49924475
0.49924475
0.49924523
0.49924517
0.49924517
0.4992453
0.49924558
0.4992447
0.49924487
0.499245
0.49924505
0.499245
0.4992448
0.4992454
0.49924475
0.49924535
0.49924535
0.4992451
0.49924475
0.499245
0.499245
0.49924523
0.49924546
0.49924487
0.49924523
0.49924487
0.49924505
0.49924475
0.49924475
0.4992451
0.4992451
0.49924463
0.4992451
0.499245
0.49924523
0.49924517
0.4992451
0.49924505
0.49924487
0.49924517
0.4992451
0.49924463
0.49924523
0.49924463
0.499245
0.4992445
0.49924493
0.49924493
0.4992454
0.499245
0.49924487
0.49924535
0.49924487
0.499245
0.499245
0.49924523
0.49924493
0.49924487
0.49924487
0.49924487
0.49924558
0.49924523
0.49924463
0.49924523
0.49924517
0.49924392
0.49924487
0.49924558
0.49924523
0.49924493
0.49924475
0.49924523
0.49924523
0.4992448
0.49924487
0.4992451
0.49924487
0.4992453
0.49924505
0.49924505
0.49924517
0.49924523
0.4992451
0.49924523
0.49924493
0.499245
0.49924493
0.499245
0.4992473
0.49924487
0.49924523
0.499245
0.49924505
0.49924487
0.49924475
0.499245
0.4992445
0.4992451
0.4992457
0.4992451
0.49924535
0.49924433
0.4992448
0.4992457
0.49924523
0.49924517
0.499245
0.49924487
0.49924487
0.49924523
0.49924523
0.49924523
0.4992444
0.4992451
0.4992451
0.4992448
0.49924546
0.4992447
0.499245
0.49924505
0.499245
0.49924427
0.49924535
0.499245
0.49924487
0.49924493
0.49924487
0.49924523
0.4992451
0.49924475
0.49924505
0.4992453
0.49924523
0.49924487
0.49924523
0.49924463
0.49924517
0.499245
0.49924517
0.4992453
0.4992448
0.49924505
0.4992451
0.49924457
0.499245
0.49924487
0.49924475
0.49924546
0.49924523
0.4992448
0.4992451
0.49924475
0.4992451
0.49924517
0.499245
0.499245
0.49924523
0.49924487
0.49924475
0.4992451
0.49924505
0.49924487
0.4992451
0.49924517
0.4992451
0.49924523
0.49924523
0.49924487
0.499245
0.49924463
0.49924535
0.4992451
0.4992451
0.49924475
0.49924517
0.49924505
0.49924487
0.49924475
0.4992451
0.49924523
0.4992447
0.49924523
0.4992448
0.49924505
0.49924546
0.49924487
0.49924487
0.499245
0.4992445
0.49924493
0.49924517
0.49924546
0.49924487
0.499245
0.49924475
0.4992451
0.4992451
0.4992448
0.4992447
0.4992451
0.4992451
0.49924535
0.49924356
0.49924535
0.49924487
0.4992451
0.4992451
0.4992451
0.49924487
0.49924523
0.49924523
0.4992451
0.4992451
0.4992451
0.4992448
0.499245
0.4992451
0.49924505
0.49924487
0.49924535
0.4992451
0.4992451
0.499245
0.49924523
0.49924487
0.49924386
0.49924523
0.49924415
0.49924552
0.49924505
0.49924523
0.499245
0.49924523
0.49924523
0.4992451
0.49924523
0.49924505
0.49924505
0.4992451
0.4992451
0.49924517
0.4992448
0.4992451
0.49924463
0.4992451
0.4992451
0.49924493
0.49924475
0.49924546
0.4992454
0.49924487
0.499245
0.49924463
0.49924505
0.49924505
0.49924487
0.4992451
0.49924445
0.49924487
0.49924535
0.49924523
0.49924523
0.49924505
0.49924523
0.49924546
0.499245
0.49924505
0.49924523
0.49924487
0.4992451
0.49924552
0.4992451
0.499245
0.49924487
0.49924487
0.49924546
0.49924487
0.499245
0.4992451
0.49924523
0.4992451
0.49924475
0.49924505
0.49924535
0.49924523
0.49924487
0.49924463
0.49924523
0.49924535
0.4992451
0.49924505
0.4992451
0.4992451
0.49924523
0.49924535
0.499245
0.49924523
0.49924487
0.499245
0.4992448
0.4992451
0.4992451
0.49924523
0.49924535
0.49924487
0.499245
0.49924493
0.49924546
0.4992438
0.4992451
0.4992451
0.4992451
0.499245
0.49924475
0.49924463
0.49924535
0.49924517
0.49924427
0.49924523
0.4992451
0.49924552
0.4992451
0.4992451
0.49924517
0.49924493
0.4992451
0.49924487
0.4992432
0.499245
0.49924517
0.499245
0.49924487
0.4992447
0.49924487
0.499245
0.49924463
0.4992451
0.49924535
0.4992451
0.49924523
0.499245
0.49924487
0.4992453
0.499245
0.499245
0.49924487
0.49924493
0.4992447
0.49924517
0.49924505
0.49924523
0.49924475
0.49924517
0.4992445
0.499245
0.49924535
0.49924487
0.4992453
0.49924457
0.49924564
0.49924523
0.49924493
0.49924517
0.4992447
0.49924535
0.49924535
0.4992453
0.49924487
0.49924487
0.499245
0.49924487
0.49924475
0.4992448
0.49924493
0.499245
0.49924487
0.49924493
0.499245
0.49924546
0.49924487
0.49924517
0.49924505
0.499245
0.49924523
0.4992453
0.49924505
0.49924475
0.49924493
0.49924493
0.49924505
0.49924505
0.49924487
0.49924487
0.49924523
0.49924523
0.49924475
0.49924505
0.4992444
0.49924487
0.49924517
0.49924535
0.49924505
0.49924493
0.4992447
0.49924487
0.49924463
0.499245
0.4992451
0.49924493
0.4992451
0.4992451
0.4992447
0.49924487
0.49924535
0.499245
0.499245
0.49924457
0.49924505
0.4992451
0.49924463
0.49924535
0.49924546
0.4992451
0.4992451
0.49924475
0.49924505
0.49924493
0.4992451
0.4992451
0.4992447
0.49924523
0.4992453
0.49924475
0.49924505
0.49924517
0.49924505
0.49924523
0.49924505
0.49924487
0.49924493
0.49924493
0.49924475
0.49924523
0.49924487
0.49924487
0.49924493
0.49924475
0.499245
0.4992451
0.49924523
0.49924505
0.49924523
0.49924493
0.4992451
0.49924475
0.499245
0.49924493
0.49924493
0.49924475
0.49924493
0.49924475
0.49924523
0.49924493
0.49924523
0.4992451
0.4992448
0.499245
0.49924475
0.4992453
0.4992451
0.499245
0.4992451
0.49924535
0.49924487
0.49924523
0.49924493
0.49924523
0.49924493
0.499245
0.49924487
0.4992447
0.499245
0.49924427
0.49924475
0.49924487
0.49924475
0.4992445
0.49924475
0.49924517
0.49924475
0.4992447
0.49924523
0.49924535
0.4992451
0.4992451
0.49924487
0.4992451
0.49924535
0.49924546
0.49924493
0.49924517
0.4992448
0.49924517
0.4992454
0.49924523
0.49924523
0.4992448
0.49924463
0.49924475
0.49924487
0.49924523
0.49924517
0.4992448
0.4992451
0.4992451
0.49924463
0.49924487
0.49924475
0.499245
0.49924487
0.4992453
0.4992447
0.49924487
0.4992445
0.49924523
0.499245
0.49924523
0.499245
0.49924535
0.49924535
0.49924475
0.4992454
0.4992451
0.4992451
0.49924582
0.499245
0.49924546
0.49924523
0.4992451
0.4992448
0.49924523
0.49924517
0.49924523
0.49924523
0.49924493
0.49924487
0.49924415
0.4992451
0.4992451
0.49924505
0.4992454
0.49924487
0.49924523
0.4992448
0.49924523
0.49924523
0.4992448
0.499245
0.4992454
0.49924505
0.499245
0.4992448
0.49924463
0.4992451
0.49924523
0.4992451
0.49924523
0.49924463
0.49924523
0.49924546
0.49924517
0.49924505
0.499245
0.49924523
0.4992475
0.49924523
0.4992451
0.49924445
0.49924535
0.499245
0.49924505
0.49924487
0.49924487
0.49924487
0.499245
0.499245
0.49924618
0.49924487
0.49924487
0.4992454
0.49924475
0.49924475
0.499245
0.49924463
0.4992451
0.4992453
0.49924475
0.4992451
0.49924475
0.49924505
0.49924535
0.4992447
0.49924475
0.4992451
0.49924523
0.4992454
0.499245
0.49924487
0.49924558
0.49924523
0.4992451
0.49924487
0.49924493
0.49924517
0.49924493
0.4992445
0.49924493
0.49924523
0.49924517
0.49924517
0.49924517
0.49924487
0.49924493
0.49924487
0.49924463
0.499245
0.49924487
0.4992451
0.49924523
0.499245
0.4992463
0.49924523
0.49924523
0.49924535
0.49924487
0.49924523
0.4992451
0.49924535
0.49924505
0.499245
0.499245
0.4992451
0.49924475
0.4992448
0.49924475
0.4992451
0.49924487
0.49924517
0.4992453
0.499245
0.49924517
0.4992451
0.49924505
0.4992444
0.49924487
0.4992451
0.49924558
0.49924535
0.499245
0.49924505
0.49924487
0.49924487
0.49924475
0.49924475
0.49924493
0.4992448
0.4992451
0.49924475
0.49924517
0.49924493
0.49924535
0.49924487
0.49924523
0.49924523
0.49924523
0.49924505
0.49924463
0.49924487
0.49924523
0.49924505
0.49924505
0.49924523
0.499245
0.4992451
0.4992451
0.49924535
0.4992445
0.49924487
0.49924487
0.49924493
0.49924463
0.49924457
0.49924475
0.49924487
0.49924523
0.49924457
0.49924517
0.499245
0.49924517
0.49924517
0.49924487
0.4992451
0.4992445
0.4992451
0.499245
0.49924505
0.49924505
0.49924463
0.49924445
0.4992441
0.49924505
0.499245
0.49924505
0.49924487
0.4992451
0.49924505
0.49924523
0.49924523
0.4992451
0.499245
0.49924505
0.499245
0.49924475
0.49924535
0.49924403
0.49924523
0.49924463
0.49924517
0.49924517
0.4992451
0.49924487
0.499245
0.49924523
0.49924493
0.4992451
0.49924493
0.49924475
0.49924493
0.499245
0.499245
0.4992451
0.49924487
0.49924546
0.49924517
0.49924523
0.49924487
0.49924523
0.4992451
0.49924493
0.499245
0.4992453
0.49924487
0.4992447
0.49924463
0.49924487
0.49924487
0.49924505
0.499245
0.49924517
0.4992451
0.49924523
0.49924535
0.49924505
0.49924487
0.49924505
0.49924505
0.49924535
0.49924475
0.49924523
0.499245
0.49924487
0.49924535
0.49924535
0.49924505
0.49924517
0.49924517
0.49924463
0.49924523
0.49924523
0.49924487
0.49924463
0.4992451
0.49924505
0.49924517
0.49924535
0.49924564
0.4992451
0.4992448
0.49924523
0.49924475
0.4992451
0.49924505
0.49924475
0.49924493
0.49924493
0.499245
0.49924475
0.49924487
0.4992444
0.49924523
0.49924493
0.49924558
0.49924523
0.499245
0.4992453
0.49924523
0.49924487
0.4992448
0.4992453
0.49924546
0.499245
0.4992447
0.49924523
0.49924475
0.499245
0.4992451
0.499245
0.4992453
0.49924523
0.4992451
0.499245
0.49924487
0.4992454
0.49924517
0.4992454
0.4992445
0.49924523
0.4992451
0.49924493
0.499245
0.49924505
0.49924523
0.49924535
0.499245
0.499245
0.49924523
0.49924487
0.49924517
0.49924487
0.49924505
0.4992451
0.4992453
0.49924475
0.49924487
0.49924487
0.49924487
0.49924475
0.4992451
0.49924445
0.49924517
0.4992451
0.49924487
0.49924517
0.49924535
0.49924523
0.49924505
0.499245
0.4992445
0.49924463
0.4992448
0.4992448
0.4992445
0.49924523
0.4992447
0.49924457
0.49924475
0.49924535
0.4992453
0.4992451
0.49924552
0.4992451
0.4992453
0.49924487
0.49924517
0.4992457
0.49924493
0.49924487
0.49924517
0.499245
0.4992453
0.4992445
0.4992451
0.4992451
0.4992451
0.499245
0.4992454
0.49924558
0.499245
0.4992451
0.49924558
0.49924487
0.4992451
0.49924463
0.49924475
0.49924517
0.4992451
0.49924427
0.4992448
0.4992451
0.49924523
0.4992451
0.49924505
0.49924505
0.49924517
0.49924487
0.4992451
0.4992444
0.4992451
0.49924576
0.49924463
0.499245
0.49924403
0.4992451
0.49924505
0.49924505
0.49924493
0.49924487
0.49924493
0.49924523
0.4992451
0.499245
0.49924535
0.4992453
0.4992451
0.499245
0.49924535
0.499245
0.499245
0.4992451
0.4992444
0.49924594
0.4992451
0.49924523
0.49924487
0.49924487
0.49924487
0.4992451
0.49924487
0.49924475
0.49924463
0.49924523
0.499245
0.4992451
0.49924523
0.49924493
0.49924535
0.49924505
0.49924487
0.49924523
0.49924523
0.499245
0.49924487
0.4992453
0.499245
0.49924523
0.49924523
0.49924493
0.4992451
0.49924523
0.49924523
0.49924463
0.4992431
0.499245
0.49924493
0.49924487
0.4992445
0.49924517
0.49924487
0.49924523
0.4992451
0.49924475
0.49924523
0.49924558
0.49924487
0.499245
0.4992451
0.49924535
0.4992451
0.49924487
0.4992451
0.4992451
0.49924463
0.49924487
0.49924558
0.49924535
0.499245
0.49924475
0.4992448
0.4992453
0.49924487
0.49924517
0.49924523
0.49924517
0.49924427
0.499245
0.4992451
0.4992451
0.49924505
0.49924487
0.49924475
0.499245
0.49924493
0.49924487
0.4992451
0.49924552
0.49924523
0.499245
0.4992451
0.49924523
0.49924558
0.49924487
0.49924427
0.49924493
0.49924475
0.49924487
0.49924463
0.49924493
0.4992448
0.49924487
0.499245
0.49924487
0.499245
0.49924475
0.49924475
0.49924713
0.4992451
0.49924487
0.49924505
0.49924505
0.49924487
0.4992451
0.49924523
0.49924523
0.4992448
0.49924505
0.4992454
0.49924523
0.49924523
0.49924535
0.49924523
0.49924475
0.49924487
0.499245
0.49924505
0.49924546
0.499245
0.49924517
0.4992451
0.49924505
0.49924523
0.4992453
0.49924517
0.49924523
0.499245
0.4992454
0.49924523
0.49924415
0.49924523
0.4992451
0.49924523
0.499245
0.49924523
0.49924463
0.49924594
0.49924475
0.499245
0.49924517
0.49924505
0.49924475
0.499245
0.499245
0.4992451
0.49924523
0.499245
0.499245
0.49924487
0.4992442
0.4992451
0.49924487
0.4992451
0.49924505
0.49924487
0.49924487
0.49924493
0.4992451
0.4992451
0.49924517
0.49924606
0.49924487
0.49924487
0.499245
0.49924564
0.49924535
0.49924523
0.49924517
0.49924475
0.49924523
0.49924487
0.49924475
0.49924523
0.49924523
0.49924433
0.49924523
0.49924493
0.499245
0.49924517
0.4992451
0.49924505
0.4992451
0.49924493
0.49924493
0.499245
0.499245
0.49924523
0.49924523
0.499245
0.499245
0.4992445
0.49924487
0.49924523
0.49924517
0.4992451
0.49924558
0.49924487
0.49924523
0.49924523
0.49924493
0.49924487
0.49924535
0.49924552
0.49924517
0.49924535
0.49924523
0.49924523
0.4992448
0.49924487
0.49924517
0.4992451
0.4992451
0.49924523
0.49924487
0.499245
0.49924517
0.49924535
0.49924415
0.499245
0.4992448
0.49924505
0.4992442
0.49924487
0.49924475
0.4992445
0.4992448
0.49924523
0.49924475
0.499245
0.49924415
0.49924493
0.4992454
0.49924523
0.4992445
0.499245
0.49924475
0.4992451
0.4992451
0.49924517
0.4992451
0.49924463
0.49924517
0.4992451
0.49924535
0.499245
0.499245
0.49924487
0.499245
0.49924487
0.4992451
0.49924475
0.4992451
0.49924403
0.49924475
0.49924487
0.4992451
0.49924523
0.49924523
0.49924475
0.4992448
0.49924475
0.49924523
0.49924487
0.49924517
0.4992451
0.4992451
0.4992451
0.49924475
0.49924523
0.4992444
0.49924493
0.4992453
0.4992451
0.4992448
0.49924487
0.49924487
0.499245
0.49924475
0.4992451
0.4992451
0.49924517
0.49924535
0.49924487
0.49924523
0.4992451
0.499245
0.4992451
0.4992451
0.499245
0.4992451
0.4992448
0.4992451
0.49924475
0.49924505
0.49924523
0.4992451
0.4992451
0.49924487
0.49924487
0.49924517
0.49924487
0.49924523
0.49924523
0.49924493
0.49924505
0.4992451
0.49924523
0.49924493
0.49924523
0.499245
0.4992451
0.49924523
0.49924523
0.4992451
0.4992453
0.49924487
0.499245
0.4992453
0.49924475
0.4992451
0.499245
0.4992454
0.4992451
0.4992451
0.499245
0.49924463
0.499245
0.49924535
0.499245
0.49924463
0.49924517
0.49924523
0.4992447
0.4992448
0.49924523
0.49924487
0.4992451
0.49924475
0.49924493
0.49924558
0.49924517
0.49924475
0.4992445
0.499245
0.4992451
0.499246
0.49924505
0.49924475
0.49924505
0.49924523
0.499245
0.49924493
0.4992451
0.499245
0.4992444
0.49924535
0.4992448
0.49924487
0.499245
0.499245
0.4992453
0.4992448
0.49924517
0.4992445
0.49924523
0.499245
0.4992451
0.49924523
0.4992453
0.49924487
0.4992445
0.49924535
0.49924505
0.49924505
0.4992451
0.49924523
0.4992451
0.49924535
0.49924523
0.49924493
0.49924523
0.49924505
0.4992451
0.49924523
0.49924523
0.4992453
0.49924427
0.4992451
0.49924475
0.49924487
0.4992448
0.49924487
0.49924493
0.49924487
0.49924475
0.49924517
0.49924523
0.49924535
0.49924493
0.49924505
0.49924535
0.49924493
0.499245
0.49924523
0.4992454
0.49924517
0.49924546
0.49924493
0.499245
0.49924475
0.4992451
0.49924523
0.49924535
0.49924487
0.499245
0.49924523
0.4992451
0.4992431
0.4992453
0.49924493
0.49924368
0.49924463
0.49924517
0.4992451
0.49924523
0.4992445
0.49924463
0.4992451
0.49924475
0.4992451
0.49924517
0.49924487
0.499245
0.49924523
0.49924487
0.49924517
0.4992445
0.49924487
0.4992448
0.49924523
0.49924523
0.49924475
0.499245
0.49924505
0.49924487
0.4992438
0.49924445
0.49924475
0.499245
0.49924475
0.49924487
0.49924523
0.49924505
0.4992445
0.499245
0.49924487
0.49924463
0.49924535
0.49924505
0.4992451
0.4992473
0.499245
0.49924332
0.49924552
0.49924487
0.4992453
0.49924523
0.49924505
0.49924523
0.499245
0.49924487
0.4992451
0.49924493
0.4992451
0.49924487
0.4992451
0.49924535
0.4992451
0.49924487
0.49924523
0.49924487
0.4992453
0.49924493
0.49924535
0.49924487
0.49924517
0.49924523
0.4992447
0.49924535
0.4992451
0.49924487
0.499245
0.49924505
0.49924517
0.49924487
0.4992451
0.49924505
0.49924535
0.4992451
0.49924523
0.4992444
0.49924535
0.49924517
0.4992445
0.49924523
0.49924505
0.49924523
0.49924523
0.49924475
0.4992448
0.49924523
0.49924523
0.49924546
0.49924487
0.49924523
0.49924523
0.4992444
0.49924487
0.4992451
0.49924487
0.49924535
0.4992451
0.49924487
0.49924487
0.49924487
0.49924523
0.4992451
0.4992451
0.499245
0.4992453
0.4992451
0.49924487
0.49924493
0.499245
0.49924523
0.49924356
0.49924523
0.49924505
0.49924487
0.49924487
0.49924523
0.4992453
0.499245
0.49924493
0.4992444
0.49924487
0.49924523
0.49924517
0.4992448
0.4992451
0.4992451
0.49924427
0.4992448
0.4992448
0.49924475
0.499245
0.49924487
0.4992447
0.4992453
0.49924487
0.49924523
0.49924445
0.49924487
0.49924505
0.49924493
0.49924475
0.499245
0.49924487
0.49924475
0.49924523
0.49924493
0.4992454
0.49924523
0.4992448
0.49924558
0.4992451
0.49924493
0.49924517
0.4992447
0.4992451
0.49924475
0.49924558
0.49924493
0.49924487
0.49924463
0.4992451
0.49924535
0.49924505
0.49924427
0.499245
0.499245
0.499245
0.4992451
0.49924517
0.49924517
0.49924493
0.499245
0.49924517
0.49924523
0.49924535
0.499245
0.49924523
0.49924475
0.49924523
0.49924463
0.499245
0.49924463
0.49924487
0.499245
0.49924523
0.49924523
0.49924475
0.49924505
0.49924487
0.49924475
0.49924505
0.4992447
0.4992451
0.4992454
0.4992453
0.49924523
0.499245
0.49924487
0.49924487
0.49924475
0.49924523
0.4992451
0.49924415
0.49924475
0.499245
0.49924535
0.49924576
0.4992451
0.49924523
0.4992451
0.49924493
0.49924523
0.49924475
0.4992448
0.49924493
0.49924493
0.49924487
0.4992451
0.4992451
0.49924463
0.49924457
0.499245
0.49924535
0.49924523
0.49924523
0.499245
0.49924517
0.49924493
0.49924523
0.49924505
0.499245
0.4992451
0.49924475
0.49924487
0.4992451
0.49924517
0.49924475
0.49924487
0.4992451
0.49924487
0.49924523
0.4992451
0.49924535
0.49924487
0.49924523
0.49924618
0.49924523
0.49924517
0.49924505
0.49924546
0.49924493
0.49924517
0.4992451
0.4992451
0.49924487
0.49924487
0.49924523
0.49924523
0.4992451
0.4992451
0.4992451
0.4992451
0.49924523
0.49924487
0.4992451
0.49924535
0.49924493
0.49924493
0.499245
0.49924535
0.4992451
0.49924535
0.499245
0.49924546
0.49924517
0.49924523
0.49924523
0.49924487
0.499245
0.4992451
0.499245
0.49924505
0.4992451
0.49924475
0.49924487
0.49924517
0.4992451
0.49924493
0.499245
0.49924487
0.49924487
0.4992451
0.49924535
0.4992451
0.49924523
0.4992453
0.49924463
0.49924487
0.49924523
0.4992448
0.49924523
0.49924487
0.49924523
0.49924487
0.49924487
0.4992451
0.49924523
0.4992451
0.49924487
0.49924475
0.49924475
0.49924463
0.49924475
0.49924487
0.4992448
0.49924445
0.49924523
0.49924523
0.49924487
0.49924517
0.4992448
0.49924523
0.4992451
0.499245
0.49924493
0.49924493
0.49924546
0.49924523
0.49924535
0.49924535
0.49924505
0.4992448
0.49924493
0.4992451
0.49924505
0.49924546
0.4992447
0.49924535
0.499245
0.499245
0.49924535
0.49924517
0.49924475
0.499245
0.49924433
0.49924523
0.49924505
0.49924517
0.49924487
0.49924523
0.49924523
0.4992451
0.49924535
0.49924487
0.49924487
0.499245
0.499245
0.49924523
0.49924523
0.499245
0.49924517
0.49924487
0.49924487
0.49924505
0.4992447
0.4992451
0.4992457
0.49924517
0.499245
0.49924523
0.49924463
0.49924505
0.49924558
0.49924427
0.49924457
0.4992453
0.499245
0.4992451
0.49924463
0.499245
0.49924427
0.499245
0.49924505
0.49924523
0.49924505
0.4992451
0.49924493
0.49924523
0.49924546
0.49924475
0.4992453
0.499245
0.49924523
0.4992451
0.4992451
0.49924523
0.499245
0.49924493
0.499245
0.49924493
0.4992445
0.49924487
0.49924487
0.49924475
0.49924517
0.499245
0.4992441
0.4992451
0.4992454
0.49924487
0.499245
0.49924558
0.49924523
0.49924523
0.4992451
0.499245
0.49924523
0.49924493
0.49924535
0.49924487
0.4992451
0.4992448
0.49924487
0.49924475
0.49924505
0.499245
0.4992453
0.4992448
0.49924546
0.49924523
0.49924493
0.49924487
0.4992451
0.49924475
0.4992451
0.49924558
0.4992451
0.49924517
0.49924487
0.49924493
0.4992451
0.49924523
0.49924546
0.4992453
0.4992451
0.49924475
0.49924493
0.49924546
0.49924505
0.49924523
0.49924487
0.4992445
0.499245
0.4992428
0.49924546
0.49924546
0.49924535
0.499245
0.499245
0.4992451
0.49924523
0.499245
0.4992451
0.49924505
0.499245
0.49924493
0.49924523
0.499245
0.499245
0.49924475
0.49924487
0.49924487
0.49924523
0.49924535
0.49924505
0.49924487
0.4992448
0.49924505
0.4992451
0.49924475
0.4992451
0.49924523
0.499245
0.49924463
0.4992451
0.4992451
0.49924546
0.4992448
0.49924523
0.49924487
0.499245
0.499245
0.4992451
0.4992451
0.4992451
0.49924523
0.499245
0.499245
0.49924505
0.499245
0.4992451
0.49924517
0.49924475
0.4992445
0.49924546
0.4992453
0.499245
0.499245
0.49924535
0.49924523
0.49924487
0.49924427
0.499245
0.4992451
0.49924523
0.49924523
0.4992451
0.4992451
0.499245
0.499245
0.49924487
0.49924487
0.49924487
0.499245
0.49924535
0.49924493
0.49924517
0.49924558
0.49924535
0.49924475
0.49924517
0.4992457
0.4992448
0.49924487
0.499245
0.4992453
0.4992451
0.49924487
0.49924493
0.49924487
0.4992451
0.4992451
0.499245
0.4992444
0.49924535
0.49924487
0.499245
0.49924493
0.4992451
0.49924535
0.49924487
0.49924523
0.499245
0.49924487
0.49924493
0.49924523
0.499245
0.49924487
0.4992451
0.4992451
0.499245
0.49924535
0.49924523
0.49924487
0.49924487
0.49924475
0.49924475
0.49924487
0.4992451
0.4992448
0.49924475
0.49924594
0.49924487
0.4992444
0.49924505
0.49924487
0.4992451
0.49924523
0.49924523
0.49924463
0.4992445
0.4992448
0.4992451
0.49924523
0.4992451
0.49924517
0.49924475
0.499245
0.4992451
0.4992448
0.499245
0.499245
0.499245
0.499245
0.49924523
0.49924523
0.4992451
0.4992451
0.49924517
0.49924475
0.49924487
0.4992451
0.4992445
0.49924487
0.49924523
0.4992451
0.49924493
0.49924523
0.499245
0.4992444
0.49924475
0.49924487
0.499245
0.49924523
0.49924475
0.4992448
0.49924487
0.49924487
0.49924523
0.49924457
0.4992457
0.4992457
0.499245
0.4992445
0.49924517
0.49924487
0.4992448
0.4992451
0.49924505
0.4992451
0.49924475
0.499245
0.49924517
0.49924523
0.49924463
0.49924493
0.4992453
0.49924487
0.49924523
0.49924523
0.499245
0.49924523
0.49924487
0.49924523
0.4992418
0.4992451
0.499245
0.4992451
0.4992453
0.49924487
0.4992451
0.499245
0.499245
0.49924487
0.499245
0.4992448
0.49924487
0.499245
0.49924475
0.499245
0.49924487
0.499245
0.499245
0.4992445
0.49924487
0.49924487
0.49924523
0.499245
0.4992451
0.49924487
0.49924523
0.49924487
0.4992451
0.49924475
0.49924505
0.4992451
0.49924535
0.4992445
0.49924558
0.49924546
0.499245
0.4992451
0.499245
0.4992451
0.49924535
0.49924445
0.499245
0.4992451
0.4992448
0.4992448
0.49924487
0.49924457
0.49924487
0.49924487
0.4992454
0.4992451
0.49924535
0.49924523
0.4992451
0.4992451
0.49924463
0.49924493
0.49924523
0.4992451
0.49924487
0.4992445
0.49924505
0.4992432
0.49924523
0.49924505
0.4992451
0.49924546
0.49924505
0.49924517
0.49924505
0.49924523
0.4992451
0.49924505
0.499245
0.4992453
0.4992448
0.49924487
0.49924517
0.49924564
0.4992453
0.49924517
0.49924523
0.49924457
0.49924517
0.49924523
0.49924523
0.4992451
0.49924487
0.49924523
0.4992442
0.49924523
0.4992451
0.49924475
0.4992457
0.49924552
0.4992451
0.49924493
0.4992451
0.4992447
0.49924505
0.49924493
0.499245
0.4992448
0.499245
0.4992448
0.49924523
0.49924415
0.499245
0.499245
0.499245
0.499245
0.4992451
0.49924535
0.49924535
0.49924487
0.49924463
0.49924505
0.4992451
0.4992453
0.49924535
0.49924517
0.4992453
0.49924493
0.49924487
0.499245
0.4992451
0.49924517
0.49924606
0.49924523
0.49924505
0.49924523
0.49924493
0.4992451
0.49924505
0.49924493
0.49924487
0.49924487
0.499245
0.49924606
0.499245
0.49924535
0.499245
0.4992451
0.4992451
0.4992451
0.49924523
0.49924475
0.49924487
0.49924505
0.49924463
0.49924523
0.49924463
0.49924475
0.49924523
0.49924535
0.49924487
0.49924523
0.49924463
0.49924475
0.499245
0.4992451
0.49924535
0.49924517
0.49924487
0.49924517
0.499245
0.49924487
0.49924493
0.499245
0.49924517
0.499245
0.49924415
0.49924487
0.49924517
0.49924487
0.49924475
0.49924546
0.499245
0.49924523
0.4992453
0.499245
0.49924535
0.49924487
0.49924475
0.49924523
0.49924463
0.49924487
0.49924427
0.49924463
0.49924523
0.49924517
0.49924523
0.49924517
0.49924487
0.49924493
0.49924487
0.49924618
0.49924505
0.4992451
0.49924463
0.499245
0.4992447
0.4992451
0.4992451
0.49924546
0.4992451
0.4992451
0.49924535
0.49924523
0.4992448
0.4992451
0.49924517
0.49924493
0.49924552
0.4992451
0.499245
0.49924523
0.49924523
0.499245
0.49924523
0.499245
0.49924475
0.499245
0.4992451
0.49924546
0.49924523
0.49924523
0.499245
0.49924487
0.49924523
0.49924523
0.4992451
0.49924487
0.4992451
0.49924493
0.49924475
0.4992451
0.4992451
0.49924487
0.49924493
0.49924523
0.4992451
0.49924487
0.49924475
0.49924493
0.49924463
0.49924475
0.49924487
0.499245
0.49924523
0.4992444
0.49924523
0.4992451
0.49924535
0.49924463
0.49924517
0.4992451
0.49924475
0.49924475
0.4992453
0.49924493
0.49924463
0.49924523
0.49924523
0.499245
0.49924475
0.4992451
0.49924505
0.4992451
0.49924523
0.49924487
0.49924487
0.4992451
0.49924475
0.49924523
0.4992451
0.49924523
0.49924493
0.49924517
0.49924493
0.49924463
0.49924487
0.49924475
0.49924463
0.49924475
0.4992451
0.49924517
0.49924487
0.49924475
0.499245
0.49924523
0.49924487
0.49924535
0.49924523
0.4992444
0.499245
0.49924487
0.4992453
0.499245
0.49924535
0.49924523
0.49924475
0.499245
0.499245
0.49924517
0.49924505
0.4992451
0.4992447
0.499245
0.4992451
0.49924487
0.49924523
0.49924415
0.49924505
0.49924427
0.49924493
0.4992451
0.49924523
0.4992451
0.49924523
0.49924505
0.49924463
0.49924493
0.49924487
0.49924535
0.499245
0.499245
0.4992451
0.49924487
0.49924558
0.4992451
0.49924535
0.49924493
0.4992445
0.49924368
0.4992451
0.4992451
0.49924445
0.49924517
0.49924487
0.499245
0.49924487
0.49924487
0.49924493
0.49924535
0.49924523
0.4992451
0.49924445
0.499245
0.499245
0.4992448
0.49924535
0.49924523
0.4992447
0.49924505
0.4992451
0.4992457
0.49924487
0.4992451
0.49924535
0.49924517
0.499245
0.499245
0.49924523
0.49924475
0.4992451
0.499245
0.49924523
0.49924463
0.4992451
0.49924505
0.49924505
0.4992451
0.49924523
0.4992451
0.49924523
0.49924517
0.49924487
0.4992457
0.49924505
0.49924523
0.499245
0.49924487
0.49924523
0.49924517
0.49924475
0.4992451
0.4992451
0.49924517
0.49924487
0.49924523
0.499245
0.49924475
0.499245
0.499245
0.49924487
0.49924487
0.4992454
0.499245
0.4992451
0.49924326
0.49924517
0.4992451
0.49924487
0.49924475
0.49924475
0.49924487
0.4992451
0.49924517
0.49924475
0.499245
0.49924505
0.49924487
0.4992451
0.49924475
0.49924517
0.4992451
0.499245
0.49924535
0.49924463
0.49924487
0.49924523
0.4992445
0.499245
0.499245
0.49924517
0.49924487
0.49924487
0.49924487
0.499245
0.499245
0.49924552
0.499245
0.4992447
0.49924523
0.49924523
0.49924505
0.4992451
0.49924535
0.499245
0.49924487
0.499245
0.4992444
0.4992451
0.49924546
0.49924523
0.4992451
0.499245
0.49924535
0.4992451
0.49924493
0.49924523
0.49924535
0.49924535
0.499245
0.49924523
0.4992447
0.49924493
0.4992451
0.49924487
0.49924305
0.4992451
0.4992451
0.49924493
0.4992451
0.499245
0.49924475
0.49924463
0.499245
0.499245
0.49924523
0.49924546
0.4992451
0.499245
0.49924487
0.4992451
0.4992451
0.49924523
0.49924463
0.49924487
0.49924475
0.49924487
0.49924523
0.49924403
0.49924517
0.49924493
0.49924535
0.49924487
0.4992451
0.4992453
0.49924487
0.49924475
0.4992453
0.49924564
0.49924487
0.49924535
0.49924487
0.49924523
0.49924487
0.49924505
0.499245
0.49924505
0.49924487
0.49924487
0.4992454
0.49924493
0.49924523
0.4992445
0.4992451
0.49924505
0.49924487
0.4992448
0.4992451
0.49924487
0.49924392
0.49924475
0.49924523
0.4992451
0.49924517
0.4992451
0.4992451
0.4992451
0.49924487
0.49924493
0.49924523
0.4992451
0.499245
0.4992445
0.49924505
0.49924487
0.499245
0.4992457
0.4992451
0.4992447
0.49924475
0.499245
0.49924505
0.49924523
0.49924523
0.49924463
0.49924487
0.49924523
0.49924523
0.4992453
0.49924487
0.49924517
0.49924475
0.49924487
0.4992451
0.4992451
0.49924535
0.49924505
0.49924505
0.4992451
0.49924493
0.4992451
0.49924493
0.49924487
0.49924517
0.49924493
0.4992451
0.49924505
0.49924505
0.49924523
0.4992444
0.49924535
0.4992451
0.4992445
0.4992444
0.499245
0.4992451
0.49924493
0.4992441
0.49924487
0.499245
0.49924523
0.4992451
0.4992451
0.499245
0.49924475
0.499245
0.49924487
0.4992445
0.499245
0.49924505
0.499245
0.49924523
0.4992448
0.499245
0.49924517
0.49924463
0.49924505
0.4992447
0.49924493
0.49924463
0.49924463
0.49924475
0.499245
0.499245
0.49924535
0.4992453
0.4992457
0.49924546
0.49924535
0.49924493
0.49924535
0.4992451
0.49924487
0.49924523
0.4992451
0.49924475
0.499245
0.49924493
0.49924523
0.49924523
0.4992451
0.49924505
0.499245
0.499245
0.499245
0.49924505
0.4992448
0.49924493
0.4992448
0.49924487
0.49924475
0.49924487
0.49924523
0.499245
0.49924523
0.49924517
0.49924475
0.49924487
0.4992451
0.49924517
0.49924487
0.49924505
0.49924475
0.49924523
0.49924475
0.499245
0.49924523
0.49924517
0.49924487
0.49924487
0.49924535
0.49924523
0.4992451
0.499245
0.49924535
0.49924493
0.49924493
0.49924475
0.499245
0.49924523
0.49924475
0.49924517
0.49924523
0.4992453
0.4992451
0.49924558
0.49924505
0.49924487
0.499245
0.49924487
0.49924523
0.49924457
0.499245
0.49924475
0.49924475
0.4992453
0.49924487
0.4992451
0.49924475
0.49924475
0.49924475
0.49924517
0.49924535
0.4992451
0.49924523
0.4992445
0.49924505
0.499245
0.49924487
0.4992451
0.49924475
0.49924564
0.49924517
0.49924546
0.49924493
0.4992448
0.49924487
0.49924523
0.49924505
0.4992445
0.4992454
0.49924475
0.49924517
0.49924523
0.49924487
0.49924463
0.499245
0.49924535
0.4992451
0.4992451
0.49924505
0.49924475
0.49924535
0.499245
0.4992451
0.499245
0.49924493
0.499245
0.499245
0.4992451
0.4992451
0.49924487
0.4992451
0.49924517
0.49924487
0.49924487
0.4992451
0.4992448
0.49924487
0.49924493
0.49924463
0.4992451
0.499245
0.4992444
0.499245
0.49924493
0.49924523
0.49924523
0.49924523
0.499245
0.49924517
0.4992451
0.499245
0.49924487
0.49924487
0.4992451
0.499245
0.4992451
0.49924487
0.49924546
0.49924523
0.4992451
0.49924523
0.49924535
0.49924517
0.4992451
0.4992454
0.4992451
0.49924535
0.49924523
0.499245
0.49924505
0.49924517
0.49924487
0.49924546
0.4992453
0.49924535
0.4992451
0.499245
0.49924517
0.4992444
0.49924487
0.4992451
0.49924517
0.49924535
0.4992444
0.4992444
0.49924493
0.49924517
0.4992448
0.4992445
0.4992451
0.49924523
0.49924505
0.4992451
0.4992451
0.49924505
0.49924487
0.4992445
0.49924475
0.499245
0.49924523
0.499245
0.4992445
0.49924457
0.499245
0.49924523
0.49924535
0.49924523
0.49924463
0.49924517
0.49924558
0.49924487
0.49924415
0.4992448
0.49924487
0.4992451
0.4992448
0.499245
0.49924463
0.499245
0.49924523
0.4992451
0.49924487
0.49924487
0.4992453
0.49924463
0.49924487
0.49924535
0.49924535
0.49924493
0.49924523
0.4992451
0.49924487
0.49924582
0.49924487
0.49924457
0.4992451
0.4992448
0.499245
0.49924517
0.49924487
0.49924517
0.49924487
0.49924463
0.49924523
0.499245
0.49924487
0.49924487
0.4992451
0.49924475
0.4992451
0.499245
0.4992425
0.49924493
0.49924493
0.49924487
0.49924475
0.4992448
0.49924517
0.4992451
0.499245
0.4992447
0.49924517
0.49924475
0.49924493
0.4992451
0.499245
0.4992447
0.49924523
0.49924594
0.499245
0.49924487
0.4992453
0.499245
0.49924523
0.49924576
0.4992454
0.4992448
0.49924493
0.4992448
0.49924487
0.49924552
0.49924487
0.4992451
0.49924523
0.4992451
0.4992451
0.4992451
0.49924523
0.4992451
0.49924523
0.4992445
0.49924535
0.4992453
0.499245
0.49924523
0.4992447
0.49924487
0.4992448
0.4992441
0.4992445
0.499245
0.49924517
0.4992451
0.4992448
0.49924535
0.49924475
0.499245
0.49924523
0.49924523
0.49924523
0.49924493
0.4992453
0.49924487
0.49924523
0.49924523
0.49924523
0.49924546
0.49924487
0.49924475
0.49924546
0.49924487
0.49924505
0.49924517
0.499245
0.49924523
0.49924505
0.4992448
0.4992451
0.4992451
0.49924487
0.499245
0.4992451
0.4992451
0.499245
0.49924475
0.49924505
0.4992451
0.4992451
0.4992448
0.499245
0.49924487
0.4992453
0.49924523
0.4992451
0.49924487
0.49924493
0.4992451
0.49924475
0.49924475
0.4992451
0.4992448
0.4992448
0.49924463
0.49924487
0.4992451
0.49924523
0.49924505
0.49924493
0.49924523
0.4992451
0.49924487
0.4992448
0.4992451
0.49924463
0.499245
0.49924487
0.499245
0.4992451
0.49924487
0.49924487
0.49924475
0.49924523
0.499245
0.49924427
0.49924463
0.4992451
0.49924636
0.49924517
0.4992453
0.49924463
0.4992447
0.49924535
0.4992451
0.49924487
0.49924517
0.49924487
0.499245
0.499245
0.49924475
0.49924535
0.499245
0.49924463
0.499245
0.49924517
0.4992453
0.499245
0.49924535
0.49924487
0.49924487
0.49924493
0.49924523
0.499245
0.49924487
0.49924493
0.49924517
0.49924487
0.49924493
0.4992445
0.4992451
0.499245
0.499245
0.4992451
0.49924475
0.49924487
0.4992453
0.49924487
0.49924493
0.49924487
0.4992445
0.49924523
0.49924463
0.49924487
0.49924523
0.49924487
0.49924475
0.49924505
0.4992451
0.49924535
0.49924523
0.4992453
0.499245
0.4992454
0.49924546
0.49924493
0.4992451
0.49924535
0.499245
0.49924475
0.49924523
0.49924487
0.4992451
0.49924505
0.49924487
0.49924523
0.4992451
0.4992451
0.499245
0.49924517
0.49924427
0.49924475
0.49924475
0.499245
0.49924487
0.49924505
0.49924505
0.49924475
0.49924523
0.4992451
0.49924427
0.49924535
0.49924487
0.49924523
0.49924523
0.49924546
0.49924535
0.49924505
0.49924487
0.499245
0.49924487
0.49924487
0.4992451
0.4992451
0.49924505
0.499245
0.4992451
0.49924427
0.49924505
0.49924463
0.499245
0.4992451
0.49924505
0.49924487
0.49924475
0.4992451
0.4992448
0.49924517
0.49924505
0.4992451
0.49924535
0.49924475
0.49924505
0.49924493
0.4992451
0.4992451
0.49924505
0.49924475
0.49924487
0.49924517
0.49924487
0.499245
0.499245
0.49924517
0.49924523
0.49924487
0.49924415
0.49924487
0.4992448
0.49924487
0.49924463
0.49924487
0.499245
0.499245
0.49924475
0.49924475
0.49924517
0.49924558
0.49924368
0.49924475
0.499245
0.4992445
0.499245
0.49924517
0.4992451
0.49924487
0.49924475
0.49924535
0.49924523
0.49924493
0.499245
0.49924475
0.4992451
0.49924487
0.49924523
0.49924523
0.4992451
0.4992451
0.4992451
0.49924517
0.49924505
0.4992447
0.499245
0.49924505
0.49924523
0.49924505
0.49924517
0.49924505
0.49924523
0.49924487
0.49924487
0.49924487
0.49924535
0.4992451
0.4992451
0.49924463
0.49924535
0.49924505
0.49924487
0.499245
0.4992451
0.4992451
0.49924403
0.49924523
0.499245
0.499245
0.49924523
0.49924475
0.49924457
0.4992451
0.49924505
0.49924535
0.499245
0.49924463
0.4992448
0.49924523
0.49924463
0.49924463
0.4992444
0.49924475
0.49924517
0.49924487
0.49924535
0.49924517
0.4992451
0.499245
0.4992451
0.49924475
0.49924523
0.499245
0.49924564
0.49924475
0.499245
0.49924386
0.499245
0.4992451
0.49924487
0.49924487
0.49924415
0.49924523
0.49924493
0.49924535
0.49924487
0.499245
0.4992451
0.4992451
0.49924517
0.49924523
0.4992445
0.49924487
0.49924427
0.4992445
0.4992451
0.499245
0.499245
0.4992451
0.49924517
0.4992451
0.49924487
0.4992451
0.49924523
0.49924475
0.49924392
0.49924523
0.4992451
0.49924517
0.4992448
0.4992448
0.49924523
0.4992453
0.4992451
0.499245
0.4992451
0.49924487
0.49924523
0.49924475
0.4992453
0.49924487
0.49924546
0.499245
0.49924487
0.4992448
0.49924535
0.4992448
0.499245
0.49924517
0.4992447
0.4992451
0.4992451
0.499245
0.49924487
0.499245
0.49924523
0.499245
0.4992451
0.49924493
0.4992451
0.4992451
0.499245
0.499245
0.49924505
0.4992448
0.4992451
0.49924493
0.4992451
0.49924433
0.49924523
0.499245
0.49924463
0.49924487
0.499245
0.4992451
0.49924523
0.49924493
0.49924523
0.49924505
0.49924475
0.4992454
0.49924475
0.49924475
0.49924493
0.49924505
0.49924523
0.49924517
0.49924523
0.49924487
0.49924493
0.4992451
0.4992451
0.4992447
0.499245
0.49924505
0.49924505
0.4992451
0.49924546
0.499245
0.49924523
0.49924523
0.49924368
0.49924427
0.49924517
0.49924523
0.49924505
0.4992451
0.4992454
0.4992447
0.49924535
0.49924487
0.4992438
0.4992451
0.4992451
0.49924523
0.499245
0.49924475
0.4992451
0.499245
0.49924523
0.4992451
0.4992451
0.49924517
0.499245
0.499245
0.49924552
0.499245
0.49924487
0.4992451
0.499245
0.49924535
0.49924493
0.49924523
0.499245
0.49924576
0.499245
0.4992451
0.49924475
0.4992451
0.4992453
0.49924475
0.49924535
0.49924523
0.4992451
0.49924487
0.49924535
0.49924475
0.49924487
0.49924517
0.49924475
0.49924558
0.49924487
0.49924535
0.49924523
0.499245
0.49924487
0.4992451
0.499245
0.49924487
0.49924487
0.4992451
0.49924558
0.49924487
0.49924505
0.4992451
0.49924523
0.4992451
0.499245
0.49924475
0.49924487
0.49924493
0.49924517
0.49924523
0.4992453
0.49924523
0.49924487
0.49924523
0.49924487
0.49924517
0.4992451
0.49924523
0.49924487
0.49924523
0.4992448
0.499245
0.49924523
0.4992451
0.4992451
0.49924493
0.49924582
0.49924558
0.49924487
0.4992447
0.4992451
0.499245
0.4992448
0.4992445
0.49924487
0.49924475
0.49924493
0.49924475
0.49924457
0.49924523
0.4992451
0.49924523
0.49924505
0.4992451
0.49924487
0.499245
0.4992451
0.49924505
0.49924523
0.49924505
0.4992453
0.4992451
0.4992451
0.4992447
0.499245
0.4992453
0.499245
0.49924523
0.4992451
0.49924487
0.49924546
0.49924487
0.49924475
0.4992445
0.49924523
0.49924457
0.49924487
0.49924535
0.49924505
0.4992448
0.4992451
0.49924535
0.4992451
0.4992453
0.49924523
0.49924475
0.499245
0.49924487
0.49924475
0.499245
0.49924523
0.49924487
0.49924487
0.49924517
0.4992448
0.49924487
0.49924505
0.49924558
0.49924493
0.499245
0.49924487
0.49924517
0.49924517
0.49924487
0.49924487
0.49924475
0.49924463
0.4992451
0.499245
0.49924475
0.49924463
0.49924493
0.49924535
0.49924487
0.49924487
0.49924475
0.49924386
0.4992451
0.4992453
0.49924505
0.49924487
0.499245
0.49924487
0.49924493
0.49924415
0.499245
0.49924535
0.4992444
0.49924523
0.49924487
0.499245
0.49924475
0.49924546
0.4992451
0.499245
0.49924427
0.49924487
0.49924594
0.49924505
0.4992451
0.49924493
0.499245
0.49924523
0.49924523
0.49924487
0.4992451
0.49924487
0.499245
0.49924487
0.49924457
0.4992451
0.49924546
0.499245
0.49924535
0.49924558
0.4992451
0.4992453
0.49924445
0.49924493
0.4992451
0.49924487
0.49924475
0.4992448
0.49924487
0.4992451
0.4992451
0.4992451
0.49924517
0.4992451
0.4992453
0.499245
0.4992447
0.49924517
0.4992453
0.49924493
0.4992445
0.49924463
0.4992451
0.49924475
0.49924517
0.4992447
0.49924505
0.49924576
0.499245
0.49924493
0.4992451
0.49924666
0.49924523
0.49924523
0.49924523
0.4992451
0.4992451
0.4992441
0.49924535
0.49924523
0.49924493
0.499245
0.4992451
0.49924487
0.49924487
0.499245
0.49924475
0.499245
0.499245
0.49924523
0.4992451
0.4992451
0.49924523
0.49924546
0.49924427
0.49924487
0.499245
0.49924505
0.49924487
0.4992453
0.49924505
0.49924487
0.49924523
0.4992447
0.49924487
0.49924487
0.49924535
0.49924445
0.49924487
0.49924487
0.49924487
0.499245
0.49924517
0.49924487
0.499246
0.49924523
0.49924493
0.49924505
0.49924487
0.4992451
0.4992451
0.49924523
0.4992448
0.499245
0.4992451
0.49924535
0.49924475
0.4992453
0.499245
0.49924475
0.49924487
0.49924517
0.4992448
0.49924475
0.499245
0.49924523
0.49924523
0.499245
0.49924475
0.49924463
0.49924523
0.4992447
0.4992451
0.499245
0.49924457
0.4992447
0.499245
0.49924487
0.49924523
0.49924457
0.49924493
0.49924523
0.4992453
0.49924475
0.499245
0.49924523
0.4992451
0.4992451
0.49924463
0.4992448
0.4992451
0.49924475
0.49924523
0.49924517
0.49924517
0.49924475
0.49924487
0.49924523
0.49924463
0.4992448
0.4992453
0.49924475
0.49924558
0.4992448
0.49924523
0.49924487
0.49924487
0.49924517
0.49924487
0.49924487
0.49924463
0.4992451
0.4992451
0.49924517
0.4992442
0.4992451
0.4992451
0.49924475
0.4992451
0.499245
0.49924523
0.4992453
0.49924523
0.49924487
0.4992457
0.49924517
0.49924523
0.49924463
0.4992448
0.49924505
0.4992451
0.4992451
0.499245
0.49924546
0.4992451
0.49924493
0.49924523
0.49924487
0.499245
0.4992451
0.49924487
0.4992451
0.49924487
0.49924523
0.49924487
0.49924523
0.49924523
0.4992451
0.49924487
0.49924517
0.499245
0.49924493
0.49924552
0.49924535
0.49924493
0.49924487
0.499245
0.4992451
0.49924517
0.4992451
0.4992451
0.49924523
0.49924475
0.49924493
0.4992451
0.49924475
0.4992454
0.49924463
0.49924475
0.49924517
0.499245
0.4992457
0.4992448
0.49924487
0.4992451
0.49924493
0.49924535
0.499245
0.49924487
0.4992451
0.49924535
0.4992451
0.49924457
0.49924517
0.49924505
0.4992451
0.49924475
0.4992448
0.499245
0.49924487
0.49924457
0.49924523
0.49924523
0.49924403
0.499245
0.4992453
0.49924463
0.49924433
0.49924487
0.499245
0.4992444
0.4992451
0.49924523
0.49924523
0.49924487
0.49924505
0.499245
0.4992451
0.4992451
0.499245
0.4992451
0.49924523
0.4992451
0.49924475
0.49924523
0.499245
0.49924523
0.4992457
0.49924523
0.49924523
0.49924415
0.49924487
0.499245
0.49924493
0.49924487
0.499245
0.4992451
0.49924493
0.49924517
0.4992451
0.49924505
0.49924475
0.49924505
0.4992453
0.49924487
0.499245
0.4992454
0.49924487
0.49924552
0.4992451
0.49924535
0.4992448
0.49924493
0.49924517
0.49924475
0.49924517
0.49924403
0.49924463
0.49924546
0.4992453
0.4992448
0.499245
0.49924523
0.49924487
0.49924487
0.49924493
0.49924505
0.4992451
0.49924517
0.49924445
0.49924546
0.49924523
0.49924505
0.49924487
0.49924487
0.499245
0.49924535
0.49924493
0.4992453
0.4992451
0.49924487
0.49924564
0.4992448
0.4992451
0.49924463
0.49924487
0.4992454
0.49924523
0.49924523
0.4992451
0.49924487
0.49924487
0.49924517
0.49924487
0.49924493
0.4992451
0.49924415
0.499245
0.49924487
0.499245
0.49924523
0.499245
0.49924546
0.499245
0.49924523
0.4992451
0.4992451
0.49924523
0.4992451
0.49924523
0.49924535
0.4992445
0.49924523
0.499245
0.499245
0.4992451
0.49924463
0.4992448
0.49924517
0.4992451
0.49924523
0.4992451
0.49924523
0.49924535
0.49924523
0.4992448
0.4992453
0.49924535
0.49924475
0.49924535
0.49924523
0.49924517
0.499245
0.4992451
0.499245
0.49924523
0.499245
0.49924493
0.49924517
0.49924487
0.49924517
0.49924546
0.4992451
0.4992448
0.499245
0.49924174
0.49924475
0.49924344
0.4992451
0.49924505
0.4992447
0.49924475
0.49924535
0.4992451
0.49924535
0.4992451
0.49924535
0.499245
0.49924505
0.4992451
0.4992451
0.49924517
0.499246
0.4992451
0.49924463
0.49924427
0.49924523
0.49924517
0.49924487
0.49924523
0.4992451
0.4992453
0.499245
0.49924493
0.4992451
0.49924487
0.49924546
0.4992451
0.4992454
0.4992435
0.49924487
0.49924487
0.4992451
0.49924487
0.49924523
0.49924505
0.49924523
0.499245
0.4992451
0.49924523
0.499245
0.49924546
0.49924487
0.49924493
0.4992451
0.49924523
0.49924487
0.4992451
0.49924463
0.49924523
0.4992448
0.49924517
0.49924487
0.49924523
0.49924415
0.49924463
0.49924487
0.49924535
0.49924523
0.4992453
0.49924505
0.49924523
0.499245
0.49924463
0.49924535
0.49924505
0.49924487
0.49924535
0.49924487
0.49924517
0.499245
0.499245
0.49924487
0.49924517
0.4992445
0.49924475
0.49924487
0.49924523
0.49924517
0.4992451
0.49924505
0.4992451
0.499245
0.49924475
0.4992451
0.49924475
0.49924552
0.49924523
0.49924535
0.49924523
0.4992451
0.49924487
0.4992451
0.49924493
0.49924475
0.49924505
0.49924535
0.49924475
0.49924505
0.4992445
0.499245
0.4992451
0.499245
0.4992448
0.49924523
0.4992451
0.49924493
0.4992451
0.4992451
0.49924475
0.49924475
0.49924487
0.49924487
0.499245
0.49924523
0.4992451
0.499245
0.4992451
0.49924487
0.4992451
0.49924523
0.4992451
0.4992453
0.49924517
0.49924505
0.49924523
0.49924475
0.49924487
0.499245
0.49924505
0.49924505
0.49924487
0.49924535
0.49924463
0.49924517
0.4992451
0.4992451
0.49924523
0.4992453
0.4992448
0.49924493
0.49924535
0.499245
0.49924535
0.499245
0.49924517
0.499245
0.4992448
0.49924427
0.4992451
0.49924552
0.4992451
0.49924535
0.4992451
0.49924523
0.49924487
0.499245
0.49924427
0.49924505
0.49924505
0.499245
0.49924487
0.49924505
0.4992445
0.4992448
0.499245
0.49924523
0.49924517
0.4992447
0.49924487
0.49924344
0.49924505
0.49924505
0.4992451
0.49924517
0.4992448
0.49924463
0.499245
0.49924523
0.49924493
0.49924427
0.499245
0.49924523
0.4992448
0.49924487
0.49924487
0.49924487
0.49924517
0.49924523
0.49924493
0.499245
0.4992453
0.49924523
0.49924517
0.4992453
0.49924487
0.49924487
0.499245
0.499245
0.4992451
0.4992451
0.49924523
0.49924487
0.4992451
0.4992453
0.4992454
0.49924523
0.49924475
0.4992445
0.49924487
0.4992453
0.4992453
0.4992451
0.49924517
0.499245
0.4992451
0.49924517
0.499245
0.4992451
0.4992457
0.49924463
0.499245
0.49924517
0.49924475
0.499245
0.49924487
0.4992448
0.4992451
0.499245
0.499245
0.49924576
0.499245
0.49924487
0.49924487
0.49924487
0.499245
0.49924487
0.49924523
0.4992451
0.499245
0.4992451
0.49924535
0.4992451
0.49924415
0.49924558
0.49924505
0.49924535
0.49924505
0.49924487
0.499245
0.49924523
0.4992453
0.49924427
0.49924463
0.49924523
0.49924493
0.4992453
0.499245
0.49924546
0.4992454
0.499245
0.4992451
0.49924493
0.4992451
0.499245
0.49924535
0.49924523
0.49924487
0.49924487
0.4992451
0.4992451
0.49924505
0.499245
0.499245
0.4992451
0.4992454
0.4992451
0.49924523
0.4992451
0.49924415
0.4992454
0.49924493
0.49924475
0.49924523
0.4992445
0.49924487
0.49924463
0.49924493
0.49924523
0.49924505
0.49924558
0.4992451
0.49924475
0.49924517
0.49924535
0.49924523
0.49924397
0.49924415
0.49924505
0.4992454
0.499245
0.4992451
0.49924475
0.49924493
0.49924535
0.49924546
0.4992451
0.49924356
0.49924475
0.49924505
0.4992445
0.49924505
0.49924493
0.49924475
0.49924546
0.49924523
0.499245
0.499245
0.4992447
0.4992451
0.4992447
0.499245
0.499245
0.4992451
0.499245
0.49924505
0.49924487
0.4992451
0.4992451
0.499245
0.49924487
0.499245
0.4992451
0.4992457
0.49924493
0.49924475
0.49924487
0.4992451
0.49924487
0.4992451
0.4992457
0.49924523
0.49924475
0.49924475
0.49924475
0.49924535
0.49924493
0.4992451
0.49924487
0.4992451
0.499245
0.49924523
0.49924463
0.499245
0.49924535
0.49924463
0.4992451
0.49924463
0.4992451
0.49924505
0.49924535
0.4992451
0.4992451
0.4992448
0.49924517
0.499245
0.49924487
0.4992451
0.49924487
0.49924523
0.4992451
0.499245
0.49924493
0.4992451
0.49924487
0.49924487
0.499245
0.499245
0.49924517
0.49924523
0.49924535
0.49924523
0.4992448
0.49924505
0.499245
0.49924493
0.49924654
0.49924487
0.49924487
0.49924523
0.49924463
0.49924493
0.49924493
0.4992451
0.4992454
0.49924487
0.49924523
0.4992453
0.49924475
0.4992451
0.49924445
0.49924475
0.49924517
0.4992451
0.49924487
0.49924487
0.49924523
0.49924535
0.4992448
0.49924535
0.4992451
0.49924546
0.4992451
0.49924475
0.4992448
0.499245
0.499245
0.49924487
0.49924523
0.49924493
0.4992451
0.49924505
0.49924463
0.49924523
0.49924523
0.49924505
0.49924493
0.499245
0.49924546
0.49924523
0.4992454
0.49924523
0.499245
0.49924523
0.49924493
0.49924505
0.49924475
0.49924535
0.4992451
0.4992451
0.49924493
0.49924487
0.49924487
0.4992451
0.49924487
0.49924517
0.49924493
0.49924517
0.49924493
0.4992451
0.499245
0.4992451
0.49924523
0.49924475
0.49924517
0.49924487
0.4992453
0.49924493
0.4992451
0.49924523
0.4992451
0.499245
0.4992451
0.49924487
0.49924475
0.499245
0.4992445
0.4992451
0.49924517
0.49924487
0.49924487
0.4992447
0.49924487
0.4992451
0.49924535
0.49924487
0.4992451
0.4992463
0.4992451
0.499245
0.49924487
0.49924487
0.499245
0.49924493
0.49924558
0.49924493
0.49924535
0.49924493
0.49924505
0.4992448
0.499245
0.49924535
0.49924487
0.49924523
0.49924493
0.49924505
0.499245
0.4992448
0.49924535
0.49924517
0.49924523
0.4992448
0.4992451
0.49924457
0.49924475
0.49924475
0.49924493
0.49924475
0.499245
0.49924487
0.49924546
0.49924517
0.49924487
0.499245
0.499245
0.4992451
0.499245
0.499245
0.4992447
0.49924523
0.49924475
0.499245
0.49924487
0.49924523
0.4992451
0.4992451
0.49924487
0.49924594
0.49924523
0.499245
0.49924463
0.49924487
0.49924523
0.49924546
0.49924505
0.4992451
0.49924505
0.49924505
0.4992448
0.49924517
0.4992447
0.4992451
0.4992451
0.4992453
0.49924487
0.4992451
0.49924523
0.49924517
0.49924463
0.4992447
0.499245
0.499245
0.4992445
0.499245
0.49924505
0.4992451
0.49924475
0.4992444
0.49924475
0.49924517
0.49924535
0.49924475
0.49924487
0.4992448
0.4992444
0.4992451
0.49924535
0.49924487
0.499245
0.499245
0.49924523
0.49924487
0.4992448
0.4992453
0.4992451
0.499245
0.499245
0.49924493
0.49924558
0.49924493
0.49924493
0.49924475
0.49924487
0.49924517
0.49924523
0.49924517
0.4992453
0.4992448
0.49924445
0.49924487
0.49924523
0.49924535
0.49924475
0.49924535
0.499245
0.49924505
0.49924505
0.499245
0.49924523
0.49924493
0.49924505
0.4992448
0.49924523
0.4992447
0.49924505
0.499245
0.49924475
0.49924475
0.49924523
0.49924523
0.4992453
0.49924487
0.49924523
0.49924523
0.49924487
0.4992448
0.4992448
0.49924523
0.49924523
0.49924523
0.49924523
0.49924523
0.49924487
0.4992451
0.4992451
0.4992448
0.49924523
0.499245
0.49924487
0.49924487
0.49924493
0.49924463
0.49924487
0.49924535
0.4992447
0.49924493
0.49924523
0.49924546
0.49924523
0.49924487
0.499245
0.49924493
0.4992451
0.49924487
0.49924487
0.499245
0.499245
0.49924493
0.49924535
0.49924505
0.49924487
0.4992451
0.499245
0.49924487
0.49924517
0.49924463
0.49924463
0.49924487
0.49924475
0.499245
0.49924505
0.49924505
0.4992448
0.49924493
0.499245
0.49924475
0.49924523
0.49924487
0.49924517
0.4992448
0.49924535
0.499245
0.49924427
0.49924493
0.499245
0.49924505
0.49924523
0.49924535
0.49924523
0.49924523
0.49924475
0.49924415
0.4992442
0.4992451
0.49924475
0.49924493
0.4992451
0.49924275
0.4992451
0.49924493
0.49924523
0.49924535
0.49924535
0.49924517
0.49924487
0.49924523
0.49924487
0.499245
0.49924517
0.4992451
0.49924493
0.4992451
0.4992453
0.499245
0.49924523
0.49924493
0.4992451
0.4992451
0.49924517
0.49924535
0.49924552
0.49924523
0.4992451
0.49924487
0.49924523
0.49924487
0.49924475
0.49924523
0.49924535
0.499245
0.49924517
0.49924523
0.49924493
0.4992448
0.499245
0.499245
0.499245
0.4992448
0.49924487
0.49924523
0.49924517
0.49924487
0.499245
0.49924493
0.4992447
0.49924487
0.49924535
0.4992445
0.49924505
0.4992448
0.4992451
0.49924487
0.4992451
0.4992451
0.4992451
0.4992448
0.49924517
0.49924523
0.4992451
0.4992453
0.499245
0.49924517
0.49924517
0.49924517
0.499245
0.49924523
0.49924505
0.49924523
0.49924517
0.4992453
0.499245
0.49924523
0.49924517
0.4992454
0.4992463
0.49924535
0.4992454
0.499245
0.49924523
0.4992451
0.49924475
0.49924487
0.49924523
0.49924487
0.49924523
0.49924523
0.4992451
0.4992457
0.49924487
0.49924487
0.49924475
0.49924517
0.49924487
0.499245
0.49924523
0.49924487
0.49924535
0.49924493
0.49924523
0.49924517
0.4992451
0.49924487
0.4992457
0.4992445
0.49924517
0.49924445
0.49924487
0.49924487
0.49924475
0.49924487
0.4992451
0.49924505
0.4992451
0.499245
0.49924517
0.49924463
0.49924475
0.49924523
0.49924487
0.49924392
0.49924463
0.49924475
0.499245
0.4992451
0.4992451
0.49924463
0.49924505
0.499245
0.4992451
0.49924517
0.499245
0.4992448
0.4992445
0.49924523
0.49924523
0.4992445
0.49924463
0.4992453
0.49924487
0.499245
0.499245
0.49924517
0.49924523
0.49924505
0.49924535
0.49924487
0.49924517
0.49924505
0.49924523
0.49924517
0.49924523
0.49924475
0.49924523
0.49924487
0.499245
0.49924535
0.49924487
0.4992451
0.49924487
0.49924475
0.4992448
0.4992451
0.4992445
0.499245
0.499245
0.49924475
0.499245
0.49924487
0.49924487
0.49924523
0.49924523
0.49924517
0.49924523
0.49924493
0.49924523
0.49924517
0.49924487
0.49924487
0.4992451
0.49924523
0.4992445
0.49924523
0.499245
0.49924487
0.4992453
0.49924487
0.49924487
0.499245
0.4992448
0.4992451
0.499245
0.49924475
0.49924487
0.4992451
0.49924517
0.49924463
0.49924505
0.49924535
0.49924487
0.49924475
0.49924487
0.49924427
0.49924535
0.4992451
0.49924535
0.49924475
0.4992451
0.49924505
0.49924475
0.49924487
0.499245
0.499245
0.4992451
0.4992451
0.49924487
0.49924505
0.4992448
0.4992447
0.49924523
0.49924505
0.4992451
0.49924463
0.49924535
0.49924523
0.49924487
0.49924523
0.4992451
0.49924475
0.49924552
0.4992444
0.49924523
0.4992448
0.49924523
0.4992453
0.49924523
0.49924523
0.49924475
0.4992451
0.4992451
0.49924487
0.49924475
0.49924523
0.49924493
0.49924475
0.4992447
0.49924505
0.49924535
0.4992448
0.4992451
0.49924487
0.49924505
0.4992444
0.4992451
0.49924523
0.4992424
0.49924487
0.49924505
0.49924475
0.49924493
0.4992451
0.49924487
0.499245
0.49924487
0.499245
0.49924523
0.49924546
0.49924523
0.49924505
0.49924487
0.49924517
0.4992451
0.49924487
0.49924523
0.4992451
0.4992451
0.49924487
0.49924475
0.4992453
0.4992453
0.49924505
0.4992453
0.4992451
0.49924487
0.4992448
0.499245
0.49924487
0.4992448
0.49924523
0.499245
0.4992453
0.49924475
0.49924463
0.49924475
0.49924475
0.4992453
0.4992447
0.49924505
0.4992448
0.49924487
0.4992451
0.49924523
0.49924535
0.499245
0.4992451
0.4992448
0.49924523
0.4992453
0.49924505
0.4992451
0.49924487
0.49924517
0.4992453
0.49924505
0.499245
0.4992445
0.49924523
0.49924487
0.49924463
0.4992453
0.499245
0.4992451
0.4992451
0.4992454
0.49924535
0.49924457
0.49924216
0.49924523
0.4992445
0.4992444
0.49924523
0.49924523
0.4992451
0.49924487
0.4992424
0.49924415
0.49924505
0.49924487
0.49924493
0.49924517
0.49924493
0.49924487
0.49924523
0.499245
0.499245
0.49924517
0.49924517
0.4992451
0.499245
0.49924487
0.49924403
0.49924487
0.49924523
0.49924535
0.49924546
0.49924523
0.4992451
0.4992448
0.4992451
0.4992451
0.49924487
0.499245
0.499245
0.49924523
0.49924475
0.49924487
0.49924487
0.4992447
0.49924487
0.49924523
0.4992451
0.4992451
0.49924493
0.499245
0.499245
0.49924493
0.49924487
0.499245
0.49924475
0.49924523
0.49924487
0.49924475
0.49924523
0.49924558
0.49924523
0.4992451
0.4992451
0.4992451
0.49924505
0.49924505
0.49924505
0.4992448
0.49924493
0.49924493
0.49924475
0.499245
0.49924463
0.49924535
0.499245
0.49924505
0.49924523
0.499245
0.499245
0.4992448
0.499245
0.499245
0.4992451
0.49924487
0.4992451
0.49924523
0.49924487
0.49924523
0.499245
0.49924487
0.49924546
0.4992451
0.49924487
0.49924505
0.499245
0.499245
0.49924487
0.499245
0.4992451
0.49924487
0.49924523
0.49924487
0.499245
0.4992451
0.49924487
0.49924523
0.4992453
0.49924505
0.49924475
0.49924523
0.49924493
0.49924505
0.4992451
0.4992451
0.49924487
0.49924505
0.49924487
0.4992451
0.499245
0.49924487
0.49924487
0.499245
0.4992448
0.49924517
0.49924523
0.4992451
0.49924523
0.4992451
0.49924487
0.49924517
0.49924505
0.49924505
0.49924535
0.499245
0.49924493
0.4992451
0.4992451
0.49924505
0.4992457
0.49924463
0.49924487
0.4992451
0.49924546
0.49924535
0.4992451
0.4992478
0.49924487
0.4992451
0.49924523
0.49924517
0.49924487
0.499245
0.49924505
0.4992451
0.49924535
0.49924535
0.49924523
0.49924487
0.49924523
0.49924487
0.49924535
0.499245
0.49924505
0.49924535
0.4992451
0.4992447
0.4992444
0.49924475
0.4992451
0.49924523
0.49924487
0.49924475
0.4992451
0.49924475
0.499245
0.49924713
0.49924463
0.499245
0.499245
0.49924558
0.49924487
0.49924487
0.49924523
0.4992447
0.49924523
0.4992451
0.49924475
0.49924517
0.49924487
0.49924463
0.49924558
0.4992451
0.4992451
0.49924487
0.4992448
0.4992451
0.49924463
0.4992445
0.49924523
0.49924535
0.49924535
0.4992447
0.499245
0.49924475
0.49924487
0.4992451
0.49924487
0.499245
0.49924493
0.49924505
0.49924475
0.4992451
0.4992448
0.49924523
0.49924487
0.49924523
0.49924517
0.49924475
0.49924445
0.49924487
0.499245
0.49924523
0.49924487
0.49924535
0.49924475
0.49924558
0.49924487
0.49924546
0.49924535
0.4992447
0.49924487
0.4992451
0.4992448
0.499245
0.499245
0.49924523
0.49924535
0.4992451
0.499245
0.49924523
0.49924523
0.499245
0.49924463
0.4992453
0.4992451
0.4992454
0.49924487
0.49924487
0.49924546
0.49924594
0.49924493
0.499245
0.49924517
0.49924487
0.49924415
0.49924642
0.49924493
0.4992448
0.4992447
0.4992444
0.49924535
0.49924475
0.4992451
0.49924523
0.49924523
0.49924475
0.49924523
0.49924487
0.499245
0.49924517
0.49924487
0.4992451
0.49924415
0.49924517
0.499245
0.49924535
0.49924475
0.49924475
0.49924546
0.499245
0.49924523
0.49924493
0.4992451
0.49924505
0.49924523
0.49924463
0.4992448
0.49924505
0.49924517
0.49924517
0.4992445
0.4992451
0.4992448
0.4992451
0.49924493
0.49924535
0.49924487
0.49924493
0.4992451
0.4992448
0.4992451
0.49924642
0.4992451
0.4992451
0.499245
0.49924493
0.49924487
0.499245
0.49924523
0.4992447
0.49924487
0.499245
0.49924523
0.49924523
0.4992451
0.49924505
0.499245
0.4992451
0.49924523
0.49924487
0.49924427
0.49924493
0.49924505
0.49924523
0.49924475
0.49924523
0.49924475
0.49924523
0.49924535
0.499245
0.499245
0.49924523
0.49924475
0.49924475
0.49924517
0.49924475
0.4992451
0.4992451
0.49924493
0.4992453
0.49924523
0.4992453
0.499245
0.4992453
0.49924493
0.49924505
0.4992453
0.499245
0.499245
0.49924546
0.4992447
0.49924493
0.49924463
0.49924463
0.499245
0.4992451
0.49924618
0.49924463
0.4992451
0.4992451
0.499245
0.49924505
0.4992444
0.49924216
0.4992448
0.4992444
0.49924505
0.49924523
0.49924487
0.49924493
0.499245
0.4992451
0.49924493
0.49924487
0.49924487
0.49924487
0.4992445
0.4992453
0.49924475
0.4992447
0.49924523
0.4992454
0.49924487
0.4992445
0.49924725
0.49924558
0.49924487
0.49924517
0.4992451
0.49924487
0.49924582
0.49924493
0.499245
0.4992451
0.4992448
0.499245
0.49924487
0.49924535
0.49924523
0.49924475
0.49924487
0.4992453
0.499245
0.49924517
0.4992445
0.49924505
0.49924558
0.49924493
0.4992451
0.499245
0.4992444
0.49924558
0.4992451
0.49924535
0.49924517
0.49924523
0.49924523
0.49924523
0.4992451
0.49924523
0.49924487
0.4992444
0.49924523
0.49924523
0.49924475
0.49924505
0.4992451
0.49924505
0.4992451
0.49924463
0.49924523
0.49924517
0.49924487
0.499245
0.49924487
0.49924415
0.49924463
0.49924523
0.49924523
0.49924475
0.49924415
0.49924487
0.49924505
0.499245
0.49924487
0.49924463
0.4992453
0.49924523
0.49924487
0.499245
0.49924517
0.499245
0.49924517
0.49924475
0.49924475
0.4992453
0.4992448
0.499245
0.4992453
0.4992451
0.49924493
0.49924535
0.4992453
0.49924475
0.49924535
0.499245
0.49924523
0.4992451
0.4992451
0.499245
0.49924475
0.4992494
0.49924475
0.4992447
0.4992448
0.49924523
0.49924505
0.49924535
0.49924493
0.49924487
0.49924558
0.499245
0.49924546
0.499245
0.49924517
0.49924487
0.499245
0.49924487
0.499245
0.49924517
0.4992451
0.499245
0.49924487
0.49924493
0.4992431
0.499245
0.49924487
0.49924505
0.49924505
0.49924517
0.49924517
0.4992454
0.49924475
0.49924535
0.49924523
0.4992451
0.4992451
0.49924523
0.49924487
0.4992447
0.4992451
0.49924523
0.49924523
0.49924517
0.4992447
0.49924487
0.4992451
0.4992453
0.499245
0.49924427
0.49924475
0.4992451
0.49924523
0.4992451
0.49924493
0.4992451
0.4992451
0.4992448
0.49924493
0.4992445
0.499245
0.49924487
0.499245
0.4992451
0.49924457
0.4992451
0.4992451
0.499245
0.49924517
0.4992442
0.49924517
0.49924505
0.499245
0.49924493
0.49924517
0.49924493
0.49924487
0.49924523
0.49924535
0.49924642
0.49924535
0.4992451
0.49924505
0.499245
0.4992451
0.49924493
0.4992448
0.49924505
0.49924487
0.49924523
0.49924535
0.49924475
0.49924523
0.4992453
0.4992451
0.49924487
0.49924493
0.49924475
0.49924505
0.49924517
0.499245
0.49924433
0.4992447
0.49924487
0.49924523
0.49924523
0.49924493
0.49924487
0.4992451
0.4992451
0.49924505
0.49924475
0.49924546
0.49924487
0.49924523
0.4992448
0.49924493
0.49924493
0.4992453
0.49924463
0.49924493
0.499245
0.4992451
0.4992451
0.49924546
0.49924487
0.49924523
0.49924505
0.49924493
0.49924517
0.49924475
0.4992445
0.49924535
0.49924487
0.49924487
0.49924523
0.499245
0.49924487
0.49924493
0.499245
0.4992447
0.499245
0.49924558
0.49924523
0.4992448
0.49924523
0.4992451
0.499245
0.49924523
0.49924487
0.49924546
0.49924415
0.499245
0.4992448
0.49924558
0.49924535
0.49924487
0.4992453
0.49924523
0.4992451
0.4992451
0.49924505
0.49924487
0.4992451
0.49924487
0.49924523
0.499245
0.4992451
0.499245
0.49924517
0.49924505
0.499245
0.499245
0.4992451
0.49924493
0.49924535
0.49924505
0.4992447
0.49924487
0.499245
0.49924487
0.4992451
0.4992453
0.4992448
0.49924487
0.49924487
0.49924415
0.49924457
0.49924487
0.49924517
0.49924493
0.49924475
0.49924505
0.49924523
0.4992451
0.49924493
0.4992451
0.49924487
0.4992451
0.4992447
0.49924505
0.499245
0.49924493
0.49924475
0.499245
0.499245
0.49924487
0.4992451
0.49924487
0.49924517
0.4992451
0.499245
0.49924475
0.49924487
0.49924457
0.4992451
0.4992447
0.49924523
0.49924517
0.49924487
0.49924505
0.49924475
0.49924505
0.49924505
0.49924493
0.499245
0.4992451
0.4992451
0.49924517
0.49924535
0.4992451
0.499245
0.4992448
0.49924505
0.499245
0.4992448
0.4992451
0.499245
0.4992451
0.49924463
0.4992451
0.49924546
0.4992448
0.4992451
0.49924523
0.49924535
0.49924487
0.49924535
0.49924475
0.49924475
0.49924523
0.4992453
0.4992451
0.49924487
0.499245
0.4992451
0.49924517
0.4992451
0.4992451
0.4992445
0.49924558
0.49924564
0.4992451
0.499245
0.4992453
0.4992451
0.49924487
0.4992448
0.49924493
0.49924487
0.4992445
0.49924523
0.49924463
0.49924535
0.49924535
0.49924505
0.49924463
0.4992451
0.49924487
0.49924523
0.499245
0.49924475
0.4992451
0.499245
0.4992451
0.499245
0.49924523
0.499245
0.49924487
0.49924457
0.49924487
0.49924427
0.4992451
0.49924505
0.4992451
0.49924517
0.49924475
0.499245
0.49924535
0.4992421
0.49924487
0.49924487
0.49924475
0.49924546
0.49924517
0.4992448
0.499245
0.49924487
0.49924505
0.49924493
0.4992451
0.499245
0.4992447
0.4992453
0.49924463
0.49924463
0.49924535
0.4992451
0.49924523
0.4992451
0.49924493
0.49924517
0.49924493
0.49924487
0.4992453
0.4992453
0.49924493
0.4992451
0.49924487
0.499245
0.499245
0.49924546
0.49924535
0.4992451
0.49924487
0.4992451
0.49924487
0.49924487
0.49924475
0.4992451
0.4992453
0.49924523
0.4992448
0.49924487
0.499245
0.49924493
0.49924505
0.49924487
0.49924463
0.49924463
0.49924523
0.49924505
0.499245
0.49924517
0.499245
0.49924505
0.4992451
0.49924523
0.499245
0.49924487
0.4992453
0.499245
0.49924445
0.49924535
0.49924493
0.49924523
0.49924523
0.49924487
0.49924535
0.499245
0.49924475
0.499245
0.49924523
0.49924523
0.499245
0.49924523
0.49924427
0.499245
0.49924487
0.4992454
0.4992451
0.49924392
0.499245
0.49924475
0.49924493
0.4992451
0.49924487
0.49924523
0.49924427
0.49924475
0.49924475
0.49924505
0.499245
0.4992451
0.49924523
0.49924463
0.49924487
0.49924523
0.4992451
0.499245
0.4992451
0.4992451
0.49924475
0.49924535
0.4992457
0.4992451
0.4992447
0.49924487
0.49924523
0.499245
0.49924487
0.49924517
0.49924523
0.4992453
0.4992448
0.49924487
0.49924487
0.49924523
0.49924487
0.499245
0.49924475
0.4992451
0.4992451
0.499245
0.49924475
0.4992405
0.4992448
0.49924546
0.4992445
0.4992448
0.499245
0.499245
0.49924535
0.4992451
0.49924487
0.49924523
0.49924487
0.49924487
0.49924546
0.49924523
0.49924546
0.499245
0.49924535
0.499245
0.49924475
0.49924487
0.49924457
0.49924523
0.49924523
0.49924487
0.49924487
0.49924535
0.49924523
0.4992451
0.49924487
0.4992453
0.49924344
0.49924517
0.49924523
0.49924517
0.49924493
0.49924475
0.499245
0.4992448
0.49924487
0.49924487
0.4992451
0.49924457
0.49924535
0.49924475
0.4992448
0.49924535
0.499245
0.49924493
0.49924535
0.49924505
0.49924523
0.499245
0.49924535
0.49924493
0.499245
0.4992451
0.499245
0.4992453
0.4992451
0.49924523
0.4992451
0.499245
0.49924523
0.4992451
0.49924487
0.49924505
0.4992451
0.49924523
0.4992453
0.49924487
0.49924523
0.49924535
0.49924463
0.49924493
0.49924487
0.49924427
0.49924487
0.49924487
0.4992453
0.4992447
0.49924487
0.49924505
0.49924582
0.49924523
0.49924493
0.49924487
0.49924487
0.49924487
0.49924505
0.49924523
0.49924475
0.49924535
0.49924493
0.49924493
0.49924475
0.49924523
0.4992451
0.49924552
0.49924523
0.4992451
0.49924493
0.49924523
0.4992451
0.499245
0.49924392
0.49924517
0.49924505
0.4992448
0.499245
0.49924546
0.49924523
0.4992451
0.49924523
0.49924523
0.49924517
0.49924493
0.49924517
0.4992451
0.49924642
0.49924523
0.49924487
0.499245
0.499245
0.4992451
0.49924505
0.49924523
0.49924463
0.49924475
0.4992453
0.499245
0.4992451
0.49924517
0.4992451
0.49924535
0.49924505
0.4992451
0.49924487
0.49924487
0.4992451
0.4992451
0.49924505
0.4992421
0.49924493
0.49924535
0.49924505
0.49924523
0.4992454
0.49924463
0.49924487
0.4992451
0.49924493
0.49924487
0.49924493
0.49924523
0.4992451
0.4992451
0.49924487
0.4992451
0.4992441
0.49924493
0.499245
0.49924523
0.499245
0.4992451
0.4992453
0.49924517
0.49924475
0.49924493
0.4992451
0.49924523
0.49924552
0.49924535
0.49924487
0.49924433
0.49924505
0.49924523
0.499245
0.49924487
0.49924523
0.4992448
0.4992453
0.49924463
0.49924475
0.49924535
0.4992451
0.499245
0.49924463
0.499245
0.49924505
0.49924505
0.49924523
0.4992451
0.49924487
0.49924487
0.49924523
0.4992448
0.49924535
0.499245
0.49924517
0.499245
0.49924493
0.49924487
0.499245
0.4992451
0.49924505
0.4992453
0.49924523
0.49924535
0.49924493
0.49924433
0.499245
0.49924523
0.49924493
0.49924487
0.49924487
0.49924475
0.49924535
0.49924523
0.4992451
0.49924523
0.49924493
0.49924487
0.49924427
0.4992448
0.4992453
0.49924487
0.49924493
0.49924487
0.49924535
0.49924475
0.49924475
0.49924523
0.49924463
0.49924475
0.49924505
0.49924517
0.499245
0.4992451
0.49924463
0.49924487
0.4992451
0.4992451
0.49924523
0.49924505
0.49924517
0.4992448
0.4992445
0.49924523
0.4992451
0.499245
0.49924493
0.49924487
0.49924535
0.49924517
0.4992453
0.49924523
0.4992451
0.49924523
0.49924505
0.499245
0.49924475
0.49924493
0.49924523
0.4992445
0.49924487
0.4992451
0.49924517
0.49924487
0.4992451
0.49924463
0.4992451
0.4992451
0.49924487
0.4992451
0.49924517
0.499245
0.49924475
0.49924523
0.49924523
0.49924517
0.4992451
0.4992451
0.499245
0.49924523
0.49924475
0.4992451
0.4992435
0.4992451
0.4992451
0.49924535
0.49924558
0.499245
0.49924487
0.4992447
0.4992451
0.49924523
0.49924487
0.49924463
0.49924487
0.49924487
0.4992451
0.49924505
0.49924487
0.4992451
0.49924517
0.49924523
0.49924487
0.49924487
0.49924475
0.4992451
0.4992448
0.4992444
0.49924487
0.499245
0.499245
0.49924523
0.4992451
0.4992451
0.49924487
0.499245
0.4992451
0.49924463
0.49924487
0.4992451
0.49924535
0.49924505
0.49924475
0.499245
0.4992451
0.49924517
0.49924493
0.49924523
0.4992451
0.4992451
0.49924505
0.49924487
0.49924487
0.49924487
0.49924463
0.49924487
0.49924505
0.499245
0.49924535
0.49924493
0.4992447
0.4992451
0.4992453
0.49924523
0.4992448
0.49924475
0.49924493
0.49924475
0.4992441
0.4992451
0.49924493
0.49924523
0.4992451
0.4992451
0.49924487
0.499245
0.499245
0.49924523
0.49924475
0.49924493
0.4992447
0.49924535
0.49924493
0.49924386
0.4992444
0.49924463
0.49924535
0.4992448
0.49924535
0.49924475
0.4992451
0.49924475
0.499245
0.49924487
0.499245
0.49924606
0.499245
0.49924475
0.49924475
0.49924475
0.49924505
0.4992448
0.49924392
0.4992451
0.49924517
0.4992451
0.49924517
0.499245
0.499245
0.49924475
0.49924517
0.49924517
0.49924552
0.499245
0.499245
0.49924487
0.4992448
0.4992447
0.4992451
0.4992451
0.4992451
0.49924523
0.499245
0.49924535
0.49924493
0.49924523
0.4992453
0.49924445
0.49924517
0.49924487
0.49924487
0.49924535
0.499245
0.4992454
0.4992451
0.4992454
0.499245
0.4992453
0.49924523
0.499245
0.49924517
0.49924475
0.499245
0.49924487
0.49924552
0.49924487
0.4992457
0.49924487
0.4992451
0.49924493
0.49924493
0.499245
0.499245
0.49924523
0.4992447
0.4992451
0.49924523
0.499245
0.4992451
0.49924558
0.49924475
0.4992451
0.4992451
0.49924505
0.49924535
0.499245
0.49924523
0.49924523
0.4992448
0.49924487
0.4992453
0.49924487
0.49924487
0.4992451
0.4992445
0.49924487
0.49924463
0.4992451
0.49924487
0.499245
0.49924487
0.4992451
0.499245
0.49924523
0.499245
0.499245
0.4992451
0.49924487
0.49924487
0.49924475
0.4992453
0.4992451
0.4992451
0.499245
0.49924487
0.49924463
0.49924535
0.4992453
0.4992448
0.49924487
0.49924517
0.4992453
0.49924487
0.4992451
0.499245
0.49924463
0.49924523
0.4992451
0.49924552
0.4992451
0.49924523
0.499245
0.49924505
0.4992441
0.49924475
0.49924582
0.4992451
0.4992448
0.49924487
0.49924535
0.49924475
0.49924517
0.49924505
0.49924487
0.499245
0.49924475
0.49924523
0.4992448
0.49924493
0.499245
0.49924463
0.49924523
0.49924475
0.4992451
0.4992447
0.49924558
0.49924487
0.49924505
0.4992454
0.49924535
0.49924523
0.49924475
0.4992451
0.49924523
0.49924487
0.49924523
0.49924546
0.49924487
0.49924505
0.49924535
0.499245
0.499245
0.4992451
0.49924523
0.49924523
0.499245
0.49924505
0.49924505
0.49924463
0.49924487
0.49924523
0.49924487
0.49924505
0.4992451
0.49924487
0.4992451
0.49924523
0.499245
0.4992451
0.4992453
0.4992445
0.49924487
0.49924535
0.49924523
0.499245
0.49924523
0.4992451
0.4992451
0.49924457
0.49924493
0.49924523
0.4992447
0.499245
0.49924493
0.49924427
0.49924523
0.49924427
0.49924523
0.49924487
0.49924475
0.49924487
0.49924463
0.49924505
0.499245
0.49924535
0.499245
0.49924487
0.49924523
0.49924558
0.4992451
0.4992448
0.49924546
0.49924457
0.49924517
0.499245
0.4992447
0.49924523
0.49924517
0.49924505
0.49924546
0.49924475
0.4992451
0.4992451
0.49924493
0.49924475
0.4992451
0.499245
0.4992425
0.49924523
0.49924535
0.4992444
0.49924487
0.49924493
0.49924487
0.49924427
0.4992451
0.49924487
0.4992451
0.49924535
0.4992451
0.4992445
0.499245
0.4992438
0.49924487
0.49924505
0.4992451
0.49924487
0.4992454
0.499245
0.49924475
0.499245
0.49924493
0.49924517
0.49924463
0.49924517
0.4992451
0.49924427
0.4992451
0.49924505
0.4992448
0.49924517
0.49924475
0.4992448
0.49924517
0.4992454
0.49924493
0.49924523
0.49924356
0.49924493
0.49924523
0.49924487
0.499245
0.49924445
0.49924463
0.4992451
0.4992444
0.4992447
0.49924523
0.49924535
0.49924517
0.49924475
0.499245
0.49924475
0.4992447
0.49924475
0.499245
0.49924535
0.49924487
0.4992444
0.49924463
0.4992453
0.4992451
0.49924618
0.499245
0.49924427
0.49924487
0.49924475
0.4992453
0.49924493
0.4992451
0.499245
0.49924475
0.499245
0.4992451
0.49924517
0.4992453
0.49924523
0.49924523
0.499245
0.49924523
0.499245
0.49924463
0.49924392
0.49924535
0.49924487
0.4992451
0.4992451
0.49924487
0.49924523
0.499245
0.49924493
0.4992451
0.49924523
0.49924523
0.499245
0.49924493
0.4992448
0.49924523
0.499245
0.49924535
0.49924475
0.499245
0.49924546
0.4992451
0.4992451
0.49924487
0.4992451
0.4992451
0.49924487
0.49924523
0.49924475
0.49924523
0.49924463
0.49924487
0.4992451
0.49924487
0.4992451
0.499245
0.4992451
0.499245
0.49924505
0.499245
0.49924523
0.49924523
0.4992448
0.4992451
0.499245
0.49924463
0.4992453
0.49924523
0.49924523
0.49924558
0.4992451
0.49924523
0.499245
0.49924493
0.4992451
0.49924487
0.49924475
0.499245
0.4992451
0.49924535
0.499245
0.49924493
0.49924517
0.4992451
0.49924487
0.49924505
0.49924493
0.4992451
0.49924517
0.499245
0.49924517
0.49924487
0.49924505
0.49924535
0.4992453
0.49924517
0.49924487
0.49924517
0.49924535
0.49924523
0.499245
0.4992454
0.4992453
0.49924475
0.49924475
0.49924505
0.4992448
0.4992445
0.49924523
0.499245
0.499245
0.49924463
0.4992448
0.4992453
0.499245
0.49924415
0.49924505
0.49924427
0.4992451
0.49924487
0.49924517
0.499245
0.4992451
0.49924487
0.49924535
0.49924558
0.49924523
0.49924493
0.4992444
0.49924475
0.4992448
0.49924535
0.499245
0.49924523
0.49924546
0.49924517
0.4992451
0.4992451
0.49924487
0.4992454
0.49924457
0.49924493
0.49924487
0.499245
0.49924523
0.4992457
0.4992451
0.499245
0.49924487
0.499245
0.49924487
0.49924505
0.4992451
0.49924535
0.49924475
0.4992448
0.49924487
0.49924487
0.4992451
0.49924535
0.49924535
0.49924493
0.4992445
0.49924523
0.49924523
0.4992451
0.49924517
0.499245
0.49924535
0.49924505
0.4992451
0.49924535
0.49924463
0.49924523
0.4992451
0.4992453
0.49924523
0.49924487
0.49924523
0.499245
0.49924463
0.49924535
0.499245
0.49924487
0.49924535
0.4992448
0.4992445
0.49924517
0.4992448
0.4992451
0.49924487
0.499245
0.49924487
0.49924535
0.49924535
0.499245
0.4992444
0.4992451
0.4992451
0.49924517
0.4992451
0.499245
0.4992451
0.49924487
0.4992451
0.4992451
0.4992451
0.499245
0.4992444
0.49924475
0.49924487
0.4992448
0.49924505
0.49924487
0.49924505
0.49924546
0.49924546
0.4992451
0.49924463
0.49924475
0.49924523
0.49924487
0.49924487
0.49924505
0.4992444
0.4992448
0.4992454
0.499245
0.499245
0.49924487
0.4992448
0.49924487
0.49924517
0.49924493
0.49924523
0.4992451
0.49924535
0.499245
0.499245
0.49924505
0.49924535
0.49924487
0.499245
0.49924487
0.49924517
0.4992451
0.49924523
0.49924546
0.49924487
0.4992457
0.4992451
0.49924505
0.49924475
0.49924493
0.49924487
0.49924493
0.49924606
0.4992448
0.49924493
0.49924517
0.49924517
0.49924475
0.49924487
0.49924487
0.49924475
0.49924517
0.499245
0.49924475
0.49924457
0.49924523
0.49924493
0.49924523
0.4992448
0.49924517
0.4992447
0.4992454
0.49924505
0.49924523
0.49924523
0.499245
0.49924487
0.499245
0.499245
0.4992451
0.4992451
0.4992448
0.49924475
0.49924523
0.49924487
0.49924612
0.49924505
0.4992451
0.49924487
0.4992451
0.49924427
0.49924475
0.499245
0.49924505
0.49924475
0.4992451
0.49924523
0.499245
0.49924546
0.49924493
0.499245
0.49924487
0.49924392
0.4992448
0.49924523
0.4992451
0.4992451
0.49924523
0.49924612
0.49924475
0.49924505
0.49924463
0.4992454
0.49924487
0.49924487
0.4992448
0.49924487
0.4992448
0.49924535
0.4992451
0.4992457
0.4992451
0.49924517
0.49924517
0.49924487
0.499245
0.4992451
0.49924487
0.49924523
0.49924517
0.49924475
0.499245
0.49924386
0.4992451
0.49924535
0.49924493
0.49924523
0.49924493
0.49924505
0.49924493
0.49924523
0.4992451
0.49924475
0.499245
0.499245
0.49924523
0.49924493
0.49924487
0.49924493
0.49924493
0.49924523
0.4992453
0.49924517
0.49924487
0.4992451
0.499245
0.49924493
0.49924493
0.49924517
0.49924487
0.4992451
0.49924535
0.4992453
0.499245
0.49924517
0.49924505
0.499245
0.49924475
0.499245
0.49924475
0.4992451
0.49924475
0.499245
0.49924535
0.49924457
0.49924463
0.499245
0.49924535
0.49924487
0.49924546
0.499245
0.49924475
0.49924523
0.49924523
0.499245
0.49924332
0.4992451
0.499245
0.4992451
0.4992454
0.49924487
0.499245
0.49924493
0.4992451
0.49924487
0.49924487
0.49924546
0.49924523
0.49924493
0.49924493
0.49924475
0.4992451
0.49924487
0.49924523
0.499245
0.499245
0.499245
0.49924493
0.49924487
0.49924517
0.49924463
0.49924487
0.49924523
0.49924535
0.49924505
0.49924493
0.49924457
0.4992453
0.49924475
0.49924517
0.49924487
0.49924487
0.49924487
0.499245
0.4992451
0.49924535
0.49924487
0.4992453
0.49924493
0.49924475
0.49924523
0.49924505
0.4992451
0.49924523
0.499245
0.4992451
0.4992448
0.4992451
0.49924517
0.49924487
0.49924535
0.49924487
0.49924505
0.49924487
0.49924415
0.49924475
0.49924493
0.499245
0.49924487
0.49924487
0.4992451
0.49924505
0.49924517
0.49924517
0.49924535
0.499245
0.499245
0.49924535
0.499245
0.49924523
0.49924505
0.4992451
0.49924535
0.49924523
0.4992451
0.49924403
0.49924487
0.49924493
0.4992448
0.499245
0.49924517
0.49924523
0.49924558
0.4992451
0.49924487
0.499245
0.4992454
0.49924487
0.49924457
0.4992451
0.49924487
0.4992451
0.49924487
0.4992451
0.49924523
0.499245
0.49924535
0.4992453
0.49924487
0.4992451
0.49924558
0.4992451
0.49924487
0.49924493
0.499245
0.499245
0.4992447
0.499245
0.49924475
0.49924523
0.4992451
0.49924523
0.49924493
0.499245
0.4992451
0.49924487
0.49924493
0.499245
0.49924523
0.49924535
0.49924558
0.4992451
0.49924523
0.4992451
0.49924487
0.4992451
0.49924487
0.49924582
0.49924487
0.49924463
0.49924487
0.49924487
0.49924487
0.49924493
0.49924475
0.49924523
0.49924475
0.49924523
0.4992451
0.49924493
0.49924523
0.49924523
0.4992451
0.499245
0.49924546
0.49924535
0.49924487
0.49924463
0.49924475
0.49924505
0.4992451
0.49924475
0.49924463
0.4992451
0.49924493
0.49924535
0.49924487
0.4992451
0.499245
0.4992448
0.4992448
0.49924356
0.4992453
0.49924523
0.4992445
0.4992454
0.4992451
0.49924517
0.49924517
0.49924535
0.499245
0.49924505
0.4992448
0.4992451
0.49924523
0.4992451
0.49924433
0.4992442
0.49924475
0.4992448
0.49924505
0.4992451
0.49924523
0.49924517
0.499245
0.4992447
0.49924523
0.4992451
0.4992448
0.49924535
0.4992451
0.49924487
0.49924523
0.4992451
0.49924463
0.49924523
0.49924558
0.4992451
0.499245
0.4992447
0.49924487
0.49924487
0.49924523
0.4992451
0.49924463
0.4992448
0.4992451
0.499245
0.49924523
0.4992453
0.499245
0.49924523
0.4992451
0.49924475
0.49924517
0.49924552
0.49924475
0.49924427
0.49924463
0.499245
0.499245
0.4992451
0.49924463
0.4992451
0.49924487
0.49924523
0.49924463
0.49924487
0.499245
0.4992463
0.4992453
0.49924535
0.49924487
0.4992451
0.49924517
0.49924475
0.49924564
0.4992451
0.49924523
0.49924517
0.4992451
0.4992451
0.4992451
0.49924463
0.49924517
0.49924487
0.499245
0.49924487
0.49924415
0.499245
0.49924535
0.49924523
0.49924487
0.4992448
0.49924505
0.49924487
0.49924535
0.49924487
0.4992451
0.4992451
0.49924517
0.49924535
0.49924463
0.4992451
0.49924523
0.499245
0.4992451
0.49924517
0.49924475
0.49924505
0.49924517
0.4992451
0.49924523
0.49924493
0.49924523
0.499245
0.4992451
0.49924505
0.49924475
0.49924535
0.49924475
0.49924487
0.49924493
0.49924505
0.4992451
0.49924535
0.4992448
0.49924475
0.4992451
0.499245
0.4992447
0.49924523
0.4992438
0.49924475
0.49924487
0.49924523
0.49924487
0.49924415
0.499245
0.499245
0.49924493
0.499245
0.49924463
0.4992451
0.499245
0.4992453
0.4992451
0.499245
0.49924487
0.49924523
0.4992447
0.49924523
0.49924558
0.49924535
0.49924487
0.4992451
0.4992448
0.49924517
0.49924475
0.49924487
0.4992448
0.4992451
0.49924558
0.49924487
0.4992457
0.49924493
0.4992451
0.49924523
0.499245
0.4992451
0.49924523
0.49924487
0.49924505
0.499245
0.4992451
0.49924505
0.49924546
0.49924463
0.4992444
0.4992451
0.49924505
0.4992453
0.4992451
0.4992453
0.49924463
0.499245
0.49924523
0.4992451
0.4992445
0.49924523
0.49924493
0.4992451
0.49924392
0.4992445
0.49924475
0.499245
0.49924475
0.4992445
0.49924493
0.499245
0.49924487
0.499245
0.49924493
0.499245
0.499245
0.49924487
0.49924475
0.49924517
0.49924523
0.49924517
0.49924487
0.49924535
0.49924487
0.49924463
0.49924475
0.49924523
0.49924463
0.49924523
0.4992451
0.49924594
0.49924505
0.49924415
0.49924523
0.49924475
0.49924475
0.49924487
0.49924487
0.4992451
0.49924475
0.4992453
0.4992451
0.49924493
0.49924463
0.4992451
0.4992453
0.49924457
0.4992451
0.49924523
0.49924523
0.49924475
0.49924487
0.49924475
0.49924463
0.4992453
0.49924505
0.49924487
0.49924487
0.4992453
0.4992447
0.4992451
0.49924493
0.49924517
0.499245
0.4992451
0.49924523
0.49924487
0.49924558
0.499245
0.499245
0.49924523
0.4992451
0.4992451
0.4992447
0.49924523
0.4992451
0.4992448
0.4992451
0.499245
0.49924487
0.499245
0.49924487
0.49924523
0.49924487
0.49924403
0.49924535
0.49924517
0.49924487
0.49924505
0.4992448
0.4992451
0.49924487
0.49924523
0.49924505
0.4992451
0.49924523
0.4992451
0.49924523
0.4992451
0.49924505
0.49924487
0.49924505
0.49924505
0.499245
0.4992451
0.499245
0.49924535
0.4992451
0.49924415
0.49924487
0.49924487
0.499245
0.4992451
0.49924487
0.49924475
0.49924475
0.49924475
0.49924523
0.49924517
0.49924523
0.4992451
0.49924487
0.4992451
0.49924505
0.49924415
0.499245
0.4992448
0.49924487
0.499245
0.499245
0.49924535
0.49924523
0.4992453
0.499245
0.4992444
0.49924517
0.4992451
0.49924535
0.4992445
0.49924517
0.49924463
0.49924523
0.4992451
0.4992451
0.4992451
0.49924517
0.49924523
0.49924487
0.49924523
0.49924517
0.49924505
0.49924523
0.4992451
0.4992451
0.49924523
0.499245
0.49924535
0.4992447
0.49924457
0.49924505
0.499245
0.49924582
0.4992453
0.49924475
0.4992454
0.49924523
0.4992457
0.49924487
0.4992454
0.49924475
0.49924493
0.4992447
0.49924523
0.49924487
0.49924487
0.4992448
0.49924487
0.49924463
0.4992481
0.499245
0.4992451
0.499245
0.49924523
0.49924505
0.4992451
0.49924487
0.4992451
0.49924523
0.499245
0.49924517
0.49924535
0.499245
0.49924552
0.49924493
0.49924487
0.4992451
0.499245
0.49924427
0.49924475
0.49924487
0.49924523
0.499245
0.49924535
0.49924505
0.49924523
0.49924487
0.499245
0.49924475
0.4992451
0.49924493
0.4992451
0.499245
0.4992454
0.49924523
0.4992451
0.49924487
0.4992448
0.49924517
0.4992451
0.49924523
0.49924505
0.49924546
0.49924535
0.49924493
0.4992451
0.49924505
0.49924505
0.499245
0.49924523
0.49924523
0.49924523
0.49924535
0.49924475
0.49924493
0.49924487
0.49924523
0.49924535
0.49924457
0.49924535
0.49924523
0.49924493
0.49924588
0.49924546
0.49924487
0.49924523
0.49924487
0.49924493
0.49924535
0.49924487
0.49924487
0.49924517
0.499245
0.4992445
0.49924463
0.499245
0.49924487
0.49924523
0.49924487
0.499245
0.49924397
0.4992448
0.49924523
0.49924535
0.49924475
0.49924523
0.499245
0.49924523
0.49924523
0.4992451
0.4992451
0.4992447
0.49924493
0.49924523
0.49924523
0.49924475
0.49924487
0.49924505
0.49924505
0.49924487
0.4992451
0.499245
0.49924523
0.49924505
0.49924523
0.49924475
0.49924493
0.49924535
0.4992445
0.4992448
0.4992453
0.499245
0.49924463
0.499245
0.49924517
0.49924535
0.4992445
0.49924517
0.499245
0.49924523
0.4992451
0.49924493
0.49924475
0.49924475
0.49924475
0.4992451
0.49924523
0.49924487
0.49924475
0.49924362
0.49924403
0.499245
0.4992451
0.49924517
0.4992451
0.4992451
0.4992451
0.49924505
0.49924582
0.49924517
0.49924475
0.49924463
0.4992445
0.4992451
0.49924523
0.49924523
0.4992448
0.4992451
0.499245
0.499245
0.49924505
0.499245
0.49924558
0.49924487
0.49924487
0.49924493
0.49924636
0.499245
0.49924487
0.49924487
0.499245
0.499245
0.49924487
0.49924487
0.49924523
0.49924517
0.49924475
0.49924523
0.499245
0.49924523
0.4992448
0.4992451
0.49924546
0.49924475
0.499245
0.49924475
0.499245
0.4992453
0.49924487
0.499245
0.4992453
0.499245
0.49924523
0.49924517
0.49924558
0.49924487
0.4992448
0.49924523
0.49924517
0.4992448
0.4992451
0.49924523
0.4992445
0.49924523
0.49924517
0.49924517
0.49924558
0.49924523
0.4992451
0.499245
0.4992453
0.49924523
0.4992447
0.499245
0.49924505
0.499245
0.49924523
0.49924487
0.49924487
0.4992451
0.4992445
0.49924505
0.4992451
0.499245
0.49924493
0.4992451
0.4992451
0.49924487
0.4992451
0.49924505
0.49924523
0.49924487
0.499245
0.499245
0.499245
0.49924523
0.49924523
0.49924505
0.49924517
0.4992454
0.49924493
0.4992451
0.49924523
0.49924505
0.49924493
0.4992444
0.49924493
0.49924523
0.4992451
0.49924493
0.49924552
0.49924505
0.49924487
0.49924487
0.49924505
0.49924546
0.49924487
0.49924535
0.49924523
0.4992447
0.49924356
0.499245
0.499245
0.4992451
0.49924535
0.49924463
0.49924475
0.49924487
0.49924487
0.49924523
0.4992451
0.49924475
0.49924523
0.49924493
0.49924523
0.49924487
0.49924487
0.49924475
0.49924487
0.49924535
0.4992451
0.4992451
0.49924558
0.49924523
0.49924517
0.49924523
0.49924487
0.4992451
0.49924505
0.49924517
0.4992451
0.49924523
0.49924487
0.49924523
0.49924523
0.499245
0.499245
0.49924487
0.49924505
0.49924475
0.49924487
0.49924487
0.4992451
0.4992448
0.4992442
0.499245
0.49924505
0.49924487
0.4992451
0.49924493
0.4992453
0.49924463
0.49924505
0.49924493
0.49924523
0.49924475
0.49924523
0.49924523
0.4992448
0.49924487
0.49924487
0.49924487
0.4992451
0.49924487
0.4992451
0.49924487
0.49924523
0.4992451
0.49924546
0.49924535
0.4992451
0.49924558
0.4992451
0.49924487
0.49924415
0.49924475
0.499245
0.49924475
0.49924493
0.49924523
0.49924475
0.4992448
0.4992451
0.49924523
0.49924523
0.4992438
0.4992451
0.499245
0.49924523
0.49924523
0.49924535
0.49924517
0.49924475
0.49924535
0.4992451
0.49924523
0.49924487
0.499245
0.4992451
0.49924487
0.49924487
0.49924493
0.49924487
0.4992453
0.49924523
0.4992448
0.4992445
0.499245
0.49924546
0.49924493
0.4992453
0.4992451
0.49924558
0.49924487
0.499245
0.4992451
0.4992447
0.49924523
0.4992451
0.49924493
0.49924487
0.499245
0.49924493
0.4992451
0.49924517
0.49924475
0.49924487
0.499245
0.49924523
0.49924505
0.49924487
0.4992444
0.49924546
0.49924403
0.4992448
0.49924523
0.4992447
0.49924493
0.49924523
0.4992453
0.4992448
0.49924523
0.49924523
0.4992453
0.49924523
0.49924487
0.49924517
0.499245
0.4992451
0.49924487
0.4992453
0.49924487
0.49924487
0.49924523
0.49924487
0.4992451
0.499245
0.49924475
0.49924475
0.4992447
0.499245
0.4992444
0.499245
0.4992448
0.4992451
0.49924475
0.49924546
0.49924487
0.49924535
0.49924535
0.49924463
0.49924487
0.49924517
0.49924558
0.49924517
0.49924493
0.4992444
0.49924463
0.49924487
0.49924505
0.4992451
0.4992451
0.4992444
0.49924505
0.49924535
0.4992451
0.49924582
0.4992451
0.4992451
0.4992451
0.49924523
0.49924517
0.49924487
0.49924535
0.49924493
0.49924546
0.499245
0.4992444
0.4992451
0.4992451
0.4992451
0.49924487
0.49924546
0.4992447
0.4992451
0.49924523
0.4992447
0.4992451
0.49924517
0.49924558
0.4992451
0.49924475
0.49924535
0.49924517
0.49924162
0.49924487
0.49924493
0.49924487
0.49924487
0.499246
0.4992451
0.49924523
0.4992451
0.49924523
0.499245
0.4992451
0.49924535
0.49924505
0.4992444
0.49924427
0.4992453
0.4992451
0.49924523
0.49924487
0.4992451
0.49924487
0.49924523
0.49924487
0.49924493
0.49924487
0.49924487
0.4992451
0.4992445
0.4992453
0.49924523
0.49924493
0.49924487
0.499245
0.4992451
0.499245
0.49924487
0.49924487
0.49924523
0.4992457
0.49924505
0.49924535
0.4992453
0.49924475
0.49924505
0.49924535
0.4992451
0.499245
0.49924523
0.49924517
0.49924487
0.49924517
0.49924523
0.49924487
0.49924523
0.4992448
0.49924487
0.499245
0.49924487
0.49924535
0.499245
0.49924517
0.49924517
0.49924487
0.49924517
0.49924475
0.49924523
0.499245
0.4992451
0.49924475
0.49924517
0.49924475
0.49924493
0.49924523
0.49924487
0.49924463
0.4992451
0.499245
0.4992451
0.4992448
0.49924487
0.49924493
0.49924505
0.49924493
0.49924535
0.499245
0.49924487
0.49924475
0.49924505
0.49924523
0.4992451
0.49924487
0.499245
0.49924487
0.49924487
0.49924523
0.4992451
0.49924517
0.49924523
0.49924523
0.49924505
0.49924505
0.499245
0.499245
0.49924523
0.499245
0.49924523
0.499245
0.49924523
0.49924523
0.4992447
0.49924505
0.49924457
0.4992451
0.49924535
0.4992451
0.49924475
0.49924368
0.49924517
0.49924523
0.49924505
0.49924535
0.49924523
0.49924475
0.49924505
0.499245
0.49924475
0.4992451
0.49924487
0.49924475
0.49924493
0.49924505
0.49924523
0.4992451
0.4992453
0.49924535
0.49924523
0.4992448
0.49924493
0.49924558
0.4992451
0.49924505
0.49924463
0.4992451
0.4992451
0.49924415
0.499245
0.4992454
0.49924535
0.49924546
0.4992451
0.49924517
0.49924487
0.4992447
0.49924475
0.49924523
0.499245
0.499245
0.49924523
0.49924535
0.49924523
0.4992448
0.4992451
0.49924475
0.499245
0.49924493
0.4992448
0.49924505
0.49924546
0.49924523
0.49924493
0.49924493
0.49924546
0.4992451
0.4992451
0.49924505
0.499245
0.49924487
0.4992448
0.49924505
0.49924493
0.49924493
0.49924487
0.49924523
0.49924487
0.49924505
0.499245
0.49924523
0.49924433
0.4992448
0.499245
0.4992453
0.49924576
0.49924487
0.4992451
0.49924523
0.49924475
0.49924523
0.4992453
0.49924463
0.4992448
0.49924493
0.49924517
0.4992451
0.49924535
0.49924523
0.49924493
0.4992451
0.499245
0.49924475
0.4992448
0.4992451
0.49924552
0.49924535
0.49924475
0.49924517
0.4992453
0.49924535
0.49924523
0.4992451
0.499245
0.4992451
0.49924493
0.4992453
0.499245
0.49924523
0.49924517
0.4992451
0.4992451
0.49924523
0.49924487
0.4992451
0.49924487
0.49924523
0.499245
0.499245
0.49924493
0.49924517
0.499245
0.49924523
0.49924487
0.49924487
0.499245
0.49924535
0.49924523
0.49924487
0.49924475
0.4992448
0.4992448
0.499245
0.499245
0.49924523
0.49924523
0.4992451
0.49924505
0.49924505
0.4992451
0.4992451
0.4992453
0.499245
0.49924523
0.4992447
0.4992451
0.4992451
0.4992451
0.49924493
0.499245
0.49924475
0.49924535
0.49924523
0.49924546
0.49924505
0.4992451
0.4992448
0.49924523
0.49924493
0.49924505
0.49924523
0.49924475
0.49924493
0.499245
0.4992448
0.49924546
0.49924487
0.4992451
0.49924463
0.49924558
0.4992451
0.49924445
0.49924475
0.49924523
0.4992451
0.499245
0.49924523
0.4992453
0.499245
0.49924475
0.4992451
0.49924517
0.49924487
0.49924505
0.4992451
0.49924505
0.49924487
0.49924517
0.49924517
0.49924505
0.4992451
0.4992451
0.4992451
0.499245
0.4992451
0.499245
0.49924535
0.49924523
0.49924475
0.49924463
0.49924463
0.4992451
0.49924475
0.49924523
0.49924475
0.49924517
0.49924487
0.49924535
0.4992453
0.49924523
0.49924523
0.49924517
0.4992451
0.49924546
0.49924505
0.49924523
0.49924523
0.49924487
0.49924517
0.4992448
0.499245
0.49924475
0.49924457
0.499245
0.49924505
0.49924523
0.49924535
0.499245
0.49924427
0.499245
0.49924445
0.49924552
0.49924493
0.4992451
0.49924517
0.49924552
0.49924463
0.49924475
0.49924517
0.49924523
0.49924403
0.4992476
0.49924487
0.4992451
0.4992451
0.49924463
0.49924535
0.49924487
0.49924487
0.4992451
0.4992444
0.49924535
0.4992451
0.49924487
0.49924475
0.4992451
0.49924505
0.49924487
0.49924487
0.49924523
0.49924487
0.49924535
0.4992451
0.49924403
0.4992447
0.49924505
0.49924463
0.49924523
0.49924487
0.4992451
0.4992453
0.4992448
0.49924523
0.49924523
0.4992453
0.4992451
0.4992453
0.4992445
0.49924493
0.4992451
0.4992451
0.499245
0.49924487
0.4992451
0.49924523
0.4992451
0.49924487
0.499245
0.4992451
0.49924493
0.49924475
0.49924493
0.4992447
0.49924392
0.49924517
0.49924332
0.49924535
0.49924475
0.49924475
0.49924493
0.49924535
0.49924546
0.49924493
0.4992451
0.499245
0.4992451
0.4992451
0.49924475
0.49924523
0.49924487
0.49924523
0.49924517
0.49924535
0.49924523
0.49924403
0.4992451
0.499245
0.49924523
0.49924487
0.49924523
0.49924457
0.49924546
0.49924433
0.49924487
0.499245
0.49924475
0.49924475
0.49924535
0.499245
0.49924505
0.4992451
0.4992451
0.49924546
0.4992445
0.49924546
0.49924523
0.49924517
0.4992444
0.4992448
0.49924493
0.49924523
0.49924463
0.49924457
0.4992451
0.49924523
0.49924505
0.49924463
0.4992453
0.49924523
0.49924475
0.4992451
0.4992448
0.49924505
0.49924535
0.49924523
0.49924517
0.49924523
0.49924505
0.4992453
0.4992445
0.499245
0.4992451
0.499245
0.49924487
0.49924463
0.49924523
0.49924475
0.499245
0.499245
0.4992444
0.49924487
0.4992444
0.4992441
0.49924523
0.49924535
0.4992445
0.49924618
0.4992447
0.4992457
0.49924535
0.49924487
0.499245
0.49924517
0.4992451
0.49924523
0.4992451
0.49924535
0.49924535
0.49924523
0.49924475
0.4992448
0.49924523
0.49924523
0.4992442
0.499245
0.49924374
0.499245
0.49924487
0.49924523
0.4992451
0.49924487
0.49924535
0.4992447
0.49924523
0.49924523
0.49924487
0.49924487
0.49924487
0.49924487
0.4992451
0.4992451
0.4992447
0.49924475
0.49924505
0.49924523
0.4992451
0.49924523
0.49924487
0.49924487
0.49924493
0.4992448
0.49924523
0.49924493
0.49924487
0.499245
0.4992451
0.49924475
0.49924523
0.499245
0.49924535
0.499245
0.49924344
0.49924546
0.49924487
0.4992447
0.499245
0.49924558
0.4992451
0.49924523
0.4992454
0.499245
0.49924523
0.49924523
0.4992451
0.49924487
0.49924198
0.4992451
0.499245
0.49924517
0.4992451
0.49924558
0.49924487
0.4992451
0.49924618
0.49924487
0.49924523
0.49924523
0.49924463
0.49924415
0.4992445
0.49924535
0.49924487
0.49924523
0.49924523
0.4992451
0.49924493
0.49924487
0.49924523
0.49924523
0.4992451
0.49924523
0.4992451
0.4992451
0.4992451
0.49924505
0.49924493
0.49924535
0.4992451
0.49924415
0.4992451
0.4992453
0.49924493
0.499245
0.49924493
0.499245
0.49924463
0.49924505
0.4992451
0.49924475
0.49924457
0.499245
0.49924493
0.49924535
0.4992453
0.499245
0.49924517
0.49924487
0.49924487
0.49924487
0.4992451
0.4992444
0.49924523
0.49924535
0.49924523
0.49924546
0.4992451
0.49924523
0.49924517
0.499245
0.4992453
0.4992451
0.49924487
0.4992451
0.4992453
0.499245
0.49924523
0.4992451
0.49924487
0.499245
0.4992451
0.49924523
0.499245
0.49924535
0.49924523
0.49924475
0.49924493
0.49924475
0.49924523
0.49924487
0.499245
0.4992447
0.49924523
0.49924523
0.4992451
0.4992451
0.49924493
0.499245
0.49924523
0.49924463
0.499245
0.49924535
0.499245
0.49924487
0.49924523
0.49924535
0.499245
0.4992445
0.49924558
0.49924463
0.4992451
0.49924487
0.49924493
0.49924523
0.49924463
0.4992453
0.49924487
0.49924487
0.49924517
0.499245
0.49924523
0.49924463
0.49924523
0.49924457
0.49924505
0.4992451
0.4992448
0.499245
0.49924487
0.4992442
0.499245
0.49924523
0.4992451
0.49924523
0.49924493
0.499245
0.4992451
0.49924535
0.4992448
0.49924487
0.4992445
0.49924463
0.4992451
0.49924487
0.4992451
0.4992448
0.49924487
0.49924475
0.49924523
0.49924487
0.49924523
0.49924487
0.49924535
0.499245
0.49924463
0.49924493
0.49924403
0.49924535
0.49924517
0.49924463
0.49924523
0.49924523
0.4992451
0.49924505
0.49924523
0.49924487
0.49924523
0.499245
0.49924523
0.49924475
0.49924463
0.4992448
0.49924523
0.49924505
0.49924487
0.4992451
0.499245
0.4992451
0.49924535
0.499245
0.49924523
0.49924523
0.49924475
0.49924505
0.4992451
0.49924523
0.4992445
0.49924505
0.499245
0.49924493
0.499245
0.4992445
0.49924487
0.4992453
0.49924523
0.49924487
0.4992448
0.499245
0.49924505
0.4992457
0.49924523
0.49924523
0.49924487
0.49924487
0.49924523
0.49924487
0.49924517
0.49924475
0.4992451
0.49924523
0.499245
0.4992451
0.49924463
0.4992451
0.4992451
0.49924487
0.49924535
0.49924535
0.4992451
0.49924523
0.49924535
0.499245
0.49924523
0.499245
0.49924487
0.4992448
0.4992448
0.499245
0.49924523
0.49924523
0.49924523
0.49924582
0.499245
0.49924433
0.4992451
0.49924523
0.49924493
0.49924487
0.4992453
0.49924546
0.4992451
0.499245
0.49924487
0.49924535
0.49924475
0.4992457
0.49924475
0.499245
0.49924487
0.4992457
0.4992451
0.4992454
0.49924552
0.499245
0.49924523
0.49924505
0.4992448
0.49924487
0.4992451
0.49924523
0.49924505
0.4992451
0.49924487
0.49924517
0.49924463
0.4992451
0.4992451
0.49924487
0.49924606
0.499245
0.4992448
0.49924523
0.499245
0.49924523
0.499245
0.499245
0.4992451
0.49924487
0.49924487
0.499245
0.49924523
0.49924517
0.4992444
0.49924487
0.4992451
0.49924523
0.4992451
0.49924505
0.4992453
0.49924493
0.49924475
0.49924505
0.49924517
0.4992448
0.4992451
0.499245
0.499245
0.4992448
0.49924523
0.499245
0.49924487
0.49924487
0.499245
0.4992451
0.49924523
0.499245
0.49924505
0.4992448
0.49924523
0.49924505
0.49924493
0.49924493
0.49924475
0.499245
0.49924535
0.49924517
0.49924487
0.4992451
0.499245
0.49924523
0.499245
0.49924523
0.49924517
0.49924487
0.49924523
0.49924487
0.49924523
0.4992451
0.49924564
0.49924505
0.4992447
0.49924457
0.499245
0.49924475
0.49924475
0.49924505
0.49924487
0.49924523
0.499245
0.49924463
0.49924487
0.4992448
0.49924427
0.49924505
0.49924523
0.499245
0.499245
0.4992445
0.499245
0.49924523
0.49924403
0.49924487
0.4992451
0.49924505
0.4992451
0.4992451
0.499245
0.4992448
0.49924475
0.499245
0.49924552
0.49924517
0.49924523
0.499245
0.49924517
0.4992451
0.49924546
0.499245
0.49924487
0.49924487
0.49924487
0.49924433
0.49924535
0.49924475
0.49924517
0.4992447
0.49924636
0.49924487
0.4992451
0.49924523
0.49924487
0.49924594
0.4992451
0.4992451
0.49924517
0.49924487
0.49924493
0.49924535
0.49924523
0.49924564
0.49924552
0.49924475
0.4992451
0.49924517
0.4992451
0.4992454
0.4992451
0.49924505
0.4992448
0.49924427
0.499245
0.499245
0.49924463
0.4992448
0.499245
0.49924523
0.49924535
0.49924493
0.499245
0.49924523
0.4992451
0.49924535
0.49924415
0.49924475
0.49924463
0.49924415
0.49924517
0.4992451
0.499245
0.49924487
0.49924493
0.4992448
0.4992451
0.4992451
0.49924487
0.499245
0.4992451
0.4992447
0.49924487
0.49924523
0.49924517
0.499245
0.49924487
0.49924475
0.49924475
0.49924493
0.49924505
0.4992451
0.499245
0.49924523
0.49924523
0.49924523
0.4992453
0.49924564
0.49924463
0.49924523
0.49924487
0.499245
0.49924523
0.49924523
0.49924517
0.4992445
0.49924457
0.49924517
0.49924505
0.49924487
0.4992451
0.499245
0.49924487
0.499245
0.49924457
0.49924475
0.49924475
0.4992453
0.49924523
0.499245
0.4992453
0.49924523
0.49924523
0.49924475
0.4992451
0.49924487
0.49924523
0.49924487
0.49924475
0.499245
0.49924487
0.49924487
0.49924487
0.49924517
0.49924475
0.4992451
0.49924487
0.4992453
0.49924523
0.49924493
0.499245
0.4992451
0.49924535
0.4992445
0.499245
0.4992448
0.49924523
0.49924493
0.4992451
0.49924475
0.499245
0.499245
0.49924475
0.49924505
0.499245
0.49924487
0.4992453
0.4992451
0.49924475
0.49924535
0.4992451
0.49924546
0.4992448
0.4992448
0.49924517
0.49924475
0.49924505
0.49924517
0.49924487
0.49924523
0.49924535
0.4992451
0.49924523
0.49924487
0.4992451
0.49924493
0.49924475
0.49924523
0.4992448
0.49924535
0.49924487
0.49924493
0.499245
0.4992447
0.4992454
0.49924445
0.49924517
0.4992448
0.499245
0.49924505
0.4992447
0.4992448
0.49924535
0.49924505
0.49924234
0.49924463
0.499245
0.49924487
0.49924517
0.4992445
0.49924618
0.4992445
0.49924463
0.49924535
0.49924475
0.4992448
0.49924523
0.49924475
0.49924487
0.49924505
0.4992431
0.4992451
0.49924493
0.49924493
0.49924535
0.49924523
0.49924487
0.49924546
0.49924445
0.49924487
0.4992451
0.49924517
0.4992451
0.49924523
0.49924487
0.49924487
0.499245
0.4992447
0.49924487
0.49924517
0.49924523
0.49924505
0.4992451
0.4992451
0.49924487
0.49924546
0.4992453
0.49924475
0.49924487
0.49924463
0.4992451
0.49924415
0.4992444
0.49924558
0.4992451
0.49924505
0.4992451
0.49924487
0.4992451
0.49924457
0.4992457
0.4992451
0.4992453
0.49924546
0.49924493
0.4992451
0.49924523
0.49924487
0.49924523
0.49924523
0.49924487
0.49924487
0.49924475
0.49924457
0.49924523
0.49924487
0.49924487
0.49924427
0.49924493
0.499245
0.499245
0.49924517
0.4992451
0.49924558
0.49924493
0.499245
0.4992451
0.49924487
0.49924523
0.49924535
0.49924487
0.499245
0.49924487
0.4992451
0.49924523
0.49924493
0.4992453
0.499245
0.4992451
0.49924475
0.4992453
0.499243
0.499245
0.4992451
0.49924523
0.499245
0.4992447
0.49924535
0.49924475
0.499245
0.499245
0.4992451
0.499245
0.4992454
0.49924487
0.49924487
0.4992447
0.49924493
0.49924433
0.4992451
0.49924535
0.499245
0.4992451
0.499245
0.49924505
0.49924463
0.49924415
0.49924523
0.4992447
0.4992451
0.499245
0.4992451
0.49924505
0.49924535
0.49924487
0.49924505
0.49924332
0.49924475
0.49924546
0.49924487
0.49924487
0.49924487
0.499245
0.49924523
0.49924523
0.4992444
0.4992451
0.49924517
0.49924493
0.49924487
0.49924487
0.49924523
0.49924475
0.49924523
0.49924523
0.49924517
0.499245
0.49924517
0.4992448
0.499245
0.49924523
0.49924487
0.49924535
0.49924523
0.49924523
0.499245
0.49924558
0.49924487
0.49924487
0.4992451
0.49924475
0.499245
0.49924475
0.49924493
0.49924493
0.499245
0.4992451
0.4992451
0.49924523
0.4992451
0.4992447
0.4992451
0.49924493
0.49924523
0.49924535
0.499245
0.499245
0.49924487
0.49924517
0.49924523
0.49924487
0.4992451
0.49924517
0.499245
0.49924487
0.4992451
0.49924487
0.49924517
0.4992454
0.499245
0.49924523
0.49924475
0.49924505
0.499245
0.4992451
0.4992457
0.49924523
0.49924487
0.49924505
0.49924523
0.49924517
0.499245
0.499245
0.4992445
0.49924493
0.49924493
0.49924505
0.49924487
0.49924535
0.49924558
0.4992442
0.499245
0.49924523
0.4992445
0.4992448
0.49924487
0.49924463
0.499245
0.49924463
0.49924487
0.499245
0.49924523
0.49924523
0.49924546
0.49924523
0.49924475
0.49924493
0.4992448
0.49924535
0.49924433
0.49924517
0.49924523
0.49924487
0.49924523
0.49924493
0.49924415
0.49924523
0.4992451
0.4992451
0.49924546
0.49924487
0.499245
0.49924487
0.49924487
0.49924505
0.4992451
0.49924523
0.4992451
0.4992451
0.4992451
0.49924523
0.49924535
0.4992451
0.49924487
0.4992444
0.49924475
0.4992451
0.499245
0.499245
0.49924546
0.49924487
0.49924505
0.499245
0.49924463
0.499245
0.4992451
0.49924487
0.499245
0.49924535
0.4992451
0.499245
0.49924475
0.4992447
0.49924505
0.49924475
0.49924505
0.49924523
0.4992451
0.49924415
0.49924517
0.49924457
0.49924517
0.499245
0.49924487
0.49924546
0.4992451
0.49924517
0.4992451
0.4992451
0.49924475
0.4992447
0.4992453
0.4992445
0.49924487
0.499245
0.49924487
0.49924517
0.49924523
0.49924493
0.4992451
0.4992453
0.49924475
0.49924493
0.49924546
0.499245
0.49924475
0.49924535
0.49924535
0.4992451
0.4992451
0.49924523
0.4992451
0.4992448
0.4992444
0.49924523
0.49924487
0.49924535
0.49924487
0.499245
0.49924523
0.499245
0.4992442
0.499245
0.499245
0.49924523
0.4992451
0.499245
0.49924487
0.49924523
0.4992451
0.49924546
0.49924523
0.49924487
0.4992451
0.49924523
0.49924475
0.499245
0.499245
0.4992451
0.49924535
0.4992448
0.49924535
0.49924505
0.49924523
0.499245
0.49924487
0.49924505
0.4992445
0.49924505
0.4992451
0.49924475
0.4992451
0.49924505
0.49924523
0.4992448
0.4992451
0.4992454
0.4992454
0.49924475
0.49924505
0.49924517
0.4992451
0.49924535
0.49924523
0.4992451
0.49924475
0.4992451
0.49924505
0.49924523
0.49924487
0.4992448
0.49924487
0.49924487
0.49924594
0.49924505
0.49924487
0.49924535
0.4992451
0.49924535
0.49924487
0.499245
0.49924517
0.499245
0.4992448
0.499245
0.49924487
0.49924523
0.49924523
0.4992451
0.499245
0.49924517
0.49924487
0.49924487
0.49924523
0.4992451
0.4992451
0.49924487
0.4992453
0.49924505
0.4992451
0.49924546
0.49924487
0.49924523
0.49924517
0.4992451
0.4992444
0.49924487
0.49924523
0.49924475
0.4992451
0.4992451
0.49924463
0.49924356
0.499245
0.49924523
0.49924523
0.49924493
0.49924505
0.499245
0.49924517
0.4992448
0.49924523
0.49924517
0.49924445
0.4992448
0.4992451
0.49924517
0.49924487
0.49924523
0.4992451
0.49924487
0.49924487
0.49924487
0.4992448
0.49924493
0.4992451
0.49924505
0.49924517
0.49924523
0.4992451
0.49924523
0.4992451
0.499245
0.49924487
0.49924463
0.499245
0.49924487
0.49924505
0.49924427
0.49924487
0.49924487
0.4992451
0.49924463
0.4992451
0.49924493
0.4992453
0.49924493
0.499245
0.49924523
0.49924517
0.4992451
0.4992447
0.49924487
0.49924487
0.49924517
0.49924487
0.499245
0.49924487
0.499245
0.49924523
0.4992451
0.49924546
0.49924487
0.4992451
0.4992451
0.4992447
0.4992453
0.49924475
0.49924487
0.49924523
0.49924487
0.4992451
0.49924493
0.4992451
0.4992451
0.4992457
0.49924517
0.49924535
0.49924517
0.499245
0.4992445
0.49924523
0.4992451
0.4992451
0.49924523
0.49924535
0.499245
0.4992451
0.49924546
0.4992453
0.49924487
0.4992451
0.499245
0.49924493
0.49924475
0.49924523
0.4992444
0.4992451
0.4992451
0.49924493
0.4992451
0.49924523
0.49924487
0.4992453
0.49924475
0.4992453
0.49924493
0.49924552
0.4992451
0.49924558
0.49924487
0.4992451
0.49924523
0.49924535
0.49924517
0.4992448
0.49924463
0.4992451
0.49924487
0.49924535
0.49924487
0.49924487
0.49924523
0.49924457
0.499245
0.49924487
0.49924475
0.4992451
0.499245
0.49924493
0.49924517
0.49924487
0.49924535
0.49924517
0.49924523
0.49924505
0.49924523
0.49924523
0.4992448
0.49924487
0.499245
0.49924487
0.49924523
0.49924517
0.49924475
0.49924523
0.4992451
0.499245
0.4992425
0.49924505
0.49924523
0.499245
0.49924475
0.4992453
0.49924535
0.49924517
0.4992451
0.49924463
0.49924463
0.49924475
0.49924162
0.4992448
0.49924505
0.4992451
0.49924535
0.4992451
0.4992451
0.49924487
0.4992454
0.49924523
0.49924523
0.499245
0.49924475
0.4992451
0.4992451
0.49924523
0.49924535
0.499245
0.49924475
0.49924487
0.49924415
0.49924523
0.4992453
0.49924517
0.49924487
0.49924517
0.4992451
0.49924493
0.49924487
0.49924487
0.49924487
0.49924487
0.49924523
0.49924493
0.49924505
0.4992451
0.4992438
0.49924523
0.4992451
0.4992445
0.49924523
0.49924475
0.49924535
0.4992447
0.4992451
0.499245
0.49924523
0.49924487
0.49924535
0.49924505
0.499245
0.499245
0.4992451
0.49924475
0.4992451
0.49924457
0.499245
0.4992451
0.49924463
0.4992451
0.49924487
0.49924523
0.499245
0.4992451
0.4992451
0.499245
0.49924487
0.49924487
0.4992451
0.4992451
0.49924523
0.49924517
0.49924523
0.499245
0.49924523
0.499245
0.49924493
0.49924427
0.49924332
0.49924493
0.49924493
0.49924487
0.49924487
0.499245
0.4992451
0.49924487
0.49924535
0.49924523
0.4992453
0.49924463
0.49924523
0.499245
0.49924487
0.4992451
0.49924487
0.49924517
0.49924523
0.499245
0.499245
0.49924546
0.49924523
0.49924523
0.49924523
0.4992453
0.4992451
0.49924535
0.49924487
0.49924493
0.49924523
0.49924487
0.4992448
0.4992451
0.499245
0.4992453
0.49924487
0.49924487
0.4992448
0.499245
0.499245
0.4992451
0.49924517
0.4992451
0.49924493
0.49924523
0.499245
0.49924523
0.49924463
0.49924505
0.49924535
0.49924493
0.499245
0.4992445
0.499245
0.4992451
0.49924487
0.49924523
0.4992451
0.49924535
0.49924523
0.49924445
0.49924487
0.49924487
0.49924505
0.499245
0.49924487
0.49924487
0.49924523
0.4992451
0.49924493
0.4992448
0.49924463
0.49924487
0.49924505
0.49924517
0.49924445
0.49924487
0.49924487
0.49924505
0.4992451
0.4992451
0.49924463
0.499245
0.4992447
0.4992447
0.499245
0.49924505
0.4992453
0.49924368
0.49924487
0.49924475
0.4992451
0.49924546
0.4992445
0.49924475
0.499245
0.49924475
0.49924493
0.49924427
0.49924523
0.4992451
0.49924487
0.49924523
0.49924523
0.49924505
0.4992453
0.49924475
0.49924463
0.49924535
0.49924475
0.49924475
0.49924546
0.49924535
0.49924523
0.49924475
0.4992451
0.49924535
0.49924517
0.499245
0.49924487
0.499245
0.49924487
0.49924535
0.49924523
0.499245
0.4992451
0.49924487
0.4992451
0.499245
0.49924493
0.49924487
0.4992451
0.49924535
0.49924535
0.49924487
0.4992454
0.49924523
0.49924475
0.49924487
0.49924523
0.49924487
0.49924487
0.49924487
0.49924505
0.49924517
0.4992447
0.499245
0.4992451
0.49924523
0.49924523
0.49924493
0.49924463
0.4992451
0.4992451
0.49924463
0.49924523
0.49924517
0.49924487
0.49924535
0.499245
0.49924493
0.49924523
0.4992451
0.49924523
0.49924523
0.49924517
0.49924487
0.49924463
0.4992451
0.4992451
0.49924475
0.4992448
0.49924517
0.49924505
0.4992453
0.4992448
0.49924487
0.49924475
0.4992451
0.49924392
0.49924487
0.49924487
0.4992451
0.49924523
0.49924517
0.499245
0.49924505
0.4992451
0.49924678
0.499245
0.499245
0.49924487
0.49924505
0.499245
0.49924487
0.499245
0.49924523
0.4992445
0.4992448
0.4992448
0.499245
0.49924523
0.49924487
0.4992448
0.49924505
0.4992448
0.49924517
0.4992448
0.49924463
0.4992451
0.49924535
0.4992451
0.49924463
0.49924505
0.49924523
0.49924523
0.499245
0.49924487
0.49924523
0.499245
0.4992451
0.4992451
0.4992451
0.49924487
0.49924523
0.4992444
0.49924487
0.4992444
0.49924517
0.4992454
0.4992451
0.49924505
0.49924505
0.49924463
0.49924487
0.49924505
0.49924523
0.49924475
0.49924564
0.4992451
0.49924505
0.4992451
0.4992451
0.4992448
0.49924487
0.49924523
0.49924463
0.499245
0.4992451
0.49924546
0.49924523
0.49924493
0.49924457
0.49924535
0.4992451
0.49924535
0.49924493
0.499245
0.49924475
0.4992457
0.499245
0.49924582
0.49924523
0.499245
0.49924374
0.499245
0.49924344
0.4992451
0.49924535
0.49924546
0.49924546
0.49924475
0.49924523
0.49924487
0.49924523
0.49924445
0.49924523
0.499245
0.4992451
0.4992453
0.49924487
0.49924463
0.49924463
0.49924505
0.4992448
0.49924463
0.49924487
0.4992451
0.49924487
0.49924505
0.49924523
0.49924487
0.49924517
0.49924463
0.49924523
0.4992451
0.49924535
0.49924505
0.49924493
0.4992451
0.499245
0.499245
0.49924546
0.49924493
0.4992451
0.49924517
0.49924505
0.49924517
0.4992451
0.49924487
0.4992445
0.49924523
0.49924475
0.49924487
0.49924517
0.499245
0.49924523
0.499245
0.49924517
0.499245
0.49924517
0.49924523
0.4992451
0.4992457
0.49924463
0.49924487
0.4992451
0.49924517
0.4992451
0.49924535
0.4992451
0.499245
0.49924415
0.499245
0.49924523
0.49924523
0.49924517
0.4992448
0.499245
0.49924463
0.49924487
0.49924487
0.49924523
0.49924523
0.49924505
0.49924505
0.49924463
0.4992451
0.49924332
0.49924535
0.49924487
0.4992445
0.499245
0.49924505
0.499245
0.4992453
0.499245
0.4992447
0.4992447
0.499245
0.49924523
0.49924523
0.4992445
0.49924517
0.49924475
0.4992453
0.49924523
0.49924517
0.4992451
0.49924505
0.49924493
0.49924463
0.49924487
0.49924535
0.49924523
0.49924457
0.499245
0.49924475
0.49924487
0.49924523
0.49924356
0.499245
0.499245
0.499245
0.49924457
0.4992451
0.49924523
0.4992451
0.49924505
0.4992451
0.49924505
0.49924523
0.49924523
0.49924475
0.4992451
0.49924493
0.4992445
0.49924493
0.4992453
0.49924487
0.499245
0.49924475
0.49924523
0.49924433
0.4992448
0.4992451
0.499245
0.499245
0.49924505
0.49924475
0.49924594
0.49924463
0.49924487
0.4992448
0.49924487
0.49924487
0.49924475
0.49924523
0.49924493
0.499245
0.49924523
0.49924493
0.49924523
0.49924493
0.49924475
0.49924505
0.49924415
0.49924523
0.49924523
0.4992451
0.4992453
0.4992454
0.49924517
0.4992451
0.49924487
0.49924487
0.49924523
0.499245
0.49924487
0.499245
0.49924523
0.49924493
0.49924487
0.49924487
0.4992451
0.499245
0.49924487
0.49924392
0.49924162
0.49924523
0.49924517
0.499245
0.499245
0.49924487
0.4992451
0.499245
0.49924493
0.49924487
0.4992453
0.4992453
0.49924505
0.499245
0.49924487
0.49924505
0.49924505
0.4992448
0.49924463
0.49924523
0.499245
0.49924523
0.49924463
0.49924493
0.499245
0.49924415
0.49924475
0.49924546
0.49924463
0.49924523
0.49924475
0.499245
0.49924535
0.4992451
0.49924523
0.4992451
0.49924505
0.49924523
0.49924475
0.4992453
0.49924517
0.49924493
0.49924535
0.499245
0.49924523
0.4992448
0.49924535
0.49924523
0.499245
0.49924487
0.49924505
0.49924523
0.49924535
0.4992453
0.4992463
0.49924535
0.4992451
0.499245
0.499245
0.49924535
0.499245
0.4992451
0.49924523
0.49924463
0.499245
0.49924523
0.4992448
0.49924493
0.4992451
0.49924487
0.4992451
0.499245
0.49924535
0.499245
0.49924523
0.4992448
0.49924475
0.49924558
0.499245
0.49924487
0.49924535
0.4992447
0.49924535
0.499245
0.49924523
0.4992451
0.499245
0.499245
0.49924618
0.49924523
0.49924517
0.49924505
0.49924463
0.49924487
0.4992454
0.499245
0.49924463
0.499245
0.4992451
0.49924493
0.49924475
0.49924535
0.49924487
0.49924582
0.4992451
0.49924505
0.4992451
0.49924344
0.4992451
0.49924505
0.499245
0.49924487
0.49924594
0.49924517
0.4992451
0.49924535
0.499245
0.49924463
0.49924546
0.49924487
0.49924505
0.49924463
0.49924487
0.49924535
0.49924523
0.4992445
0.49924535
0.4992451
0.499245
0.499245
0.49924487
0.49924463
0.49924517
0.49924523
0.499245
0.49924487
0.49924475
0.499245
0.49924535
0.49924523
0.4992451
0.49924523
0.49924546
0.4992454
0.499245
0.49924487
0.4992451
0.499245
0.4992451
0.49924487
0.499245
0.49924523
0.49924463
0.4992451
0.49924505
0.49924505
0.4992469
0.49924535
0.49924505
0.4992451
0.49924487
0.499245
0.4992451
0.4992444
0.4992451
0.4992451
0.49924463
0.49924535
0.49924475
0.49924487
0.4992451
0.49924487
0.4992445
0.49924487
0.49924523
0.49924523
0.49924463
0.49924505
0.4992451
0.49924546
0.4992451
0.49924523
0.49924493
0.49924493
0.49924475
0.49924493
0.499245
0.4992451
0.49924475
0.49924475
0.4992453
0.499245
0.4992447
0.49924558
0.4992451
0.49924487
0.49924463
0.49924493
0.49924523
0.49924475
0.49924487
0.499245
0.49924558
0.49924517
0.49924493
0.49924505
0.4992454
0.4992451
0.49924523
0.499245
0.4992451
0.49924523
0.49924523
0.49924487
0.499245
0.49924535
0.49924505
0.49924523
0.49924535
0.4992451
0.4992445
0.49924523
0.4992451
0.49924475
0.49924487
0.49924523
0.49924475
0.49924487
0.49924523
0.49924487
0.499245
0.49924523
0.4992451
0.49924523
0.49924475
0.49924517
0.49924487
0.4992453
0.4992451
0.4992451
0.49924475
0.499245
0.499245
0.49924505
0.49924487
0.49924487
0.4992451
0.49924487
0.4992448
0.49924535
0.49924493
0.4992451
0.49924517
0.499245
0.49924487
0.49924523
0.49924517
0.49924487
0.49924487
0.49924523
0.4992451
0.49924517
0.49924517
0.4992451
0.4992451
0.49924475
0.49924427
0.4992451
0.4992451
0.49924487
0.49924487
0.49924475
0.49924493
0.4992447
0.49924576
0.4992451
0.49924523
0.499245
0.49924505
0.49924487
0.4992448
0.4992451
0.499245
0.49924463
0.49924487
0.4992451
0.49924523
0.4992451
0.49924517
0.4992451
0.49924523
0.49924475
0.4992451
0.49924487
0.49924487
0.49924463
0.49924493
0.4992451
0.49924505
0.499245
0.49924493
0.49924618
0.49924505
0.4992453
0.49924546
0.49924487
0.49924487
0.4992451
0.49924523
0.4992451
0.49924505
0.49924523
0.49924505
0.49924487
0.49924487
0.49924475
0.49924535
0.499245
0.49924523
0.499245
0.49924475
0.4992451
0.49924487
0.499245
0.49924517
0.49924475
0.4992451
0.49924463
0.49924487
0.49924463
0.49924523
0.4992451
0.499245
0.4992448
0.49924505
0.4992457
0.49924523
0.49924475
0.49924517
0.499245
0.49924493
0.49924475
0.49924487
0.4992451
0.4992451
0.49924505
0.499245
0.499245
0.499245
0.49924475
0.49924523
0.49924487
0.4992451
0.49924493
0.499245
0.49924606
0.49924505
0.4992451
0.49924487
0.49924523
0.49924487
0.49924493
0.49924523
0.49924535
0.4992451
0.49924487
0.49924582
0.49924487
0.49924457
0.49924505
0.4992451
0.4992453
0.49924523
0.4992451
0.49924475
0.49924517
0.4992454
0.4992453
0.49924487
0.4992448
0.4992469
0.4992451
0.49924487
0.49924487
0.49924415
0.49924523
0.49924505
0.4992453
0.49924535
0.49924523
0.49924493
0.49924487
0.499245
0.4992445
0.49924517
0.49924493
0.49924505
0.49924523
0.499245
0.4992451
0.49924463
0.49924535
0.499245
0.4992448
0.49924535
0.49924523
0.49924505
0.4992451
0.49924546
0.4992451
0.4992451
0.4992448
0.49924523
0.49924475
0.49924523
0.4992445
0.49924475
0.49924487
0.4992451
0.49924493
0.49924523
0.49924487
0.4992451
0.49924523
0.49924523
0.49924463
0.49924517
0.499245
0.4992451
0.4992451
0.49924475
0.49924505
0.49924487
0.4992451
0.49924457
0.499245
0.4992451
0.49924535
0.49924493
0.49924493
0.499245
0.49924463
0.49924535
0.499245
0.499245
0.49924546
0.49924493
0.49924523
0.49924535
0.4992447
0.49924463
0.49924493
0.4992451
0.49924487
0.49924493
0.49924487
0.49924523
0.4992451
0.49924523
0.499245
0.4992451
0.49924523
0.499245
0.4992445
0.499245
0.499245
0.4992448
0.4992448
0.499245
0.49924517
0.49924523
0.4992451
0.49924487
0.4992451
0.4992447
0.4992451
0.49924463
0.4992451
0.49924523
0.49924475
0.49924517
0.4992444
0.499245
0.4992451
0.49924487
0.4992454
0.4992451
0.4992451
0.4992451
0.499245
0.49924505
0.4992454
0.49924582
0.49924487
0.49924523
0.49924487
0.49924505
0.49924535
0.49924475
0.49924523
0.49924487
0.49924558
0.49924487
0.49924523
0.4992451
0.49924487
0.499245
0.49924558
0.49924475
0.49924523
0.49924463
0.499245
0.4992454
0.49924487
0.49924624
0.49924475
0.49924487
0.49924463
0.49924487
0.49924505
0.4992448
0.4992451
0.49924523
0.4992453
0.49924505
0.49924505
0.49924517
0.49924487
0.49924457
0.49924517
0.49924523
0.4992451
0.49924463
0.4992451
0.49924457
0.49924487
0.49924493
0.49924523
0.4992451
0.499245
0.499245
0.49924487
0.4992451
0.49924487
0.49924505
0.49924523
0.49924517
0.49924523
0.49924517
0.4992451
0.49924487
0.49924457
0.499245
0.4992447
0.4992451
0.49924487
0.499245
0.49924523
0.49924523
0.4992451
0.49924487
0.4992448
0.49924523
0.49924505
0.4992451
0.499245
0.4992451
0.49924517
0.49924493
0.49924362
0.49924487
0.49924535
0.49924523
0.49924487
0.49924493
0.49924493
0.49924505
0.4992457
0.49924523
0.4992451
0.49924523
0.4992453
0.49924475
0.49924517
0.4992451
0.49924517
0.4992451
0.49924535
0.4992451
0.49924517
0.49924475
0.499245
0.49924517
0.49924517
0.49924523
0.4992421
0.4992448
0.4992445
0.49924475
0.499245
0.49924475
0.4992451
0.49924523
0.49924493
0.49924463
0.49924546
0.4992447
0.49924463
0.4992453
0.49924535
0.4992451
0.49924487
0.49924517
0.49924475
0.4992438
0.4992451
0.49924493
0.49924523
0.49924582
0.49924523
0.4992447
0.49924463
0.4992451
0.499245
0.49924487
0.49924487
0.4992448
0.4992451
0.49924475
0.49924493
0.4992451
0.49924475
0.49924523
0.4992451
0.4992448
0.4992448
0.499245
0.49924475
0.49924487
0.49924487
0.49924552
0.49924475
0.4992448
0.49924463
0.49924517
0.4992451
0.49924523
0.49924493
0.49924523
0.49924523
0.499245
0.4992451
0.49924493
0.49924487
0.49924535
0.49924487
0.49924523
0.4992448
0.49924523
0.4992451
0.49924594
0.49924475
0.4992451
0.49924487
0.49924523
0.4992451
0.4992444
0.49924535
0.49924523
0.49924475
0.499245
0.4992448
0.499245
0.49924546
0.499245
0.4992451
0.499245
0.49924564
0.49924546
0.4992445
0.49924463
0.4992451
0.49924535
0.4992451
0.49924475
0.49924493
0.49924517
0.499245
0.49924517
0.49924523
0.49924487
0.49924475
0.49924523
0.4992448
0.49924523
0.49924517
0.49924487
0.499245
0.49924463
0.4992451
0.49924517
0.49924475
0.49924493
0.49924517
0.49924517
0.49924517
0.4992448
0.49924517
0.4992451
0.49924535
0.49924535
0.49924487
0.49924523
0.49924505
0.49924523
0.4992447
0.49924487
0.4992448
0.49924535
0.49924487
0.4992451
0.4992448
0.4992451
0.49924523
0.4992451
0.49924487
0.4992451
0.49924487
0.49924523
0.49924546
0.49924493
0.49924487
0.49924487
0.49924558
0.499245
0.49924487
0.4992453
0.4992448
0.49924523
0.4992451
0.49924523
0.49924475
0.49924463
0.4992451
0.4992451
0.49924618
0.49924523
0.499245
0.49924487
0.49924493
0.49924505
0.49924546
0.4992448
0.49924535
0.49924523
0.49924487
0.4992451
0.49924523
0.4992451
0.49924487
0.49924505
0.4992451
0.49924487
0.4992445
0.49924487
0.49924493
0.4992451
0.49924523
0.499245
0.4992451
0.49924517
0.4992448
0.49924535
0.499245
0.4992451
0.49924487
0.49924517
0.4992445
0.49924523
0.499245
0.49924463
0.499245
0.49924523
0.49924523
0.49924487
0.4992451
0.49924535
0.4992451
0.49924487
0.4992451
0.49924487
0.49924493
0.499245
0.4992451
0.49924546
0.49924463
0.49924523
0.49924475
0.49924487
0.49924523
0.49924487
0.49924535
0.49924463
0.49924523
0.499245
0.49924487
0.49924463
0.49924517
0.49924463
0.49924505
0.4992454
0.49924493
0.49924505
0.499245
0.49924493
0.4992451
0.49924505
0.49924487
0.4992451
0.4992448
0.4992451
0.49924523
0.49924523
0.4992451
0.49924523
0.49924582
0.49924523
0.4992453
0.49924493
0.49924517
0.49924487
0.49924523
0.49924523
0.499245
0.49924487
0.49924457
0.49924523
0.4992453
0.4992454
0.499245
0.4992451
0.49924523
0.4992447
0.49924523
0.499245
0.499245
0.499245
0.4992451
0.49924535
0.4992448
0.49924576
0.499245
0.4992448
0.4992451
0.49924523
0.49924493
0.499245
0.4992448
0.49924523
0.49924493
0.49924487
0.499245
0.499245
0.49924493
0.49924505
0.49924487
0.4992444
0.49924523
0.49924523
0.49924487
0.49924505
0.49924523
0.49924517
0.49924493
0.49924523
0.49924523
0.4992453
0.49924475
0.49924523
0.499245
0.49924475
0.499245
0.499245
0.49924493
0.499245
0.4992451
0.49924505
0.499245
0.49924487
0.4992448
0.49924535
0.49924493
0.499245
0.4992451
0.4992453
0.49924535
0.49924523
0.4992451
0.49924487
0.49924523
0.4992451
0.49924523
0.4992451
0.49924475
0.499245
0.49924493
0.49924493
0.49924523
0.49924517
0.4992451
0.499245
0.49924493
0.49924475
0.49924487
0.49924535
0.49924523
0.49924386
0.49924487
0.49924505
0.4992445
0.49924487
0.499245
0.4992453
0.4992451
0.499245
0.49924487
0.49924523
0.49924493
0.4992444
0.4992447
0.49924505
0.49924475
0.49924493
0.49924517
0.49924475
0.4992451
0.4992445
0.4992451
0.49924493
0.49924475
0.49924457
0.4992447
0.49924517
0.499245
0.4992454
0.49924457
0.49924475
0.49924475
0.49924487
0.49924523
0.4992447
0.4992444
0.49924523
0.4992451
0.4992448
0.4992451
0.49924463
0.49924505
0.4992451
0.4992451
0.49924535
0.499245
0.49924523
0.4992445
0.49924523
0.49924463
0.49924523
0.49924493
0.49924523
0.49924493
0.4992448
0.49924523
0.499245
0.4992451
0.49924493
0.49924493
0.499245
0.49924493
0.49924463
0.49924523
0.49924523
0.499245
0.49924535
0.4992451
0.49924523
0.49924487
0.49924517
0.4992451
0.4992451
0.4992451
0.4992453
0.49924546
0.49924535
0.49924463
0.49924505
0.4992445
0.49924487
0.4992451
0.4992448
0.49924487
0.4992451
0.49924487
0.4992444
0.49924487
0.4992451
0.49924535
0.49924535
0.4992451
0.49924475
0.49924558
0.49924445
0.49924505
0.499245
0.49924493
0.49924493
0.49924427
0.49924487
0.499245
0.49924493
0.49924487
0.4992451
0.49924523
0.49924475
0.49924523
0.49924505
0.49924475
0.4992448
0.49924535
0.49924463
0.4992451
0.49924523
0.49924517
0.49924523
0.49924487
0.499245
0.4992447
0.4992445
0.49924535
0.49924487
0.4992453
0.49924505
0.49924475
0.49924523
0.4992451
0.49924523
0.49924535
0.49924523
0.4992451
0.49924505
0.49924523
0.4992451
0.49924493
0.49924493
0.49924475
0.499245
0.4992451
0.49924475
0.49924588
0.49924493
0.4992453
0.499245
0.49924487
0.49924523
0.49924523
0.49924523
0.49924523
0.4992451
0.49924487
0.499245
0.49924487
0.4992451
0.4992454
0.49924523
0.49924523
0.49924475
0.49924493
0.49924487
0.49924517
0.49924487
0.49924523
0.499245
0.499245
0.49924523
0.49924535
0.49924487
0.49924523
0.49924517
0.49924433
0.49924493
0.49924523
0.4992453
0.499245
0.49924493
0.49924517
0.4992451
0.4992453
0.49924487
0.4992444
0.49924493
0.4992445
0.4992453
0.49924505
0.4992451
0.499245
0.499245
0.49924463
0.499245
0.49924535
0.4992453
0.499245
0.4992453
0.4992451
0.49924475
0.499245
0.49924517
0.499245
0.49924505
0.49924463
0.49924523
0.499245
0.49924487
0.49924523
0.499245
0.4992451
0.499245
0.4992451
0.49924487
0.49924487
0.49924457
0.49924523
0.49924487
0.49924493
0.499245
0.49924475
0.49924505
0.49924487
0.499245
0.49924475
0.49924505
0.49924505
0.49924558
0.49924564
0.49924535
0.4992451
0.4992448
0.49924523
0.49924523
0.499245
0.49924517
0.49924523
0.49924475
0.4992453
0.4992444
0.499245
0.4992451
0.49924505
0.499245
0.49924487
0.4992448
0.4992448
0.4992451
0.49924493
0.4992453
0.4992451
0.49924517
0.49924487
0.49924487
0.49924493
0.49924523
0.4992453
0.49924487
0.49924493
0.49924228
0.49924487
0.49924505
0.49924535
0.49924523
0.4992451
0.4992454
0.49924505
0.49924475
0.49924475
0.49924475
0.49924523
0.49924523
0.4992451
0.499245
0.4992451
0.49924487
0.4992448
0.49924523
0.49924517
0.49924487
0.499245
0.499245
0.49924546
0.499245
0.4992451
0.49924487
0.4992453
0.49924505
0.4992447
0.49924523
0.4992453
0.4992445
0.49924457
0.4992451
0.4992451
0.49924546
0.49924523
0.49924517
0.49924487
0.4992444
0.49924505
0.49924523
0.49924523
0.4992448
0.49924493
0.49924523
0.49924487
0.49924475
0.49924475
0.49924523
0.49924546
0.49924487
0.4992451
0.49924535
0.49924487
0.49924517
0.49924523
0.49924517
0.4992451
0.49924523
0.49924493
0.49924463
0.49924487
0.4992454
0.49924475
0.49924546
0.49924505
0.49924463
0.49924493
0.49924618
0.49924463
0.4992451
0.49924487
0.49924523
0.49924487
0.4992447
0.4992451
0.49924487
0.49924523
0.49924535
0.49924487
0.4992453
0.49924445
0.49924523
0.4992451
0.49924487
0.49924517
0.49924535
0.49924463
0.499245
0.49924487
0.4992445
0.499245
0.49924505
0.4992447
0.49924487
0.4992451
0.49924487
0.4992451
0.49924457
0.4992451
0.49924523
0.49924535
0.4992453
0.49924433
0.4992451
0.49924523
0.499245
0.49924558
0.49924487
0.49924558
0.49924487
0.4992444
0.499245
0.49924523
0.49924546
0.4992448
0.49924475
0.49924535
0.49924523
0.49924535
0.49924487
0.499245
0.49924487
0.4992451
0.4992454
0.4992454
0.49924493
0.49924523
0.49924487
0.4992453
0.49924546
0.49924535
0.49924523
0.49924487
0.49924487
0.4992448
0.4992447
0.49924535
0.499245
0.499245
0.49924535
0.49924487
0.49924487
0.4992451
0.49924523
0.49924523
0.49924463
0.49924487
0.49924487
0.49924535
0.499245
0.49924546
0.49924487
0.4992451
0.49924517
0.4992451
0.49924535
0.499245
0.49924546
0.49924517
0.499245
0.4992451
0.49924523
0.49924523
0.49924487
0.49924487
0.4992451
0.49924523
0.4992451
0.4992444
0.49924487
0.4992451
0.4992457
0.49924427
0.49924523
0.4992451
0.4992451
0.49924493
0.49924523
0.49924523
0.4992445
0.4992451
0.4992451
0.49924505
0.49924493
0.49924505
0.4992451
0.49924523
0.4992453
0.499245
0.4992451
0.49924487
0.499245
0.4992448
0.49924487
0.4992451
0.49924564
0.49924523
0.49924493
0.4992451
0.499245
0.49924517
0.4992451
0.49924487
0.49924523
0.49924457
0.49924487
0.49924546
0.49924475
0.4992451
0.4992451
0.49924535
0.4992454
0.4992453
0.49924523
0.49924463
0.49924487
0.4992445
0.4992451
0.49924487
0.49924493
0.4992451
0.49924493
0.4992444
0.4992451
0.49924523
0.49924374
0.4992451
0.4992451
0.4992451
0.49924427
0.4992453
0.49924517
0.499245
0.49924523
0.49924535
0.49924523
0.4992445
0.49924523
0.49924487
0.49924523
0.499245
0.49924493
0.49924487
0.49924535
0.49924475
0.4992451
0.49924535
0.49924505
0.49924457
0.49924505
0.49924493
0.49924535
0.49924523
0.4992445
0.49924475
0.499245
0.49924475
0.49924475
0.49924523
0.499245
0.4992451
0.49924505
0.49924523
0.49924475
0.49924475
0.4992451
0.4992451
0.499245
0.499245
0.49924535
0.49924463
0.4992451
0.4992451
0.4992453
0.4992451
0.49924463
0.499245
0.49924546
0.499245
0.49924505
0.49924475
0.49924523
0.499245
0.4992451
0.49924487
0.4992451
0.49924546
0.49924487
0.49924475
0.49924487
0.49924487
0.49924487
0.49924535
0.49924535
0.499245
0.4992453
0.49924493
0.4992451
0.49924517
0.499245
0.49924523
0.4992451
0.49924546
0.4992451
0.4992451
0.49924457
0.49924523
0.49924505
0.49924475
0.49924487
0.49924535
0.49924493
0.4992454
0.4992451
0.4992451
0.49924535
0.4992444
0.49924487
0.4992445
0.49924535
0.49924475
0.49924493
0.49924535
0.49924475
0.4992451
0.49924475
0.4992444
0.49924487
0.49924523
0.4992451
0.49924517
0.49924487
0.49924475
0.4992451
0.4992451
0.49924487
0.49924523
0.49924546
0.4992451
0.4992451
0.49924487
0.499245
0.499245
0.4992451
0.49924523
0.4992451
0.49924517
0.49924487
0.499245
0.4992453
0.49924523
0.49924523
0.4992451
0.49924535
0.49924523
0.499245
0.49924487
0.4992451
0.4992448
0.4992451
0.49924523
0.4992451
0.49924487
0.49924493
0.499245
0.49924475
0.49924487
0.4992451
0.49924487
0.49924535
0.49924523
0.49924487
0.4992451
0.49924523
0.49924493
0.49924493
0.49924475
0.49924493
0.4992451
0.49924475
0.49924505
0.49924487
0.49924517
0.49924475
0.499245
0.499245
0.499245
0.49924493
0.49924487
0.49924493
0.499245
0.49924576
0.49924463
0.49924523
0.4992448
0.49924493
0.49924505
0.49924523
0.49924493
0.49924523
0.4992451
0.49924535
0.499245
0.49924415
0.49924523
0.49924487
0.49924475
0.49924463
0.49924546
0.49924487
0.49924487
0.499245
0.49924487
0.49924523
0.4992451
0.49924487
0.49924517
0.499245
0.49924487
0.49924487
0.499245
0.49924505
0.4992451
0.49924517
0.499245
0.49924487
0.49924427
0.49924463
0.4992451
0.49924523
0.49924487
0.49924558
0.49924523
0.4992451
0.49924463
0.499245
0.4992451
0.49924475
0.49924517
0.49924523
0.4992451
0.49924517
0.4992451
0.49924523
0.499245
0.49924475
0.4992451
0.49924523
0.49924535
0.4992451
0.49924523
0.49924523
0.49924487
0.49924564
0.49924517
0.49924403
0.49924475
0.49924517
0.49924505
0.49924475
0.49924487
0.49924463
0.49924535
0.49924523
0.4992448
0.49924475
0.49924517
0.49924493
0.4992451
0.49924493
0.49924493
0.49924487
0.4992451
0.4992451
0.4992453
0.499245
0.49924487
0.499245
0.49924493
0.49924487
0.49924475
0.49924582
0.4992445
0.49924523
0.49924517
0.499245
0.4992451
0.49924517
0.49924475
0.49924493
0.49924493
0.4992451
0.49924517
0.49924487
0.49924505
0.49924517
0.4992448
0.49924505
0.49924523
0.49924463
0.499245
0.4992447
0.49924523
0.4992451
0.49924487
0.49924523
0.49924517
0.49924487
0.49924487
0.49924535
0.49924523
0.49924535
0.49924523
0.4992451
0.499245
0.499245
0.49924487
0.4992451
0.49924475
0.49924475
0.4992453
0.4992445
0.4992451
0.4992453
0.49924475
0.49924427
0.4992453
0.4992445
0.499245
0.4992451
0.4992448
0.4992451
0.49924463
0.499245
0.49924487
0.49924475
0.49924493
0.49924487
0.4992451
0.49924487
0.4992453
0.49924463
0.49924523
0.49924523
0.49924487
0.49924517
0.49924517
0.49924475
0.4992451
0.49924487
0.4992451
0.4992451
0.49924535
0.49924535
0.49924558
0.4992451
0.49924493
0.49924523
0.49924523
0.49924493
0.49924523
0.499245
0.4992451
0.49924523
0.49924642
0.49924487
0.49924493
0.4992448
0.49924523
0.49924523
0.49924523
0.49924517
0.4992451
0.49924493
0.49924666
0.49924523
0.4992451
0.49924487
0.49924487
0.4992451
0.499245
0.49924517
0.49924505
0.49924487
0.49924487
0.49924517
0.4992448
0.4992451
0.49924493
0.499245
0.499245
0.499245
0.49924475
0.49924475
0.49924475
0.49924475
0.49924493
0.49924475
0.49924535
0.49924463
0.499245
0.499245
0.49924505
0.49924487
0.499245
0.49924487
0.49924475
0.49924487
0.49924487
0.4992451
0.499245
0.499245
0.49924523
0.49924493
0.4992448
0.4992451
0.499245
0.49924475
0.49924517
0.4992445
0.49924523
0.49924505
0.4992447
0.49924517
0.4992447
0.4992451
0.49924523
0.49924517
0.499245
0.499245
0.49924487
0.49924487
0.49924487
0.49924505
0.49924535
0.49924463
0.49924493
0.49924487
0.49924505
0.4992451
0.49924505
0.49924523
0.4992451
0.4992445
0.49924535
0.499245
0.49924487
0.49924475
0.4992451
0.49924487
0.499245
0.4992451
0.49924463
0.49924517
0.4992451
0.49924487
0.49924493
0.499245
0.499245
0.499245
0.49924487
0.4992445
0.49924463
0.4992431
0.49924546
0.49924487
0.49924445
0.4992451
0.4992451
0.49924487
0.49924463
0.49924535
0.49924275
0.49924535
0.49924505
0.4992448
0.49924523
0.49924475
0.49924487
0.49924505
0.49924487
0.4992451
0.4992451
0.49924558
0.49924517
0.49924463
0.49924546
0.49924475
0.49924463
0.49924535
0.49924493
0.49924523
0.4992451
0.49924523
0.49924487
0.49924487
0.4992451
0.4992453
0.4992451
0.4992451
0.4992451
0.49924487
0.49924493
0.49924517
0.49924487
0.49924475
0.4992451
0.4992451
0.49924475
0.49924523
0.49924523
0.4992451
0.49924463
0.4992453
0.499245
0.499245
0.49924475
0.49924487
0.49924505
0.4992451
0.49924493
0.49924475
0.499245
0.49924552
0.49924558
0.499245
0.4992451
0.4992448
0.49924487
0.4992451
0.49924475
0.49924475
0.499245
0.499245
0.49924523
0.49924463
0.49924517
0.499245
0.49924475
0.49924487
0.49924505
0.49924475
0.49924535
0.49924523
0.49924463
0.499245
0.4992447
0.49924493
0.49924517
0.49924517
0.49924546
0.4992448
0.4992451
0.4992451
0.49924475
0.49924523
0.4992451
0.4992453
0.499245
0.49924493
0.49924487
0.49924523
0.49924523
0.499245
0.499245
0.49924523
0.49924487
0.49924487
0.4992453
0.49924475
0.49924505
0.49924487
0.4992451
0.49924517
0.49924487
0.49924463
0.499245
0.4992451
0.49924475
0.4992453
0.4992448
0.499245
0.49924463
0.499245
0.499245
0.49924487
0.49924487
0.49924487
0.499245
0.49924517
0.49924493
0.49924505
0.4992451
0.4992451
0.49924487
0.499245
0.49924505
0.49924505
0.49924505
0.499245
0.4992453
0.49924493
0.49924517
0.49924487
0.49924505
0.49924523
0.49924463
0.499245
0.49924463
0.499245
0.499245
0.4992451
0.49924493
0.49924487
0.49924523
0.49924487
0.49924535
0.49924523
0.4992451
0.49924535
0.49924523
0.49924523
0.49924487
0.499245
0.49924493
0.4992451
0.49924493
0.4992451
0.49924517
0.4992451
0.49924535
0.49924487
0.49924546
0.4992453
0.499245
0.49924535
0.49924475
0.49924487
0.4992451
0.4992448
0.4992451
0.49924487
0.49924505
0.49924523
0.4992441
0.49924517
0.49924475
0.4992448
0.49924558
0.49924523
0.4992453
0.4992451
0.49924523
0.499245
0.49924487
0.49924517
0.49924552
0.49924505
0.49924487
0.4992448
0.4992451
0.49924463
0.49924523
0.49924523
0.49924505
0.49924517
0.49924487
0.49924517
0.49924535
0.49924487
0.49924487
0.49924535
0.49924487
0.49924487
0.49924493
0.49924487
0.4992451
0.4992453
0.49924475
0.4992448
0.4992451
0.49924523
0.499245
0.49924487
0.49924487
0.49924475
0.49924523
0.4992451
0.4992447
0.4992451
0.4992448
0.49924505
0.499245
0.4992451
0.4992453
0.49924475
0.49924493
0.49924493
0.4992451
0.499245
0.49924475
0.4992445
0.49924463
0.499245
0.4992451
0.499245
0.49924523
0.4992451
0.49924505
0.49924505
0.49924552
0.499245
0.49924487
0.4992445
0.4992448
0.49924505
0.4992451
0.4992451
0.49924523
0.49924523
0.49924505
0.4992451
0.4992451
0.49924487
0.49924192
0.4992451
0.4992451
0.499245
0.4992451
0.49924535
0.49924493
0.49924535
0.4992451
0.4992453
0.4992451
0.49924517
0.49924487
0.4992451
0.4992451
0.499245
0.499245
0.49924487
0.49924523
0.49924517
0.4992451
0.499245
0.4992451
0.49924487
0.49924487
0.49924517
0.4992451
0.4992451
0.49924505
0.49924475
0.49924487
0.499245
0.49924523
0.49924487
0.49924546
0.49924523
0.49924475
0.499245
0.49924517
0.49924523
0.4992451
0.4992451
0.49924487
0.499245
0.49924552
0.49924517
0.4992451
0.49924487
0.499245
0.49924517
0.499245
0.499245
0.4992448
0.49924523
0.49924535
0.49924487
0.49924523
0.49924487
0.49924523
0.4992451
0.49924487
0.49924523
0.4992451
0.49924475
0.49924535
0.49924505
0.49924517
0.49924487
0.4992451
0.49924517
0.49924487
0.49924523
0.499245
0.49924493
0.49924475
0.49924487
0.4992451
0.49924523
0.49924523
0.49924523
0.49924487
0.49924523
0.49924487
0.49924505
0.499245
0.49924487
0.49924523
0.4992451
0.4992451
0.49924463
0.49924487
0.4992453
0.49924487
0.49924487
0.49924535
0.49924523
0.49924546
0.49924523
0.49924463
0.49924493
0.49924523
0.499245
0.49924487
0.499245
0.49924487
0.49924457
0.4992451
0.49924427
0.49924523
0.49924493
0.49924427
0.49924487
0.4992454
0.499245
0.49924487
0.499245
0.49924493
0.4992445
0.499245
0.499245
0.4992448
0.49924487
0.49924475
0.49924505
0.49924582
0.499245
0.49924505
0.49924475
0.4992451
0.49924475
0.49924475
0.49924475
0.4992444
0.49924475
0.49924517
0.499245
0.49924517
0.49924463
0.499245
0.49924487
0.49924523
0.4992451
0.49924487
0.49924463
0.4992454
0.499245
0.4992451
0.49924523
0.49924475
0.49924535
0.4992447
0.49924475
0.499245
0.499245
0.49924523
0.49924535
0.49924517
0.49924415
0.49924523
0.499245
0.49924415
0.49924487
0.4992445
0.4992451
0.4992451
0.4992448
0.49924487
0.49924463
0.4992451
0.4992448
0.49924535
0.49924475
0.49924517
0.49924546
0.4992451
0.4992451
0.49924505
0.49924463
0.499245
0.4992451
0.49924558
0.4992451
0.4992448
0.4992451
0.49924546
0.49924487
0.49924487
0.49924535
0.49924475
0.4992451
0.4992447
0.49924374
0.4992451
0.49924487
0.49924493
0.49924493
0.49924505
0.49924487
0.499245
0.49924487
0.4992451
0.49924552
0.49924445
0.499245
0.499245
0.4992447
0.4992445
0.49924505
0.4992448
0.49924475
0.49924493
0.49924517
0.49924505
0.49924433
0.49924523
0.49924523
0.4992447
0.4992454
0.49924487
0.49924445
0.49924505
0.49924487
0.499245
0.49924493
0.499245
0.49924517
0.4992454
0.49924523
0.49924487
0.4992448
0.49924415
0.4992448
0.499245
0.49924505
0.49924493
0.49924505
0.4992457
0.4992453
0.49924487
0.4992451
0.49924493
0.4992448
0.4992453
0.499245
0.49924552
0.49924487
0.49924523
0.499245
0.49924535
0.49924487
0.49924487
0.49924523
0.499245
0.49924523
0.4992451
0.4992453
0.49924463
0.499245
0.49924487
0.49924523
0.49924493
0.49924523
0.499245
0.4992451
0.499245
0.49924523
0.499245
0.49924535
0.49924493
0.49924535
0.4992454
0.499245
0.49924463
0.49924523
0.4992451
0.4992451
0.49924487
0.49924523
0.4992453
0.49924517
0.49924487
0.4992453
0.49924463
0.4992451
0.49924493
0.49924517
0.4992447
0.499245
0.499245
0.49924487
0.499245
0.49924523
0.49924
0.49924523
0.4992451
0.499245
0.4992448
0.49924475
0.49924523
0.49924546
0.49924523
0.499245
0.49924505
0.49924523
0.499245
0.4992454
0.49924523
0.4992451
0.49924487
0.4992451
0.4992448
0.4992451
0.49924582
0.49924523
0.49924493
0.499245
0.49924523
0.49924505
0.49924487
0.49924475
0.4992453
0.499245
0.49924493
0.4992448
0.4992451
0.4992451
0.49924487
0.49924338
0.49924517
0.4992448
0.49924487
0.499245
0.4992444
0.4992451
0.4992451
0.49924487
0.49924487
0.49924493
0.499245
0.49924487
0.49924535
0.49924517
0.4992451
0.4992453
0.499245
0.4992451
0.49924493
0.4992451
0.49924523
0.49924517
0.49924475
0.49924535
0.49924517
0.499245
0.49924463
0.499245
0.49924487
0.49924535
0.499245
0.49924517
0.4992445
0.4992451
0.49924415
0.4992453
0.49924546
0.4992451
0.4992448
0.49924487
0.49924535
0.4992451
0.4992451
0.49924523
0.499245
0.49924523
0.49924275
0.49924505
0.4992451
0.49924475
0.499245
0.49924487
0.4992453
0.49924546
0.49924523
0.49924505
0.49924487
0.49924517
0.49924517
0.4992448
0.49924415
0.499245
0.49924523
0.49924546
0.49924475
0.49924535
0.4992454
0.49924487
0.4992451
0.4992451
0.49924523
0.49924535
0.4992451
0.499245
0.499245
0.49924523
0.4992448
0.49924487
0.49924475
0.49924493
0.49924535
0.49924463
0.49924523
0.49924463
0.4992448
0.49924493
0.49924487
0.49924487
0.4992451
0.49924445
0.499245
0.49924535
0.49924517
0.4992451
0.49924546
0.4992451
0.4992444
0.49924552
0.49924433
0.49924386
0.49924487
0.4992448
0.499245
0.49924463
0.49924487
0.49924493
0.49924517
0.49924463
0.4992448
0.49924487
0.499245
0.4992451
0.49924487
0.4992451
0.4992457
0.4992453
0.499245
0.49924487
0.4992451
0.4992445
0.4992451
0.499245
0.49924487
0.49924487
0.4992451
0.499245
0.49924517
0.49924487
0.4992451
0.49924487
0.4992453
0.4992451
0.49924523
0.49924493
0.49924487
0.49924523
0.49924523
0.49924523
0.4992451
0.4992447
0.49924505
0.49924535
0.4992451
0.49924558
0.49924517
0.4992451
0.499245
0.4992448
0.49924475
0.49924552
0.49924487
0.4992447
0.49924523
0.49924517
0.4992448
0.4992444
0.49924558
0.499245
0.49924487
0.49924487
0.49924523
0.49924535
0.49924505
0.49924475
0.49924487
0.49924517
0.49924517
0.49924427
0.49924535
0.4992451
0.49924523
0.4992448
0.49924493
0.499245
0.4992451
0.49924517
0.4992451
0.49924475
0.499245
0.49924523
0.49924672
0.49924487
0.49924487
0.49924517
0.4992448
0.49924505
0.49924487
0.49924535
0.499245
0.499245
0.49924523
0.49924535
0.4992451
0.49924505
0.49924523
0.4992447
0.49924487
0.4992451
0.499245
0.49924505
0.49924535
0.499245
0.49924493
0.49924505
0.49924535
0.49924517
0.49924475
0.4992448
0.499245
0.49924505
0.4992445
0.49924487
0.4992451
0.49924487
0.49924523
0.49924505
0.4992447
0.49924475
0.499245
0.49924475
0.4992451
0.49924487
0.49924523
0.4992448
0.49924493
0.4992453
0.49924487
0.49924475
0.499245
0.4992451
0.49924523
0.4992451
0.4992444
0.499245
0.49924493
0.49924487
0.499245
0.499245
0.49924475
0.49924475
0.4992451
0.49924523
0.49924433
0.4992451
0.499245
0.4992448
0.4992451
0.49924517
0.49924475
0.4992451
0.49924523
0.49924487
0.49924493
0.4992445
0.499245
0.49924546
0.499245
0.49924433
0.499245
0.49924505
0.49924546
0.49924523
0.499245
0.499245
0.49924487
0.49924523
0.49924487
0.49924517
0.499245
0.49924505
0.49924517
0.499245
0.499245
0.49924487
0.49924463
0.49924517
0.49924558
0.499245
0.49924463
0.49924475
0.4992451
0.49924517
0.49924517
0.49924523
0.4992444
0.499245
0.49924487
0.4992451
0.49924523
0.4992451
0.49924415
0.49924546
0.4992451
0.49924546
0.49924523
0.4992445
0.4992457
0.499245
0.499245
0.49924475
0.4992451
0.4992448
0.499245
0.4992454
0.49924463
0.499245
0.49924487
0.49924523
0.4992447
0.4992451
0.4992453
0.49924475
0.49924463
0.49924487
0.499245
0.49924493
0.4992451
0.49924517
0.49924523
0.49924517
0.49924523
0.4992453
0.4992451
0.49924523
0.4992451
0.4992451
0.49924546
0.49924475
0.49924523
0.49924523
0.49924517
0.49924523
0.49924493
0.49924475
0.499245
0.49924475
0.4992451
0.49924475
0.4992453
0.49924487
0.49924517
0.49924493
0.49924517
0.4992444
0.49924487
0.49924535
0.49924535
0.49924487
0.49924487
0.49924618
0.499245
0.49924463
0.49924523
0.49924493
0.49924535
0.49924487
0.499245
0.4992451
0.499245
0.4992453
0.4992451
0.4992451
0.49924487
0.49924493
0.499245
0.49924523
0.499245
0.49924523
0.49924356
0.4992451
0.49924505
0.499245
0.4992451
0.4992451
0.499245
0.499245
0.49924535
0.49924493
0.49924505
0.4992454
0.499245
0.4992451
0.49924523
0.4992448
0.49924487
0.4992451
0.4992451
0.49924493
0.49924523
0.49924505
0.49924505
0.49924535
0.49924517
0.49924517
0.4992454
0.499245
0.49924386
0.49924523
0.49924493
0.4992451
0.49924493
0.49924487
0.49924535
0.49924517
0.49924487
0.4992451
0.49924487
0.49924463
0.4992451
0.4992453
0.49924475
0.499245
0.49924523
0.49924475
0.49924487
0.499245
0.49924535
0.49924815
0.49924487
0.49924475
0.49924487
0.4992451
0.49924487
0.4992448
0.4992451
0.4992453
0.49924523
0.499245
0.49924487
0.4992451
0.499245
0.49924523
0.49924505
0.49924552
0.49924475
0.49924445
0.49924535
0.49924487
0.499245
0.49924535
0.4992442
0.49924523
0.4992451
0.49924523
0.499245
0.49924487
0.49924487
0.4992453
0.49924487
0.49924475
0.49924487
0.49924487
0.49924487
0.49924523
0.499245
0.49924487
0.49924523
0.49924546
0.4992447
0.4992453
0.499245
0.4992453
0.49924457
0.49924475
0.49924487
0.49924475
0.49924415
0.49924535
0.49924487
0.4992451
0.49924463
0.4992451
0.49924475
0.4992448
0.49924535
0.49924546
0.4992451
0.4992451
0.499245
0.49924475
0.49924552
0.4992445
0.499245
0.499245
0.499245
0.49924523
0.4992445
0.4992451
0.49924463
0.4992451
0.49924487
0.49924487
0.4992451
0.499245
0.4992451
0.49924487
0.4992451
0.49924475
0.4992451
0.49924535
0.49924523
0.49924523
0.499245
0.49924493
0.49924517
0.4992445
0.4992451
0.499245
0.49924546
0.4992453
0.4992448
0.499245
0.49924517
0.4992451
0.49924517
0.49924523
0.49924475
0.4992448
0.49924505
0.4992447
0.4992451
0.4992451
0.4992451
0.49924523
0.4992451
0.49924523
0.49924487
0.499245
0.499245
0.499245
0.4992453
0.4992451
0.49924487
0.49924523
0.49924523
0.49924487
0.49924505
0.49924475
0.499245
0.4992451
0.49924487
0.499245
0.49924535
0.49924517
0.4992451
0.49924487
0.499245
0.49924535
0.49924475
0.49924475
0.49924487
0.4992447
0.49924582
0.49924487
0.499245
0.49924517
0.4992451
0.49924475
0.49924487
0.49924523
0.49924463
0.49924523
0.49924523
0.4992451
0.4992451
0.49924475
0.4992451
0.49924523
0.4992451
0.49924475
0.49924523
0.4992451
0.49924523
0.4992453
0.499245
0.49924505
0.49924558
0.499245
0.49924487
0.49924523
0.49924475
0.49924505
0.4992451
0.49924368
0.4992451
0.49924523
0.49924487
0.49924517
0.4992451
0.4992451
0.49924552
0.499245
0.4992447
0.4992453
0.4992451
0.4992451
0.49924535
0.49924517
0.49924493
0.49924487
0.49924487
0.4992451
0.4992444
0.49924535
0.49924505
0.4992441
0.49924594
0.49924523
0.4992453
0.49924546
0.4992447
0.49924415
0.49924523
0.49924517
0.49924487
0.49924558
0.49924445
0.49924505
0.4992451
0.49924487
0.49924505
0.499245
0.49924475
0.4992451
0.499245
0.49924487
0.4992448
0.49924487
0.49924475
0.4992445
0.49924523
0.4992451
0.49924487
0.499245
0.49924475
0.49924487
0.49924493
0.4992448
0.4992451
0.4992451
0.49924517
0.4992447
0.49924558
0.4992445
0.49924487
0.4992451
0.49924463
0.49924535
0.49924505
0.4992451
0.499245
0.4992451
0.4992451
0.49924517
0.49924517
0.4992451
0.49924523
0.4992448
0.49924463
0.49924475
0.4992444
0.49924523
0.4992445
0.4992453
0.49924493
0.49924535
0.49924505
0.49924535
0.49924487
0.499245
0.4992451
0.4992451
0.49924517
0.4992451
0.49924487
0.49924523
0.499245
0.4992451
0.499245
0.4992445
0.4992448
0.499245
0.499245
0.499245
0.49924535
0.4992451
0.499245
0.4992448
0.49924475
0.4992451
0.49924523
0.4992453
0.49924505
0.4992451
0.49924505
0.4992451
0.49924493
0.49924505
0.49924457
0.49924487
0.49924487
0.49924344
0.4992451
0.49924535
0.4992453
0.49924737
0.49924493
0.49924552
0.49924493
0.49924487
0.49924523
0.49924493
0.49924517
0.49924523
0.4992447
0.4992454
0.49924505
0.49924523
0.4992445
0.49924475
0.4992451
0.4992451
0.4992451
0.49924487
0.49924505
0.4992453
0.49924517
0.49924487
0.499245
0.49924505
0.4992451
0.49924535
0.49924558
0.499245
0.499245
0.49924552
0.49924487
0.49924517
0.49924487
0.49924487
0.49924463
0.49924505
0.49924505
0.499245
0.49924505
0.4992451
0.4992453
0.499245
0.4992451
0.499245
0.4992451
0.49924403
0.49924523
0.49924493
0.4992451
0.499245
0.4992447
0.49924487
0.4992453
0.4992447
0.49924546
0.499245
0.49924463
0.4992451
0.49924612
0.49924546
0.49924523
0.4992451
0.49924493
0.4992448
0.4992453
0.49924582
0.4992453
0.49924535
0.49924523
0.49924523
0.49924287
0.49924546
0.499245
0.49924523
0.49924487
0.49924493
0.49924546
0.49924523
0.4992448
0.49924475
0.4992451
0.49924523
0.4992453
0.4992451
0.4992448
0.49924523
0.49924457
0.49924523
0.4992453
0.4992451
0.4992451
0.49924535
0.49924517
0.4992451
0.4992453
0.49924487
0.49924475
0.499245
0.49924475
0.49924517
0.499245
0.49924523
0.49924493
0.49924487
0.4992448
0.4992451
0.499245
0.4992451
0.499245
0.4992451
0.49924415
0.49924487
0.49924457
0.4992451
0.4992451
0.49924487
0.49924487
0.4992451
0.49924487
0.49924505
0.49924535
0.499245
0.499245
0.4992451
0.4992451
0.4992451
0.49924517
0.4992451
0.49924457
0.49924493
0.49924415
0.4992451
0.49924457
0.499245
0.499245
0.49924523
0.49924487
0.499245
0.49924517
0.49924487
0.49924487
0.499245
0.49924517
0.49924487
0.4992445
0.49924517
0.49924523
0.4992451
0.499245
0.499245
0.49924487
0.4992451
0.49924523
0.49924493
0.49924517
0.4992448
0.49924487
0.49924517
0.49924487
0.49924487
0.49924546
0.499245
0.49924535
0.49924487
0.49924523
0.49924523
0.49924517
0.4992451
0.499245
0.49924535
0.49924487
0.499245
0.49924487
0.49924523
0.49924517
0.499245
0.49924505
0.4992448
0.49924487
0.49924505
0.49924487
0.49924487
0.49924523
0.49924487
0.49924475
0.4992453
0.49924517
0.4992448
0.49924535
0.49924517
0.49924505
0.499245
0.49924463
0.49924487
0.49924505
0.49924493
0.49924546
0.49924487
0.49924475
0.4992447
0.4992451
0.49924517
0.4992453
0.49924523
0.49924487
0.4992451
0.4992451
0.49924523
0.49924463
0.499245
0.49924487
0.499245
0.49924463
0.49924445
0.49924535
0.49924487
0.49924487
0.499245
0.4992451
0.49924463
0.49924493
0.4992451
0.49924517
0.49924487
0.49924505
0.4992451
0.499245
0.49924487
0.49924546
0.49924415
0.49924493
0.49924427
0.4992451
0.4992451
0.49924487
0.49924475
0.499245
0.4992451
0.4992448
0.4992453
0.4992448
0.499245
0.49924505
0.49924523
0.499245
0.49924546
0.499245
0.49924475
0.49924487
0.49924517
0.4992451
0.49924475
0.49924523
0.4992451
0.4992453
0.49924445
0.49924463
0.49924487
0.49924517
0.49924463
0.49924517
0.499245
0.49924523
0.4992451
0.4992445
0.4992451
0.49924523
0.49924487
0.4992454
0.4992451
0.49924487
0.4992445
0.4992451
0.4992448
0.4992451
0.4992454
0.4992451
0.4992445
0.4992451
0.49924523
0.49924535
0.49924457
0.49924487
0.499245
0.49924517
0.49924523
0.49924582
0.49924535
0.49924487
0.499245
0.49924487
0.49924535
0.49924493
0.49924475
0.49924517
0.49924487
0.4992451
0.499245
0.4992445
0.4992451
0.4992445
0.4992451
0.4992451
0.49924487
0.49924517
0.4992451
0.49924558
0.49924523
0.4992454
0.49924493
0.49924523
0.49924493
0.49924493
0.4992451
0.49924463
0.4992451
0.49924493
0.49924505
0.4992451
0.4992451
0.499245
0.499245
0.49924487
0.4992451
0.4992447
0.49924523
0.49924523
0.4992448
0.49924475
0.499245
0.49924487
0.499245
0.49924523
0.49924487
0.499245
0.49924463
0.4992457
0.49924505
0.4992453
0.49924517
0.4992451
0.49924517
0.49924463
0.4992451
0.49924487
0.499245
0.49924523
0.4992451
0.49924487
0.4992444
0.4992448
0.49924475
0.4992451
0.4992445
0.49924523
0.4992451
0.4992451
0.49924493
0.49924475
0.499245
0.499245
0.4992451
0.4992451
0.49924523
0.49924487
0.4992451
0.499245
0.49924552
0.4992445
0.49924368
0.49924535
0.49924517
0.49924487
0.4992451
0.49924546
0.4992451
0.4992451
0.49924523
0.4992445
0.49924487
0.499245
0.49924523
0.4992451
0.49924487
0.49924475
0.4992451
0.4992451
0.49924475
0.4992448
0.49924487
0.49924493
0.49924457
0.49924463
0.499245
0.49924523
0.49924546
0.4992448
0.49924487
0.49924523
0.49924523
0.4992451
0.499245
0.4992444
0.49924505
0.49924505
0.4992447
0.4992451
0.49924463
0.49924535
0.499245
0.49924535
0.49924487
0.4992448
0.4992451
0.4992453
0.499245
0.4992451
0.49924475
0.49924517
0.49924493
0.499245
0.49924487
0.49924564
0.4992451
0.49924487
0.49924546
0.49924493
0.4992451
0.49924463
0.49924487
0.49924487
0.499245
0.499245
0.49924457
0.4992453
0.499245
0.499245
0.4992451
0.499245
0.49924386
0.49924487
0.4992451
0.499245
0.499245
0.49924546
0.49924523
0.49924457
0.4992451
0.4992451
0.4992451
0.49924523
0.49924493
0.4992451
0.4992451
0.49924505
0.49924523
0.49924487
0.49924487
0.4992451
0.4992451
0.49924505
0.49924523
0.4992451
0.4992453
0.49924517
0.4992451
0.4992445
0.49924523
0.49924523
0.4992451
0.49924487
0.49924535
0.49924487
0.499245
0.49924493
0.49924523
0.49924475
0.4992451
0.49924487
0.49924523
0.49924487
0.49924523
0.499245
0.4992451
0.4992451
0.49924487
0.4992451
0.499245
0.4992451
0.49924523
0.499245
0.49924487
0.49924487
0.49924517
0.49924487
0.49924523
0.4992445
0.4992451
0.49924517
0.49924523
0.499245
0.49924332
0.4992451
0.4992451
0.4992451
0.4992448
0.49924546
0.4992451
0.4992451
0.49924523
0.49924475
0.4992454
0.49924487
0.49924517
0.49924523
0.49924517
0.49924487
0.49924546
0.49924523
0.49924487
0.49924505
0.49924523
0.49924475
0.49924588
0.49924517
0.4992451
0.49924535
0.4992451
0.49924523
0.499245
0.4992451
0.49924475
0.4992453
0.499245
0.499245
0.4992451
0.49924505
0.4992451
0.49924523
0.49924505
0.49924558
0.4992448
0.49924523
0.49924523
0.49924487
0.499245
0.49924523
0.49924475
0.4992451
0.49924546
0.49924505
0.49924487
0.4992451
0.4992451
0.4992453
0.4992451
0.49924475
0.49924523
0.49924535
0.49924368
0.4992451
0.4992448
0.4992451
0.499245
0.49924475
0.4992447
0.499245
0.4992448
0.49924475
0.49924493
0.49924523
0.4992451
0.4992451
0.49924487
0.49924558
0.49924263
0.49924505
0.49924523
0.499245
0.49924487
0.499245
0.4992448
0.49924523
0.49924493
0.49924505
0.49924463
0.4992451
0.4992453
0.49924493
0.4992448
0.49924475
0.4992453
0.49924535
0.49924475
0.49924582
0.499245
0.49924487
0.49924493
0.49924493
0.49924535
0.4992451
0.4992451
0.4992451
0.49924505
0.4992453
0.49924487
0.49924493
0.49924535
0.49924523
0.49924487
0.49924535
0.49924487
0.49924517
0.4992451
0.49924487
0.49924517
0.499245
0.4992451
0.49924493
0.49924523
0.4992451
0.4992451
0.4992451
0.49924487
0.49924558
0.49924487
0.499245
0.499245
0.499245
0.49924523
0.49924493
0.4992445
0.49924505
0.499245
0.49924505
0.4992451
0.4992451
0.49924475
0.49924523
0.49924487
0.49924493
0.49924618
0.49924463
0.49924475
0.49924535
0.4992448
0.49924475
0.499245
0.49924517
0.49924463
0.49924475
0.49924713
0.49924523
0.49924535
0.49924487
0.4992444
0.49924523
0.4992451
0.49924433
0.4992445
0.49924505
0.4992445
0.499245
0.49924487
0.4992451
0.49924546
0.49924535
0.4992447
0.4992451
0.49924487
0.49924535
0.49924487
0.4992451
0.49924487
0.49924523
0.49924487
0.49924505
0.4992451
0.4992453
0.49924523
0.49924523
0.49924535
0.49924475
0.49924523
0.49924475
0.49924493
0.4992451
0.49924523
0.4992451
0.49924487
0.49924517
0.49924523
0.499245
0.49924523
0.49924463
0.49924523
0.49924487
0.4992448
0.49924523
0.49924505
0.4992451
0.4992444
0.49924523
0.49924487
0.49924505
0.49924493
0.499245
0.49924475
0.49924523
0.49924475
0.4992451
0.49924523
0.49924523
0.49924493
0.499245
0.49924576
0.4992451
0.49924517
0.499245
0.4992451
0.4992451
0.49924332
0.4992451
0.4992451
0.4992451
0.49924487
0.49924523
0.49924487
0.4992453
0.49924523
0.499245
0.4992457
0.49924457
0.4992451
0.49924535
0.49924505
0.4992451
0.499245
0.499245
0.49924535
0.4992451
0.499245
0.49924493
0.49924487
0.49924535
0.4992447
0.4992451
0.49924523
0.49924505
0.49924523
0.49924523
0.4992451
0.49924475
0.4992451
0.49924535
0.49924487
0.499245
0.49924487
0.49924475
0.4992448
0.499245
0.499245
0.4992451
0.49924493
0.4992454
0.49924523
0.49924535
0.49924523
0.49924493
0.4992451
0.49924523
0.499245
0.49924517
0.49924535
0.4992444
0.49924523
0.49924487
0.4992448
0.4992451
0.4992453
0.4992444
0.49924546
0.49924475
0.499245
0.49924475
0.499245
0.4992451
0.49924487
0.4992451
0.49924475
0.49924487
0.49924487
0.4992448
0.499245
0.4992445
0.49924523
0.49924487
0.49924517
0.49924523
0.4992453
0.49924535
0.499245
0.49924487
0.49924487
0.49924487
0.49924517
0.49924523
0.49924487
0.4992448
0.49924487
0.4992447
0.49924505
0.4992451
0.49924505
0.49924517
0.4992448
0.49924475
0.4992451
0.49924463
0.49924588
0.49924487
0.49924523
0.49924487
0.49924487
0.49924535
0.49924546
0.4992451
0.4992447
0.499245
0.49924463
0.49924493
0.4992445
0.49924535
0.49924475
0.4992454
0.499245
0.4992451
0.49924487
0.49924493
0.4992448
0.4992451
0.49924493
0.49924463
0.49924517
0.4992445
0.49924517
0.499245
0.49924493
0.4992451
0.49924535
0.49924523
0.4992451
0.49924487
0.49924493
0.49924505
0.49924445
0.4992451
0.4992451
0.4992448
0.4992451
0.49924487
0.4992451
0.499245
0.49924487
0.499245
0.49924546
0.49924505
0.49924523
0.49924493
0.49924487
0.49924517
0.49924493
0.49924487
0.4992451
0.49924487
0.49924487
0.49924523
0.49924493
0.499245
0.49924523
0.49924487
0.49924463
0.49924487
0.49924535
0.49924535
0.499245
0.49924493
0.4992451
0.49924487
0.49924505
0.499245
0.4992453
0.49924493
0.4992463
0.49924505
0.49924535
0.49924475
0.4992451
0.49924487
0.49924523
0.49924487
0.499245
0.49924487
0.499245
0.49924487
0.499245
0.49924392
0.49924535
0.4992451
0.4992451
0.49924487
0.499245
0.49924487
0.499245
0.49924463
0.49924493
0.49924505
0.499245
0.49924523
0.49924487
0.499245
0.49924517
0.4992448
0.49924535
0.499245
0.4992451
0.49924523
0.4992451
0.49924523
0.499245
0.49924505
0.4992451
0.49924523
0.4992451
0.49924493
0.49924576
0.4992451
0.4992451
0.4992448
0.4992451
0.49924493
0.49924487
0.4992451
0.49924523
0.4992451
0.4992457
0.49924523
0.49924505
0.499245
0.49924475
0.49924523
0.49924517
0.499245
0.499245
0.499245
0.4992451
0.4992451
0.49924558
0.499245
0.49924487
0.499245
0.49924433
0.499245
0.49924493
0.49924463
0.49924505
0.4992448
0.49924535
0.49924505
0.49924523
0.49924523
0.49924475
0.4992448
0.49924523
0.49924463
0.49924523
0.49924433
0.49924463
0.49924558
0.4992451
0.499245
0.4992451
0.4992451
0.49924487
0.49924487
0.499245
0.49924493
0.4992448
0.499245
0.4992451
0.4992445
0.49924505
0.49924475
0.49924523
0.49924517
0.4992448
0.49924523
0.49924493
0.49924475
0.49924487
0.499245
0.49924344
0.4992447
0.4992451
0.499245
0.4992451
0.4992454
0.4992453
0.499245
0.49924523
0.4992444
0.49924463
0.49924493
0.49924487
0.4992451
0.49924487
0.49924535
0.49924463
0.4992451
0.4992451
0.49924523
0.49924523
0.49924368
0.49924487
0.49924487
0.49924517
0.49924463
0.4992453
0.4992451
0.4992454
0.49924523
0.49924523
0.4992448
0.49924535
0.4992451
0.4992453
0.4992451
0.4992448
0.49924475
0.4992453
0.49924546
0.4992451
0.49924523
0.4992451
0.49924523
0.499245
0.4992454
0.49924552
0.499245
0.49924546
0.49924475
0.49924487
0.4992451
0.4992451
0.499245
0.49924475
0.49924487
0.499245
0.49924487
0.49924517
0.49924487
0.4992451
0.4992444
0.499245
0.49924505
0.4992454
0.49924535
0.49924517
0.49924487
0.49924505
0.4992447
0.49924535
0.49924487
0.4992453
0.499245
0.49924523
0.49924523
0.49924505
0.49924517
0.4992451
0.49924487
0.499245
0.499245
0.49924475
0.49924463
0.4992448
0.4992451
0.49924487
0.49924427
0.49924487
0.49924487
0.4992451
0.49924523
0.4992451
0.4992448
0.49924463
0.49924505
0.49924505
0.4992451
0.4992445
0.499245
0.49924475
0.49924558
0.49924523
0.49924535
0.4992453
0.49924487
0.49924487
0.49924487
0.49924445
0.4992447
0.49924505
0.49924523
0.4992451
0.49924463
0.499245
0.49924517
0.49924475
0.49924505
0.49924487
0.4992451
0.4992451
0.49924517
0.4992451
0.4992451
0.499245
0.49924523
0.49924535
0.499245
0.49924523
0.49924517
0.4992451
0.49924535
0.499245
0.49924552
0.49924546
0.4992451
0.49924535
0.49924535
0.49924487
0.49924487
0.49924505
0.49924487
0.4992451
0.49924535
0.499245
0.4992451
0.49924523
0.4992451
0.49924475
0.49924523
0.49924475
0.4992447
0.49924487
0.4992453
0.49924517
0.49924487
0.499245
0.499245
0.499245
0.4992445
0.4992448
0.499245
0.4992448
0.49924505
0.49924487
0.49924493
0.499245
0.49924523
0.49924475
0.49924463
0.4992448
0.4992451
0.49924475
0.49924535
0.49924487
0.49924487
0.4992453
0.4992453
0.49924517
0.49924463
0.49924523
0.49924558
0.49924487
0.4992451
0.4992445
0.49924505
0.49924523
0.49924535
0.4992453
0.49924535
0.4992457
0.4992451
0.49924487
0.49924523
0.49924523
0.49924517
0.4992451
0.4992454
0.49924493
0.499245
0.49924487
0.49924463
0.49924487
0.4992451
0.499245
0.4992451
0.49924523
0.4992457
0.49924523
0.499245
0.499245
0.49924535
0.49924475
0.49924523
0.4992451
0.4992451
0.4992451
0.4992451
0.49924535
0.49924463
0.4992451
0.4992445
0.499245
0.4992448
0.49924487
0.499245
0.49924523
0.499245
0.49924487
0.4992451
0.49924487
0.499245
0.49924523
0.4992451
0.49924535
0.49924493
0.49924493
0.499245
0.49924505
0.49924493
0.4992445
0.49924445
0.49924523
0.49924475
0.49924523
0.49924517
0.49924523
0.49924475
0.4992451
0.4992451
0.49924505
0.4992451
0.49924463
0.4992451
0.49924463
0.49924475
0.49924523
0.49924505
0.49924523
0.49924493
0.49924487
0.4992453
0.49924475
0.4992451
0.49924475
0.49924523
0.49924523
0.49924517
0.49924505
0.499245
0.499245
0.49924558
0.49924517
0.4992454
0.49924487
0.49924487
0.499245
0.49924487
0.49924535
0.49924517
0.4992445
0.4992453
0.4992451
0.49924523
0.4992451
0.49924475
0.49924535
0.49924523
0.49924535
0.49924475
0.49924475
0.4992451
0.49924505
0.499245
0.49924523
0.49924523
0.49924487
0.49924475
0.49924505
0.499245
0.499245
0.4992447
0.499245
0.49924505
0.49924475
0.4992451
0.49924535
0.4992448
0.49924493
0.49924475
0.49924475
0.4992453
0.49924487
0.4992453
0.49924487
0.4992451
0.499245
0.49924505
0.49924475
0.49924493
0.49924523
0.499245
0.4992451
0.49924523
0.49924487
0.4992451
0.49924475
0.4992451
0.499245
0.4992451
0.4992451
0.49924523
0.49924487
0.4992451
0.4992447
0.4992451
0.499245
0.49924487
0.49924487
0.49924517
0.4992451
0.499245
0.4992451
0.49924493
0.4992454
0.499245
0.4992445
0.4992451
0.4992451
0.4992453
0.49924493
0.49924505
0.49924487
0.499245
0.49924517
0.4992445
0.499245
0.49924475
0.49924505
0.4992451
0.49924475
0.49924463
0.49924487
0.4992451
0.499245
0.4992453
0.49924475
0.4992451
0.499245
0.49924523
0.49924457
0.49924427
0.4992451
0.49924523
0.4992448
0.49924523
0.4992451
0.49924535
0.4992451
0.499245
0.49924487
0.499245
0.49924493
0.49924505
0.49924487
0.49924487
0.49924487
0.499245
0.499245
0.49924546
0.49924487
0.499245
0.4992451
0.49924493
0.49924517
0.499245
0.49924475
0.4992448
0.49924475
0.49924535
0.49924493
0.49924457
0.4992457
0.49924487
0.49924487
0.49924463
0.499245
0.49924523
0.499245
0.49924523
0.4992451
0.499245
0.49924403
0.49924505
0.4992451
0.49924475
0.49924517
0.49924606
0.49924475
0.49924523
0.4992451
0.499245
0.49924546
0.49924475
0.49924475
0.49924475
0.4992453
0.4992451
0.49924493
0.49924523
0.49924463
0.4992451
0.49924487
0.4992451
0.4992451
0.49924487
0.49924487
0.49924487
0.4992445
0.499245
0.49924487
0.49924535
0.49924463
0.49924523
0.49924535
0.4992451
0.49924523
0.49924523
0.49924403
0.49924487
0.49924523
0.4992451
0.49924463
0.499245
0.499245
0.4992445
0.4992451
0.4992451
0.49924493
0.4992451
0.499245
0.49924487
0.49924487
0.499245
0.49924463
0.49924415
0.49924523
0.49924523
0.49924517
0.49924415
0.49924505
0.4992451
0.49924415
0.4992448
0.49924475
0.49924523
0.49924475
0.49924523
0.4992451
0.499245
0.49924475
0.4992454
0.49924487
0.49924523
0.499245
0.49924546
0.49924487
0.49924463
0.499245
0.49924505
0.4992451
0.49924535
0.499245
0.49924535
0.49924487
0.49924475
0.49924535
0.499245
0.49924475
0.49924523
0.499245
0.499245
0.4992448
0.49924505
0.4992451
0.49924517
0.49924475
0.49924523
0.49924505
0.499245
0.4992451
0.49924493
0.4992448
0.49924475
0.49924487
0.49924546
0.4992451
0.49924487
0.49924475
0.49924546
0.49924523
0.49924493
0.49924493
0.49924523
0.49924523
0.49924487
0.49924648
0.49924523
0.4992447
0.49924517
0.4992454
0.499245
0.49924487
0.49924523
0.49924392
0.49924546
0.4992451
0.49924505
0.49924535
0.49924493
0.499245
0.49924487
0.49924475
0.49924546
0.49924487
0.49924523
0.49924523
0.49924523
0.49924487
0.49924487
0.49924493
0.49924475
0.49924487
0.499245
0.4992451
0.49924487
0.49924517
0.49924517
0.49924517
0.4992451
0.49924493
0.499245
0.49924523
0.4992451
0.49924517
0.499245
0.499245
0.4992453
0.499245
0.49924505
0.4992451
0.49924558
0.499245
0.49924487
0.49924546
0.49924362
0.49924487
0.49924505
0.49924505
0.49924558
0.499245
0.499245
0.4992451
0.49924487
0.499245
0.49924505
0.499245
0.49924487
0.49924487
0.49924535
0.49924475
0.49924517
0.499245
0.499245
0.4992451
0.49924493
0.49924487
0.49924523
0.49924505
0.49924517
0.4992451
0.49924535
0.4992451
0.49924523
0.49924558
0.49924523
0.499245
0.49924487
0.49924475
0.49924475
0.49924493
0.49924517
0.49924487
0.49924517
0.49924487
0.49924523
0.4992447
0.49924523
0.49924523
0.49924552
0.49924505
0.49924523
0.49924517
0.49924523
0.49924487
0.4992451
0.49924487
0.4992448
0.4992451
0.4992451
0.49924493
0.49924487
0.49924487
0.4992451
0.49924475
0.49924463
0.499245
0.4992451
0.49924493
0.49924463
0.49924487
0.49924523
0.4992445
0.49924475
0.49924463
0.49924463
0.4992453
0.499245
0.4992451
0.4992451
0.49924505
0.4992451
0.4992448
0.49924546
0.49924523
0.49924463
0.499245
0.49924487
0.49924523
0.49924493
0.49924523
0.49924475
0.49924535
0.49924505
0.49924463
0.49924523
0.4992451
0.49924475
0.49924475
0.49924505
0.49924487
0.49924493
0.49924487
0.49924535
0.49924535
0.49924463
0.49924546
0.49924487
0.49924535
0.4992451
0.49924523
0.49924558
0.499245
0.499245
0.49924403
0.4992451
0.49924475
0.49924493
0.49924487
0.49924493
0.49924487
0.4992451
0.4992445
0.49924523
0.49924523
0.49924523
0.4992451
0.4992447
0.4992457
0.499245
0.49924487
0.4992451
0.4992451
0.49924487
0.4992451
0.49924523
0.499245
0.4992453
0.49924475
0.4992451
0.49924475
0.4992451
0.4992453
0.4992454
0.49924475
0.49924535
0.49924523
0.49924475
0.4992448
0.499245
0.499245
0.49924505
0.49924475
0.499245
0.49924463
0.499245
0.4992445
0.49924523
0.49924475
0.4992448
0.4992448
0.49924546
0.4992447
0.49924523
0.49924463
0.499245
0.49924475
0.499245
0.49924523
0.4992451
0.49924523
0.49924487
0.49924493
0.49924517
0.4992451
0.49924505
0.49924487
0.4992451
0.4992451
0.49924475
0.49924392
0.49924523
0.49924523
0.49924523
0.4992451
0.49924523
0.49924535
0.49924535
0.49924517
0.4992451
0.4992453
0.499245
0.49924415
0.4992451
0.49924487
0.4992445
0.49924487
0.49924505
0.4992454
0.49924505
0.49924517
0.49924487
0.499245
0.49924517
0.49924546
0.49924487
0.49924523
0.499245
0.49924546
0.4992451
0.49924463
0.49924523
0.4992451
0.49924558
0.49924535
0.49924475
0.49924523
0.4992451
0.49924475
0.49924523
0.4992451
0.49924487
0.49924523
0.4992451
0.49924552
0.49924493
0.49924523
0.49924523
0.4992448
0.49924493
0.499245
0.49924487
0.49924523
0.4992451
0.499245
0.49924523
0.49924523
0.49924546
0.49924517
0.49924552
0.49924463
0.4992451
0.4992453
0.49924535
0.499245
0.499245
0.4992451
0.49924505
0.49924517
0.49924487
0.4992448
0.499245
0.49924523
0.49924523
0.4992453
0.499245
0.49924517
0.49924505
0.49924517
0.4992451
0.499245
0.4992451
0.499245
0.4992451
0.49924475
0.499245
0.49924523
0.4992451
0.499245
0.49924552
0.49924487
0.4992451
0.4992453
0.4992453
0.49924457
0.49924558
0.499245
0.499245
0.4992451
0.49924493
0.4992451
0.4992451
0.49924475
0.49924535
0.49924463
0.4992448
0.4992451
0.49924487
0.4992448
0.4992447
0.49924487
0.49924546
0.4992451
0.49924558
0.499245
0.499245
0.49924523
0.49924523
0.4992451
0.49924463
0.49924487
0.499245
0.49924487
0.49924487
0.49924517
0.49924523
0.49924493
0.49924487
0.499245
0.49924535
0.499245
0.49924487
0.49924523
0.49924546
0.49924493
0.499245
0.49924582
0.4992448
0.499245
0.49924523
0.4992451
0.499245
0.499245
0.499245
0.49924493
0.49924013
0.499245
0.4992448
0.49924517
0.4992451
0.49924475
0.49924523
0.4992451
0.49924535
0.4992451
0.4992451
0.49924487
0.4992453
0.49924523
0.49924523
0.49924523
0.4992451
0.49924505
0.49924487
0.49924535
0.49924523
0.49924523
0.4992445
0.4992451
0.4992451
0.499245
0.49924487
0.4992453
0.4992451
0.49924457
0.49924487
0.4992444
0.49924487
0.49924493
0.49924475
0.4992453
0.49924523
0.499245
0.4992451
0.49924505
0.4992448
0.49924487
0.49924493
0.49924523
0.4992451
0.4992451
0.49924505
0.49924487
0.4992451
0.49924463
0.4992444
0.49924493
0.49924535
0.4992451
0.4992451
0.49924535
0.4992445
0.4992447
0.4992447
0.49924517
0.49924487
0.49924475
0.499245
0.49924487
0.4992451
0.49924493
0.499245
0.49924523
0.499245
0.49924523
0.49924523
0.49924523
0.49924517
0.499245
0.49924546
0.499245
0.49924517
0.499245
0.49924475
0.49924475
0.4992451
0.49924582
0.4992451
0.499245
0.4992448
0.4992453
0.499245
0.49924433
0.49924475
0.49924535
0.4992444
0.4992438
0.49924505
0.499245
0.499245
0.49924463
0.49924523
0.499245
0.49924487
0.4992451
0.4992448
0.4992444
0.4992451
0.4992451
0.4992448
0.49924487
0.49924487
0.49924475
0.49924487
0.4992453
0.499245
0.49924523
0.499245
0.49924487
0.4992451
0.49924505
0.49924445
0.4992451
0.49924535
0.49924403
0.49924546
0.49924535
0.49924475
0.4992451
0.49924523
0.49924493
0.4992457
0.49924505
0.4992447
0.49924517
0.49924487
0.499245
0.499245
0.49924523
0.49924445
0.4992453
0.49924493
0.49924487
0.499245
0.49924517
0.49924475
0.49924493
0.49924517
0.49924523
0.4992445
0.499245
0.499245
0.49924487
0.49924487
0.49924463
0.49924475
0.49924475
0.4992451
0.499245
0.49924517
0.49924475
0.49924463
0.49924487
0.49924523
0.49924517
0.49924523
0.49924505
0.49924517
0.4992454
0.4992451
0.49924546
0.49924475
0.49924523
0.49924427
0.4992451
0.49924546
0.49924403
0.49924493
0.499245
0.4992451
0.49924523
0.49924523
0.49924475
0.49924475
0.499245
0.49924487
0.49924475
0.499245
0.49924487
0.4992445
0.49924535
0.49924535
0.4992447
0.49924487
0.4992453
0.49924535
0.4992451
0.49924493
0.499246
0.49924535
0.4992445
0.499245
0.4992453
0.499245
0.49924487
0.49924475
0.4992451
0.49924487
0.499245
0.4992451
0.49924523
0.4992447
0.49924505
0.49924487
0.49924487
0.49924546
0.49924463
0.499245
0.49924505
0.49924487
0.49924517
0.49924505
0.49924493
0.4992457
0.49924487
0.4992453
0.4992451
0.4992451
0.49924493
0.49924487
0.49924523
0.4992454
0.4992454
0.49924487
0.49924523
0.4992453
0.49924523
0.49924487
0.49924523
0.499245
0.4992451
0.49924517
0.49924523
0.49924487
0.49924523
0.49924505
0.4992451
0.499245
0.499245
0.49924487
0.49924493
0.49924523
0.499245
0.49924517
0.4992448
0.49924517
0.4992451
0.49924523
0.4992451
0.49924493
0.4992451
0.49924523
0.4992451
0.49924517
0.49924535
0.49924475
0.4992451
0.49924487
0.49924523
0.499245
0.49924487
0.49924535
0.4992451
0.49924475
0.4992447
0.49924475
0.49924475
0.49924493
0.4992451
0.49924445
0.499245
0.4992451
0.499245
0.4992453
0.4992457
0.49924523
0.49924487
0.4992451
0.499245
0.499245
0.499245
0.49924523
0.49924517
0.49924505
0.4992447
0.49924493
0.49924523
0.49924535
0.4992451
0.4992457
0.49924523
0.4992448
0.499245
0.49924487
0.49924475
0.499245
0.49924487
0.49924487
0.4992451
0.49924487
0.49924487
0.4992448
0.4992451
0.499245
0.49924523
0.499245
0.49924535
0.499245
0.49924463
0.49924475
0.49924487
0.499245
0.499245
0.49924523
0.49924517
0.49924505
0.4992451
0.4992451
0.49924558
0.49924517
0.49924535
0.49924493
0.49924493
0.499245
0.49924487
0.4992451
0.49924415
0.4992448
0.49924552
0.49924487
0.49924535
0.49924487
0.49924487
0.4992451
0.49924487
0.4992451
0.499245
0.49924517
0.49924487
0.49924475
0.49924535
0.49924517
0.49924487
0.49924487
0.4992451
0.49924523
0.49924505
0.4992451
0.49924475
0.4992451
0.49924517
0.4992451
0.49924493
0.49924546
0.49924505
0.49924523
0.49924487
0.4992451
0.4992451
0.4992447
0.49924487
0.49924487
0.49924523
0.49924487
0.499245
0.49924523
0.49924523
0.49924493
0.49924487
0.4992451
0.49924487
0.49924493
0.49924463
0.49924523
0.49924475
0.4992453
0.4992451
0.49924517
0.4992424
0.49924457
0.499245
0.499245
0.4992448
0.49924487
0.49924523
0.4992451
0.49924523
0.49924505
0.499245
0.4992451
0.4992444
0.4992451
0.499245
0.49924523
0.49924523
0.49924487
0.49924535
0.49924517
0.49924606
0.4992451
0.49924475
0.4992447
0.49924475
0.49924523
0.49924505
0.4992451
0.4992451
0.49924487
0.49924487
0.499245
0.49924493
0.49924487
0.499245
0.49924475
0.49924487
0.49924535
0.4992451
0.49924546
0.4992451
0.49924463
0.49924463
0.49924523
0.49924487
0.4992448
0.499245
0.4992453
0.4992445
0.49924523
0.4992451
0.49924535
0.49924487
0.49924505
0.49924487
0.49924523
0.4992448
0.499245
0.499245
0.4992451
0.4992451
0.4992453
0.4992451
0.499245
0.49924505
0.4992453
0.49924535
0.49924487
0.4992447
0.49924487
0.49924523
0.49924487
0.4992451
0.4992453
0.49924523
0.49924487
0.49924487
0.4992451
0.49924505
0.49924493
0.49924517
0.499245
0.4992444
0.4992451
0.4992454
0.4992451
0.4992448
0.4992451
0.49924487
0.4992451
0.49924523
0.49924523
0.4992448
0.49924523
0.49924487
0.499245
0.49924487
0.49924535
0.4992451
0.4992451
0.49924475
0.49924475
0.49924546
0.49924535
0.49924535
0.49924523
0.49924535
0.49924558
0.49924523
0.49924493
0.4992448
0.499245
0.49924493
0.4992445
0.4992451
0.4992451
0.49924487
0.49924517
0.499245
0.4992453
0.4992451
0.4992451
0.49924487
0.49924535
0.49924475
0.49924523
0.49924493
0.49924463
0.49924415
0.499245
0.49924457
0.49924523
0.49924487
0.4992447
0.49924517
0.49924523
0.499245
0.49924487
0.499245
0.49924535
0.4992451
0.49924505
0.49924523
0.499245
0.49924523
0.49924457
0.49924523
0.49924517
0.49924517
0.49924535
0.49924523
0.49924475
0.4992447
0.4992451
0.4992451
0.49924475
0.49924463
0.499245
0.499245
0.4992451
0.49924475
0.4992451
0.4992451
0.49924523
0.499245
0.49924505
0.499245
0.4992453
0.4992448
0.499245
0.49924487
0.4992445
0.4992451
0.499245
0.49924493
0.49924535
0.49924523
0.49924523
0.49924523
0.49924517
0.49924475
0.49924535
0.49924523
0.49924546
0.49924535
0.49924505
0.49924558
0.499245
0.499245
0.49924523
0.49924517
0.49924505
0.49924475
0.4992451
0.499245
0.49924558
0.49924493
0.49924493
0.49924487
0.4992448
0.49924535
0.4992448
0.4992451
0.4992451
0.49924523
0.4992451
0.499245
0.4992451
0.49924505
0.49924475
0.49924523
0.49924523
0.49924475
0.49924487
0.4992448
0.49924523
0.49924487
0.49924475
0.49924487
0.49924493
0.4992451
0.49924487
0.49924517
0.49924433
0.49924517
0.49924535
0.49924487
0.499245
0.4992451
0.4992445
0.49924517
0.499245
0.4992451
0.49924463
0.49924523
0.4992445
0.4992451
0.49924523
0.49924517
0.4992451
0.49924487
0.4992448
0.49924523
0.49924517
0.499245
0.49924487
0.49924523
0.49924487
0.4992454
0.49924523
0.49924487
0.499245
0.49924523
0.499245
0.49924517
0.4992451
0.49924463
0.49924487
0.4992451
0.49924493
0.49924517
0.4992448
0.4992451
0.4992451
0.49924535
0.49924523
0.49924493
0.49924493
0.49924523
0.49924505
0.4992451
0.499245
0.49924487
0.499245
0.49924475
0.49924487
0.4992445
0.49924546
0.499245
0.49924487
0.49924493
0.4992453
0.499245
0.49924487
0.4992447
0.49924523
0.4992448
0.49924487
0.4992448
0.499245
0.4992451
0.49924523
0.49924475
0.4992451
0.49924457
0.49924475
0.4992457
0.49924475
0.499245
0.49924493
0.49924475
0.49924535
0.4992451
0.49924535
0.49924487
0.49924523
0.49924523
0.49924535
0.4992451
0.499245
0.499245
0.49924487
0.4992451
0.4992448
0.49924493
0.4992451
0.4992451
0.49924552
0.49924487
0.49924505
0.49924493
0.49924523
0.49924505
0.49924487
0.49924487
0.49924505
0.49924523
0.499245
0.49924523
0.49924523
0.4992451
0.49924517
0.499245
0.49924523
0.49924475
0.49924487
0.49924505
0.49924475
0.49924517
0.4992451
0.499245
0.49924535
0.4992457
0.49924475
0.49924493
0.49924523
0.4992451
0.4992448
0.49924493
0.4992451
0.49924523
0.49924415
0.499245
0.49924487
0.49924523
0.499245
0.49924487
0.49924487
0.4992451
0.499245
0.4992444
0.4992451
0.49924475
0.49924487
0.4992448
0.49924403
0.499245
0.4992453
0.49924475
0.4992445
0.4992448
0.4992451
0.49924487
0.4992451
0.4992451
0.49924487
0.4992447
0.49924523
0.499245
0.49924582
0.49924535
0.49924523
0.49924535
0.49924505
0.49924523
0.499245
0.49924493
0.4992451
0.49924523
0.499245
0.49924517
0.49924487
0.49924475
0.4992451
0.49924523
0.499245
0.499245
0.49924487
0.49924475
0.499245
0.49924517
0.499245
0.499245
0.499245
0.4992453
0.4992445
0.49924535
0.49924487
0.49924523
0.4992451
0.49924505
0.49924487
0.49924493
0.499245
0.49924552
0.4992448
0.49924535
0.49924505
0.499245
0.49924487
0.49924523
0.49924487
0.49924487
0.49924487
0.49924546
0.49924487
0.4992451
0.49924487
0.49924618
0.4992444
0.49924487
0.4992448
0.49924582
0.49924558
0.49924487
0.4992451
0.4992447
0.49924487
0.499245
0.49924523
0.49924487
0.499245
0.49924475
0.4992451
0.49924505
0.4992451
0.49924523
0.4992448
0.49924523
0.49924523
0.4992445
0.49924487
0.499245
0.49924457
0.4992451
0.49924487
0.49924546
0.49924463
0.49924505
0.49924487
0.4992451
0.49924487
0.499245
0.49924463
0.49924546
0.49924493
0.499245
0.49924546
0.49924523
0.4992451
0.49924523
0.49924523
0.499245
0.49924523
0.4992444
0.499245
0.499245
0.49924523
0.49924517
0.4992447
0.49924487
0.49924505
0.49924493
0.4992453
0.49924487
0.49924487
0.499245
0.49924523
0.49924457
0.49924523
0.49924523
0.49924445
0.4992451
0.49924523
0.49924493
0.4992451
0.4992448
0.499245
0.49924535
0.49924523
0.49924487
0.49924546
0.49924487
0.49924487
0.49924475
0.499245
0.4992451
0.49924493
0.49924523
0.49924463
0.4992451
0.4992451
0.49924523
0.49924523
0.49924487
0.49924487
0.49924523
0.49924487
0.4992445
0.49924505
0.49924523
0.499245
0.4992451
0.4992451
0.49924487
0.499245
0.4992451
0.4992448
0.49924523
0.49924517
0.49924505
0.49924535
0.49924475
0.49924535
0.4992451
0.499245
0.4992451
0.4992445
0.499245
0.49924475
0.49924535
0.49924517
0.49924517
0.499245
0.49924505
0.4992451
0.4992451
0.4992451
0.49924523
0.49924493
0.49924523
0.49924463
0.49924523
0.4992451
0.49924523
0.499245
0.499245
0.4992451
0.4992451
0.49924463
0.49924487
0.49924517
0.4992451
0.499245
0.4992454
0.49924505
0.49924535
0.499245
0.49924493
0.49924517
0.49924505
0.49924475
0.4992451
0.49924517
0.49924457
0.499245
0.49924487
0.49924523
0.49924523
0.49924463
0.49924546
0.49924487
0.49924487
0.49924487
0.49924535
0.4992451
0.49924546
0.49924493
0.49924505
0.49924487
0.49924546
0.49924535
0.49924487
0.49924475
0.4992448
0.49924535
0.49924505
0.49924517
0.49924493
0.49924505
0.4992441
0.49924505
0.49924546
0.49924493
0.4992451
0.49924475
0.49924487
0.49924523
0.49924457
0.49924487
0.4992438
0.4992451
0.499245
0.4992451
0.49924475
0.4992451
0.49924493
0.4992451
0.49924517
0.4992451
0.49924475
0.49924487
0.49924535
0.4992448
0.49924517
0.4992451
0.49924535
0.49924523
0.49924487
0.49924493
0.49924535
0.49924475
0.49924487
0.4992451
0.4992451
0.499245
0.499245
0.49924546
0.49924487
0.49924487
0.49924487
0.49924487
0.49924368
0.49924558
0.499245
0.499245
0.4992448
0.4992451
0.49924487
0.49924535
0.49924487
0.4992451
0.49924487
0.4992451
0.4992451
0.49924475
0.49924517
0.499245
0.499245
0.49924487
0.4992451
0.49924523
0.49924457
0.49924517
0.4992451
0.4992451
0.4992448
0.4992451
0.49924475
0.49924523
0.499245
0.4992451
0.49924535
0.4992454
0.49924433
0.4992448
0.49924493
0.4992451
0.49924505
0.49924523
0.499245
0.49924535
0.49924523
0.499245
0.49924475
0.4992448
0.49924475
0.49924493
0.4992451
0.49924517
0.49924517
0.4992451
0.4992451
0.49924487
0.4992447
0.4992448
0.49924523
0.49924475
0.49924487
0.499245
0.4992451
0.49924505
0.49924517
0.49924546
0.49924558
0.4992448
0.499245
0.49924463
0.49924535
0.4992451
0.4992451
0.49924523
0.49924493
0.499245
0.4992451
0.4992451
0.49924463
0.499245
0.49924517
0.4992448
0.499245
0.4992451
0.49924487
0.49924505
0.499245
0.49924493
0.49924487
0.49924523
0.49924475
0.49924475
0.4992448
0.49924493
0.499245
0.49924487
0.499245
0.49924505
0.4992454
0.49924523
0.49924487
0.4992451
0.49924523
0.4992451
0.49924487
0.49924558
0.49924517
0.499245
0.4992463
0.49924517
0.49924487
0.49924463
0.49924487
0.49924475
0.4992448
0.4992451
0.4992457
0.49924493
0.49924558
0.4992448
0.4992453
0.49924475
0.499245
0.4992444
0.49924487
0.49924487
0.49924493
0.49924487
0.499245
0.49924475
0.4992451
0.49924535
0.499245
0.49924487
0.4992451
0.49924487
0.4992451
0.49924487
0.49924523
0.4992448
0.49924558
0.49924505
0.49924517
0.49924582
0.49924535
0.49924523
0.499245
0.499245
0.499245
0.49924535
0.49924505
0.49924523
0.49924517
0.49924523
0.49924523
0.49924535
0.49924582
0.49924523
0.49924463
0.499245
0.49924517
0.49924403
0.49924517
0.49924463
0.4992451
0.49924546
0.4992453
0.49924517
0.4992451
0.49924552
0.49924487
0.49924523
0.499245
0.49924523
0.49924493
0.49924493
0.49924523
0.499245
0.49924493
0.4992451
0.49924493
0.49924493
0.49924487
0.49924523
0.49924523
0.49924475
0.49924475
0.499243
0.49924493
0.49924475
0.49924505
0.4992451
0.499245
0.49924475
0.49924487
0.4992451
0.49924505
0.499245
0.4992451
0.49924487
0.4992448
0.49924487
0.4992451
0.49924505
0.49924463
0.4992453
0.49924523
0.49924523
0.4992451
0.49924493
0.49924475
0.4992453
0.49924475
0.49924558
0.49924487
0.4992451
0.499245
0.49924487
0.4992448
0.49924523
0.49924523
0.4992451
0.4992451
0.4992451
0.4992451
0.4992451
0.499245
0.499245
0.49924558
0.4992445
0.499245
0.49924505
0.4992453
0.499245
0.49924535
0.49924487
0.4992448
0.49924487
0.49924523
0.49924523
0.49924552
0.4992453
0.499245
0.49924535
0.499245
0.499245
0.4992451
0.49924493
0.49924487
0.49924475
0.4992451
0.4992454
0.49924475
0.499245
0.49924463
0.49924517
0.4992451
0.49924463
0.49924487
0.49924487
0.49924505
0.49924475
0.4992457
0.4992448
0.49924523
0.49924535
0.499245
0.4992448
0.49924523
0.4992451
0.49924523
0.49924523
0.49924427
0.49924535
0.4992451
0.49924523
0.49924523
0.49924427
0.499245
0.49924523
0.49924463
0.49924487
0.49924487
0.49924523
0.49924374
0.499245
0.49924487
0.49924517
0.4992453
0.49924487
0.499245
0.49924505
0.49924535
0.49924493
0.49924523
0.49924523
0.49924523
0.49924475
0.49924487
0.49924517
0.499245
0.49924517
0.4992447
0.49924517
0.49924487
0.49924517
0.49924546
0.4992451
0.49924523
0.4992448
0.49924535
0.49924517
0.49924487
0.49924493
0.49924523
0.4992454
0.4992448
0.499245
0.49924523
0.4992451
0.49924517
0.49924487
0.49924535
0.4992451
0.499245
0.49924535
0.49924487
0.499245
0.49924517
0.499245
0.49924475
0.49924523
0.49924535
0.49924523
0.49924505
0.49924463
0.49924463
0.49924463
0.4992451
0.49924487
0.49924684
0.49924535
0.4992453
0.49924487
0.49924457
0.49924535
0.4992445
0.49924535
0.49924505
0.4992451
0.49924487
0.499245
0.499245
0.4992451
0.49924535
0.499245
0.49924493
0.49924475
0.499245
0.499245
0.4992445
0.49924505
0.49924594
0.49924493
0.4992448
0.49924487
0.4992447
0.4992451
0.499245
0.49924487
0.49924487
0.4992451
0.49924493
0.499245
0.4992451
0.49924493
0.49924505
0.4992445
0.4992453
0.49924487
0.49924475
0.4992445
0.4992451
0.49924493
0.49924517
0.49924493
0.4992453
0.49924523
0.4992451
0.499245
0.49924546
0.49924493
0.4992447
0.4992451
0.49924475
0.4992463
0.49924493
0.49924535
0.49924487
0.49924475
0.49924475
0.49924523
0.49924517
0.499245
0.499245
0.49924463
0.49924523
0.499245
0.4992451
0.49924475
0.49924523
0.49924487
0.49924475
0.49924523
0.49924487
0.49924487
0.49924487
0.49924475
0.49924535
0.49924505
0.49924523
0.49924523
0.4992451
0.49924463
0.49924517
0.49924487
0.49924475
0.4992448
0.49924487
0.49924487
0.4992451
0.499245
0.49924517
0.4992451
0.499245
0.49924517
0.49924517
0.49924487
0.49924523
0.499245
0.49924523
0.49924505
0.4992447
0.4992453
0.49924487
0.49924535
0.499245
0.49924505
0.49924546
0.49924517
0.49924493
0.4992448
0.499245
0.499245
0.4992451
0.49924523
0.499245
0.4992448
0.49924517
0.49924517
0.499245
0.499245
0.4992453
0.49924505
0.4992451
0.49924523
0.49924475
0.49924493
0.4992451
0.49924517
0.499245
0.49924487
0.49924487
0.499245
0.49924535
0.499245
0.49924475
0.49924505
0.4992451
0.49924487
0.49924523
0.49924493
0.49924487
0.4992451
0.4992448
0.49924523
0.4992453
0.49924463
0.49924523
0.49924535
0.49924523
0.49924606
0.499245
0.49924487
0.49924505
0.499245
0.4992445
0.49924517
0.49924517
0.49924523
0.49924487
0.49924523
0.49924493
0.4992448
0.49924558
0.4992453
0.49924523
0.4992451
0.499245
0.49924487
0.4992451
0.49924535
0.49924505
0.4992451
0.49924523
0.49924487
0.4992448
0.49924523
0.49924493
0.49924523
0.49924475
0.499245
0.4992451
0.4992451
0.49924463
0.49924475
0.4992448
0.4992447
0.49924523
0.4992454
0.49924523
0.4992453
0.49924517
0.499245
0.4992451
0.4992451
0.49924535
0.49924523
0.49924487
0.4992451
0.49924487
0.4992451
0.49924517
0.49924523
0.4992448
0.49924493
0.49924505
0.4992451
0.4992451
0.49924523
0.49924523
0.49924487
0.49924546
0.49924475
0.49924523
0.49924487
0.4992448
0.4992451
0.49924523
0.49924535
0.4992444
0.49924517
0.49924523
0.4992451
0.49924505
0.4992451
0.49924523
0.49924475
0.49924517
0.49924535
0.49924523
0.499245
0.49924535
0.49924487
0.49924463
0.49924433
0.49924475
0.49924487
0.49924523
0.49924558
0.49924523
0.49924445
0.4992448
0.49924487
0.49924487
0.4992451
0.499245
0.49924523
0.49924487
0.4992451
0.4992445
0.49924523
0.4992454
0.49924475
0.4992448
0.49924523
0.49924505
0.49924487
0.4992451
0.499245
0.4992451
0.49924487
0.49924505
0.49924487
0.4992451
0.4992448
0.4992451
0.4992451
0.4992453
0.49924463
0.49924487
0.49924487
0.49924535
0.49924475
0.49924493
0.49924505
0.49924487
0.49924487
0.4992451
0.49924523
0.4992451
0.4992451
0.4992451
0.49924517
0.49924433
0.49924505
0.49924475
0.49924535
0.4992435
0.49924487
0.49924487
0.499245
0.499245
0.4992451
0.49924487
0.49924505
0.49924427
0.49924487
0.49924487
0.49924487
0.4992451
0.49924487
0.49924487
0.4992451
0.499245
0.49924535
0.4992451
0.49924487
0.49924487
0.49924493
0.49924523
0.499245
0.499245
0.49924523
0.4992451
0.499245
0.4992451
0.4992451
0.49924523
0.4992451
0.4992451
0.499245
0.49924487
0.49924505
0.4992451
0.49924517
0.4992451
0.4992444
0.499245
0.4992451
0.4992445
0.499245
0.499245
0.49924523
0.4992453
0.4992451
0.49924523
0.49924475
0.4992451
0.49924523
0.4992451
0.49924487
0.49924493
0.49924487
0.4992451
0.4992444
0.4992451
0.49924487
0.4992453
0.4992448
0.4992447
0.4992451
0.49924505
0.4992448
0.49924523
0.4992451
0.49924487
0.4992451
0.49924505
0.4992451
0.499245
0.49924493
0.4992454
0.49924493
0.4992453
0.4992451
0.499245
0.49924475
0.49924535
0.4992451
0.49924535
0.499245
0.4992451
0.4992451
0.499245
0.49924517
0.4992451
0.49924445
0.49924517
0.49924517
0.49924287
0.49924546
0.49924475
0.49924487
0.49924487
0.499245
0.49924535
0.49924505
0.49924535
0.499245
0.499245
0.49924487
0.49924523
0.49924523
0.499245
0.49924487
0.49924475
0.49924487
0.49924475
0.49924523
0.49924362
0.49924535
0.49924487
0.499245
0.49924517
0.49924475
0.49924487
0.49924505
0.49924487
0.4992451
0.4992451
0.49924487
0.4992451
0.49924475
0.49924523
0.49924487
0.499245
0.49924475
0.4992451
0.49924535
0.49924523
0.49924523
0.49924487
0.499245
0.49924517
0.49924523
0.49924493
0.49924523
0.49924523
0.499245
0.49924523
0.499245
0.4992448
0.49924487
0.4992451
0.4992448
0.49924475
0.4992451
0.499245
0.4992451
0.4992451
0.49924487
0.49924535
0.49924487
0.49924487
0.49924487
0.499245
0.4992451
0.49924487
0.49924463
0.49924546
0.49924505
0.499245
0.49924475
0.49924487
0.49924535
0.499245
0.49924487
0.4992451
0.49924523
0.4992451
0.49924535
0.4992451
0.4992453
0.49924487
0.49924493
0.4992448
0.49924475
0.4992451
0.49924415
0.49924558
0.4992451
0.4992442
0.4992453
0.49924493
0.4992451
0.499245
0.49924493
0.49924493
0.49924546
0.4992451
0.49924523
0.499245
0.49924487
0.49924535
0.49924523
0.49924475
0.49924487
0.4992454
0.49924517
0.49924493
0.499245
0.49924517
0.4992451
0.49924505
0.499245
0.4992451
0.4992451
0.499245
0.49924523
0.49924487
0.49924505
0.49924535
0.49924505
0.4992448
0.4992451
0.4992451
0.4992457
0.4992453
0.4992448
0.49924523
0.49924475
0.49924523
0.49924523
0.49924517
0.49924487
0.4992451
0.49924475
0.4992445
0.4992451
0.499245
0.49924517
0.4992445
0.49924487
0.49924523
0.499245
0.49924523
0.499245
0.49924487
0.49924493
0.49924535
0.49924523
0.49924493
0.499245
0.4992448
0.49924475
0.49924517
0.499245
0.499245
0.49924523
0.49924523
0.49924493
0.499245
0.49924493
0.49924463
0.49924475
0.4992451
0.49924564
0.49924523
0.4992448
0.499245
0.49924505
0.499245
0.49924523
0.49924517
0.49924475
0.4992454
0.4992454
0.49924493
0.49924457
0.49924493
0.49924457
0.4992453
0.499245
0.499245
0.49924463
0.4992448
0.49924463
0.49924523
0.49924493
0.49924493
0.49924535
0.49924523
0.499245
0.49924487
0.49924505
0.49924523
0.4992447
0.4992451
0.4992451
0.49924368
0.499245
0.4992451
0.4992451
0.49924517
0.49924523
0.4992451
0.49924463
0.49924493
0.499245
0.4992448
0.4992451
0.49924523
0.49924463
0.4992451
0.4992451
0.4992451
0.4992451
0.49924517
0.49924523
0.4992451
0.49924523
0.4992451
0.499245
0.49924517
0.49924505
0.4992451
0.49924523
0.49924487
0.49924517
0.49924517
0.49924546
0.49924475
0.49924523
0.4992451
0.4992451
0.49924523
0.49924487
0.49924517
0.4992444
0.4992463
0.49924475
0.49924475
0.49924475
0.49924505
0.4992453
0.49924517
0.49924523
0.49924487
0.49924523
0.49924487
0.49924517
0.4992447
0.49924487
0.4992447
0.49924523
0.49924523
0.49924475
0.499245
0.499245
0.49924487
0.4992451
0.4992445
0.49924523
0.49924535
0.4992451
0.49924475
0.49924535
0.49924487
0.499245
0.49924487
0.4992451
0.499245
0.49924344
0.49924487
0.49924517
0.4992451
0.49924517
0.49924463
0.49924463
0.49924517
0.499245
0.49924523
0.499245
0.49924517
0.499245
0.49924606
0.499245
0.4992451
0.4992453
0.499245
0.49924493
0.4992445
0.49924493
0.49924535
0.49924487
0.49924463
0.4992451
0.499245
0.4992438
0.49924505
0.499245
0.49924517
0.49924535
0.4992444
0.49924523
0.49924535
0.4992451
0.4992451
0.49924523
0.49924535
0.4992454
0.49924523
0.49924493
0.4992447
0.49924517
0.49924523
0.49924523
0.49924487
0.49924517
0.49924523
0.4992451
0.49924523
0.49924523
0.49924493
0.49924475
0.49924546
0.4992445
0.49924523
0.49924493
0.49924487
0.49924523
0.499245
0.499245
0.49924487
0.499245
0.49924493
0.499245
0.49924523
0.4992451
0.49924475
0.49924475
0.49924523
0.49924606
0.49924487
0.49924523
0.4992451
0.49924487
0.4992445
0.49924487
0.49924546
0.49924487
0.4992451
0.49924487
0.4992451
0.49924505
0.49924475
0.49924523
0.49924475
0.4992451
0.49924523
0.4992451
0.4992451
0.49924606
0.49924457
0.499245
0.49924487
0.4992448
0.499245
0.49924487
0.49924487
0.49924523
0.4992451
0.4992451
0.4992445
0.49924475
0.49924427
0.499245
0.499245
0.49924487
0.49924523
0.49924463
0.4992451
0.4992453
0.49924505
0.4992453
0.4992451
0.49924523
0.4992447
0.49924523
0.49924463
0.499245
0.49924523
0.499245
0.49924487
0.499245
0.4992451
0.4992451
0.4992454
0.49924523
0.4992451
0.499245
0.49924517
0.49924487
0.49924487
0.49924517
0.4992451
0.49924523
0.49924493
0.4992453
0.49924523
0.49924535
0.49924475
0.49924487
0.49924517
0.49924457
0.49924523
0.49924505
0.49924523
0.4992451
0.49924487
0.49924523
0.4992451
0.49924517
0.49924433
0.49924523
0.499245
0.4992451
0.4992451
0.4992451
0.49924487
0.4992448
0.4992448
0.49924487
0.4992451
0.49924517
0.4992451
0.49924546
0.49924487
0.49924475
0.49924493
0.49924505
0.4992451
0.4992451
0.4992451
0.4992445
0.49924517
0.4992451
0.49924523
0.499245
0.49924523
0.49924445
0.49924558
0.49924415
0.49924505
0.499245
0.4992442
0.49924475
0.4992444
0.49924535
0.49924523
0.49924523
0.4992451
0.4992451
0.4992451
0.4992448
0.49924475
0.4992451
0.49924475
0.49924505
0.49924487
0.4992451
0.49924427
0.49924546
0.49924475
0.499245
0.49924463
0.49924487
0.49924475
0.4992451
0.49924523
0.49924487
0.4992448
0.49924558
0.4992451
0.49924475
0.49924523
0.49924487
0.499245
0.49924523
0.49924523
0.49924493
0.4992445
0.49924523
0.49924523
0.4992447
0.49924523
0.499245
0.499245
0.49924505
0.49924475
0.49924493
0.49924487
0.499245
0.4992444
0.49924517
0.49924523
0.49924463
0.49924523
0.49924487
0.499245
0.49924487
0.4992448
0.49924517
0.49924517
0.49924415
0.49924523
0.49924475
0.49924487
0.4992451
0.49924487
0.49924463
0.49924475
0.49924487
0.4992451
0.49924487
0.49924523
0.49924505
0.49924493
0.4992451
0.49924517
0.49924487
0.499245
0.4992453
0.49924463
0.49924487
0.4992451
0.49924523
0.4992447
0.49924487
0.4992451
0.49924523
0.4992447
0.49924523
0.49924523
0.49924558
0.4992451
0.4992448
0.49924493
0.49924523
0.49924487
0.49924487
0.499245
0.49924493
0.499245
0.499245
0.49924487
0.499245
0.49924493
0.4992451
0.4992454
0.49924487
0.49924487
0.4992445
0.49924523
0.49924642
0.49924475
0.499245
0.4992453
0.4992451
0.49924487
0.49924517
0.499245
0.49924523
0.499245
0.4992448
0.4992453
0.49924487
0.49924463
0.49924487
0.49924487
0.49924523
0.4992451
0.49924523
0.4992445
0.4992451
0.49924368
0.4992453
0.49924487
0.49924475
0.49924487
0.49924427
0.49924517
0.49924487
0.49924505
0.49924487
0.49924487
0.4992451
0.499245
0.49924517
0.49924487
0.49924535
0.49924505
0.49924493
0.49924517
0.49924475
0.49924517
0.4992451
0.4992448
0.49924493
0.49924523
0.4992454
0.49924475
0.49924487
0.499245
0.499245
0.49924463
0.4992451
0.49924487
0.499245
0.49924487
0.4992451
0.499245
0.49924535
0.49924475
0.49924523
0.49924487
0.49924517
0.499245
0.49924523
0.4992451
0.49924523
0.49924535
0.49924487
0.49924636
0.4992445
0.49924493
0.49924505
0.4992448
0.49924463
0.4992448
0.49924523
0.499245
0.4992451
0.49924463
0.4992454
0.49924505
0.49924493
0.4992451
0.4992453
0.4992451
0.49924487
0.49924487
0.4992447
0.49924493
0.49924487
0.4992451
0.4992451
0.4992447
0.49924505
0.49924523
0.49924493
0.49924505
0.49924505
0.4992448
0.49924505
0.4992453
0.49924487
0.49924475
0.49924487
0.4992445
0.499245
0.49924475
0.499245
0.49924517
0.499245
0.49924523
0.4992451
0.49924487
0.499245
0.49924475
0.49924517
0.49924475
0.4992451
0.49924517
0.49924487
0.4992451
0.4992451
0.49924523
0.49924535
0.49924487
0.49924517
0.49924523
0.4992448
0.49924517
0.499245
0.49924535
0.4992451
0.49924487
0.4992451
0.49924505
0.49924505
0.49924487
0.499245
0.4992451
0.49924487
0.49924523
0.4992451
0.49924523
0.49924523
0.4992453
0.4992448
0.4992451
0.49924517
0.49924535
0.49924505
0.4992451
0.499245
0.49924475
0.49924505
0.4992453
0.49924546
0.49924523
0.4992444
0.49924618
0.499245
0.49924535
0.4992451
0.49924517
0.499245
0.49924427
0.499245
0.499245
0.49924505
0.49924523
0.49924535
0.4992448
0.4992448
0.49924523
0.4992453
0.49924475
0.49924523
0.499245
0.49924368
0.49924475
0.4992444
0.49924523
0.49924403
0.49924487
0.49924487
0.49924487
0.49924487
0.49924493
0.4992451
0.49924618
0.49924475
0.4992451
0.49924487
0.49924487
0.499245
0.499245
0.49924582
0.49924487
0.49924505
0.49924463
0.499245
0.49924535
0.4992448
0.49924523
0.49924487
0.49924523
0.499243
0.4992445
0.4992448
0.49924463
0.49924505
0.49924463
0.4992448
0.499245
0.49924487
0.49924475
0.49924487
0.499245
0.49924487
0.49924535
0.49924487
0.499245
0.49924505
0.4992451
0.4992448
0.49924546
0.4992451
0.49924493
0.499245
0.49924535
0.49924493
0.49924493
0.4992451
0.49924523
0.4992451
0.4992451
0.49924517
0.4992438
0.49924487
0.49924427
0.49924523
0.4992451
0.49924493
0.499245
0.49924558
0.4992448
0.499245
0.4992451
0.4992451
0.49924487
0.49924517
0.4992451
0.4992453
0.49924523
0.4992451
0.499245
0.49924487
0.49924517
0.4992453
0.4992451
0.49924523
0.4992451
0.4992451
0.49924487
0.49924463
0.49924523
0.49924487
0.49924523
0.49924505
0.49924475
0.4992451
0.49924517
0.49924517
0.49924487
0.4992451
0.4992451
0.4992451
0.49924475
0.499245
0.4992451
0.4992448
0.4992453
0.49924487
0.4992451
0.499245
0.49924457
0.4992451
0.4992445
0.49924523
0.49924552
0.4992453
0.49924475
0.49924433
0.49924332
0.49924523
0.49924523
0.49924475
0.49924487
0.4992451
0.49924523
0.49924463
0.4992448
0.49924517
0.4992451
0.499245
0.49924487
0.499245
0.499245
0.49924487
0.49924535
0.499245
0.49924475
0.49924487
0.4992451
0.499245
0.4992447
0.4992453
0.49924517
0.49924523
0.49924523
0.4992454
0.49924523
0.49924523
0.49924493
0.49924493
0.49924475
0.49924535
0.4992453
0.4992451
0.499245
0.49924463
0.499245
0.49924445
0.4992451
0.499245
0.49924463
0.499245
0.499245
0.49924487
0.4992451
0.49924523
0.49924493
0.49924487
0.49924493
0.4992451
0.4992444
0.499245
0.49924517
0.49924523
0.49924523
0.49924493
0.49924546
0.49924487
0.49924517
0.49924475
0.49924535
0.49924535
0.49924523
0.4992448
0.4992451
0.49924546
0.499245
0.49924523
0.4992448
0.49924463
0.49924487
0.499245
0.4992451
0.4992451
0.49924546
0.4992451
0.499245
0.4992451
0.49924314
0.49924523
0.49924505
0.49924475
0.49924487
0.4992451
0.49924487
0.49924523
0.49924487
0.49924475
0.499245
0.49924523
0.499245
0.4992469
0.4992451
0.499245
0.49924475
0.49924546
0.49924487
0.4992448
0.499245
0.49924463
0.4992453
0.4992451
0.49924475
0.49924487
0.49924517
0.499245
0.49924505
0.4992451
0.499245
0.499245
0.4992451
0.49924475
0.4992451
0.4992451
0.49924517
0.49924523
0.49924493
0.49924535
0.49924505
0.4992451
0.49924523
0.499245
0.4992451
0.49924475
0.49924427
0.499245
0.49924463
0.49924487
0.499245
0.4992448
0.4992451
0.49924505
0.499245
0.49924558
0.49924475
0.49924523
0.49924475
0.49924433
0.49924487
0.49924535
0.499245
0.4992445
0.49924523
0.49924493
0.49924546
0.4992453
0.49924487
0.49924535
0.49924475
0.4992447
0.49924475
0.49924535
0.49924505
0.499245
0.49924475
0.49924535
0.49924535
0.49924546
0.49924523
0.499245
0.49924493
0.49924523
0.49924535
0.49924475
0.49924493
0.49924523
0.49924535
0.49924523
0.4992451
0.49924487
0.49924487
0.49924523
0.49924487
0.499245
0.4992444
0.499245
0.49924487
0.4992451
0.49924517
0.4992453
0.49924487
0.499245
0.49924523
0.49924517
0.49924493
0.49924517
0.4992451
0.49924523
0.49924523
0.49924505
0.49924517
0.49924517
0.49924505
0.4992448
0.49924487
0.49924517
0.499245
0.49924517
0.499245
0.49924523
0.49924517
0.49924487
0.49924433
0.49924523
0.49924487
0.499245
0.49924475
0.49924475
0.49924493
0.4992448
0.4992454
0.49924517
0.4992448
0.49924523
0.49924475
0.49924487
0.49924487
0.4992453
0.4992445
0.49924535
0.49924535
0.49924523
0.4992451
0.49924517
0.49924535
0.49924487
0.49924523
0.4992451
0.499245
0.49924535
0.4992451
0.49924523
0.499245
0.49924535
0.4992442
0.49924523
0.49924505
0.49924523
0.49924487
0.49924505
0.499245
0.499245
0.49924487
0.49924523
0.49924535
0.49924523
0.4992451
0.4992451
0.4992447
0.4992448
0.49924487
0.49924523
0.4992448
0.49924475
0.4992451
0.49924487
0.4992451
0.4992451
0.4992454
0.49924487
0.49924552
0.49924517
0.49924523
0.4992451
0.49924523
0.4992451
0.49924463
0.4992448
0.49924463
0.49924475
0.49924475
0.49924535
0.4992451
0.49924523
0.49924463
0.4992448
0.49924487
0.499245
0.49924523
0.49924475
0.49924505
0.4992445
0.49924487
0.4992451
0.4992451
0.49924457
0.4992454
0.49924493
0.4992453
0.49924546
0.49924523
0.49924487
0.49924523
0.499245
0.499245
0.499245
0.499245
0.49924535
0.49924517
0.49924487
0.49924493
0.499245
0.49924535
0.4992448
0.4992445
0.499245
0.4992451
0.49924535
0.49924445
0.49924523
0.4992453
0.4992451
0.49924475
0.49924475
0.49924487
0.49924475
0.499245
0.4992451
0.49924487
0.49924487
0.49924523
0.49924523
0.49924487
0.4992451
0.49924523
0.4992454
0.499245
0.49924558
0.499245
0.49924505
0.49924487
0.4992451
0.49924523
0.49924487
0.49924546
0.49924493
0.49924523
0.49924523
0.4992451
0.4992451
0.49924523
0.499245
0.4992445
0.49924546
0.4992451
0.4992451
0.499245
0.49924487
0.49924505
0.4992451
0.499245
0.499245
0.4992451
0.4992451
0.4992451
0.499245
0.4992451
0.499245
0.49924523
0.499245
0.49924546
0.49924487
0.49924535
0.49924487
0.49924535
0.49924505
0.49924523
0.499245
0.49924523
0.499245
0.4992451
0.49924535
0.499245
0.4992448
0.499245
0.49924523
0.49924487
0.499245
0.4992451
0.49924487
0.49924475
0.49924463
0.49924535
0.49924552
0.49924505
0.499245
0.499245
0.49924475
0.49924475
0.49924523
0.499245
0.49924475
0.4992451
0.49924487
0.4992451
0.49924517
0.49924505
0.4992451
0.49924493
0.49924546
0.49924487
0.49924505
0.49924523
0.499245
0.49924493
0.49924523
0.49924475
0.4992451
0.49924475
0.49924475
0.4992454
0.49924487
0.499245
0.4992451
0.4992445
0.4992451
0.4992447
0.49924517
0.499245
0.49924523
0.49924523
0.4992448
0.499245
0.4992448
0.4992451
0.499245
0.49924523
0.4992453
0.49924523
0.49924576
0.49924523
0.49924475
0.49924517
0.49924493
0.49924535
0.49924427
0.49924493
0.4992448
0.49924523
0.49924487
0.49924523
0.49924487
0.49924535
0.49924487
0.49924546
0.49924523
0.49924523
0.499245
0.49924493
0.49924517
0.499245
0.49924475
0.4992451
0.49924487
0.49924535
0.4992451
0.49924523
0.4992451
0.49924493
0.4992451
0.49924535
0.4992453
0.49924493
0.49924487
0.499245
0.49924523
0.499245
0.4992447
0.4992451
0.499245
0.49924546
0.49924475
0.49924487
0.499245
0.4992453
0.49924475
0.4992453
0.4992442
0.49924493
0.49924523
0.49924487
0.4992451
0.49924523
0.4992448
0.4992451
0.499245
0.499245
0.49924457
0.4992451
0.4992448
0.49924535
0.4992451
0.49924487
0.49924487
0.499245
0.4992448
0.49924487
0.49924493
0.49924475
0.4992447
0.49924523
0.499245
0.4992445
0.4992451
0.49924475
0.4992451
0.49924505
0.4992457
0.49924475
0.49924517
0.49924487
0.4992451
0.49924475
0.49924523
0.4992451
0.499245
0.49924493
0.49924415
0.4992451
0.499245
0.49924493
0.49924493
0.49924523
0.499245
0.4992447
0.49924517
0.4992448
0.49924505
0.4992448
0.4992445
0.49924517
0.499245
0.4992453
0.49924523
0.499245
0.49924487
0.49924457
0.499245
0.49924487
0.49924505
0.499245
0.49924475
0.4992451
0.49924505
0.4992451
0.4992451
0.4992451
0.49924332
0.49924475
0.49924457
0.49924493
0.49924517
0.499245
0.49924493
0.4992445
0.49924523
0.49924487
0.49924523
0.49924475
0.499245
0.4992445
0.49924475
0.4992453
0.49924487
0.499245
0.49924505
0.49924487
0.49924487
0.4992451
0.499245
0.4992451
0.49924523
0.49924487
0.4992451
0.49924487
0.49924517
0.49924493
0.4992453
0.49924546
0.4992451
0.4992448
0.49924463
0.49924523
0.49924463
0.49924463
0.4992457
0.49924523
0.499245
0.49924487
0.499245
0.499245
0.49924535
0.4992451
0.49924517
0.4992451
0.4992447
0.4992441
0.4992451
0.49924523
0.49924523
0.49924487
0.49924487
0.49924493
0.49924505
0.49924546
0.49924493
0.49924558
0.4992451
0.499245
0.49924523
0.499245
0.49924523
0.4992445
0.49924487
0.4992451
0.4992442
0.499245
0.49924523
0.49924523
0.49924523
0.49924475
0.49924487
0.4992451
0.4992451
0.49924535
0.49924517
0.49924523
0.49924523
0.49924463
0.49924517
0.49924523
0.49924487
0.49924505
0.4992451
0.49924523
0.49924487
0.4992451
0.4992444
0.49924463
0.49924475
0.49924475
0.49924493
0.4992451
0.49924517
0.49924523
0.49924475
0.4992451
0.4992453
0.49924463
0.49924523
0.49924427
0.49924475
0.4992453
0.4992451
0.49924475
0.4992445
0.49924487
0.49924487
0.499245
0.4992451
0.49924517
0.49924493
0.49924487
0.49924517
0.4992444
0.49924535
0.49924487
0.49924487
0.499245
0.4992451
0.49924475
0.49924523
0.49924517
0.49924505
0.49924475
0.49924523
0.49924523
0.49924535
0.49924523
0.49924523
0.49924535
0.499245
0.4992453
0.499245
0.49924558
0.49924535
0.499245
0.49924546
0.4992451
0.49924204
0.49924475
0.49924487
0.4992448
0.49924475
0.49924535
0.4992453
0.49924487
0.49924475
0.499245
0.49924517
0.49924487
0.4992451
0.49924487
0.49924523
0.49924475
0.4992447
0.4992451
0.4992451
0.49924523
0.49924463
0.49924487
0.499245
0.49924517
0.4992451
0.499245
0.49924523
0.4992448
0.4992451
0.49924505
0.4992448
0.499245
0.49924487
0.4992453
0.49924463
0.4992451
0.49924475
0.4992451
0.4992451
0.49924475
0.4992451
0.49924463
0.49924558
0.4992451
0.4992451
0.49924475
0.49924487
0.4992451
0.49924487
0.49924493
0.49924475
0.499245
0.49924487
0.49924517
0.49924475
0.499245
0.49924523
0.49924487
0.49924475
0.4992451
0.4992451
0.49924546
0.49924535
0.49924445
0.4992451
0.4992451
0.49924505
0.4992451
0.49924475
0.49924523
0.4992451
0.4992451
0.49924475
0.4992451
0.49924546
0.49924523
0.49924427
0.499245
0.49924403
0.49924582
0.4992451
0.499245
0.4992451
0.49924523
0.4992451
0.49924523
0.499245
0.49924475
0.4992451
0.499245
0.4992447
0.49924517
0.4992451
0.4992451
0.49924552
0.49924505
0.49924487
0.49924493
0.49924523
0.49924487
0.4992451
0.49924558
0.49924505
0.49924475
0.49924487
0.499245
0.4992445
0.49924523
0.49924493
0.499245
0.49924493
0.49924463
0.499245
0.49924487
0.49924523
0.49924523
0.499245
0.49924523
0.499245
0.49924517
0.4992451
0.49924415
0.4992451
0.499245
0.4992453
0.49924487
0.49924505
0.499245
0.499245
0.499245
0.4992451
0.49924403
0.4992454
0.4992454
0.49924487
0.4992451
0.49924505
0.49924517
0.49924505
0.499245
0.49924487
0.49924487
0.49924493
0.49924523
0.49924415
0.49924493
0.49924535
0.49924523
0.49924463
0.499245
0.49924505
0.49924463
0.499245
0.499245
0.4992451
0.49924517
0.49924392
0.4992451
0.4992453
0.49924517
0.4992451
0.49924493
0.4992451
0.4992457
0.4992451
0.499245
0.499245
0.49924535
0.49924523
0.4992451
0.49924523
0.4992451
0.49924475
0.49924523
0.49924517
0.4992445
0.49924535
0.49924457
0.49924523
0.49924517
0.499245
0.499245
0.49924487
0.4992448
0.4992451
0.49924523
0.49924463
0.499245
0.49924517
0.4992445
0.4992451
0.49924487
0.49924487
0.49924517
0.49924493
0.49924523
0.4992445
0.49924523
0.49924493
0.4992451
0.49924523
0.4992451
0.49924523
0.4992445
0.49924487
0.49924552
0.49924523
0.49924487
0.499245
0.49924493
0.49924487
0.49924523
0.4992451
0.499245
0.4992451
0.49924493
0.49924523
0.49924487
0.49924487
0.4992442
0.49924517
0.4992448
0.49924475
0.49924523
0.49924487
0.49924487
0.499245
0.4992451
0.49924487
0.49924487
0.49924523
0.4992451
0.4992453
0.499245
0.49924487
0.49924487
0.49924487
0.49924487
0.49924517
0.49924523
0.4992451
0.49924523
0.499245
0.49924523
0.49924517
0.49924475
0.499245
0.49924487
0.4992451
0.499245
0.4992451
0.49924535
0.49924505
0.4992447
0.4992451
0.49924475
0.49924475
0.4992448
0.49924487
0.4992451
0.49924517
0.4992451
0.4992448
0.49924505
0.49924523
0.49924505
0.499245
0.49924463
0.49924517
0.4992451
0.49924433
0.4992448
0.49924535
0.4992451
0.49924505
0.49924535
0.49924523
0.49924475
0.499245
0.499245
0.4992451
0.49924487
0.49924546
0.49924523
0.49924505
0.4992451
0.4992453
0.49924523
0.49924666
0.49924493
0.49924487
0.49924487
0.4992451
0.49924564
0.49924493
0.49924523
0.499245
0.49924523
0.49924493
0.49924523
0.49924546
0.4992453
0.4992441
0.49924576
0.49924517
0.49924517
0.499245
0.499245
0.4992447
0.49924475
0.49924487
0.49924523
0.4992451
0.4992448
0.4992447
0.4992448
0.49924487
0.49924546
0.4992451
0.499245
0.49924487
0.49924546
0.49924523
0.4992451
0.49924487
0.49924535
0.4992451
0.4992451
0.49924487
0.4992451
0.49924463
0.49924523
0.4992448
0.49924493
0.49924535
0.49924523
0.499245
0.499245
0.4992448
0.49924523
0.49924493
0.49924493
0.49924403
0.49924535
0.499245
0.49924535
0.4992451
0.49924487
0.49924487
0.49924523
0.4992453
0.49924415
0.49924487
0.49924487
0.4992451
0.4992441
0.49924505
0.49924493
0.49924523
0.4992451
0.49924517
0.4992451
0.4992448
0.49924517
0.49924517
0.4992451
0.49924588
0.4992453
0.499245
0.499245
0.49924523
0.4992451
0.499245
0.49924493
0.49924487
0.49924523
0.4992451
0.49924594
0.49924505
0.49924535
0.49924487
0.49924535
0.49924535
0.49924487
0.4992451
0.49924606
0.4992447
0.49924475
0.499245
0.49924493
0.4992451
0.49924535
0.49924475
0.49924493
0.4992453
0.49924487
0.4992451
0.49924463
0.49924517
0.49924505
0.499245
0.4992454
0.4992444
0.499245
0.49924487
0.49924523
0.49924463
0.4992451
0.49924493
0.499245
0.49924523
0.49924505
0.4992447
0.49924475
0.4992451
0.49924505
0.49924487
0.4992451
0.499245
0.49924487
0.49924523
0.49924523
0.499245
0.49924386
0.4992457
0.49924463
0.4992457
0.49924487
0.499245
0.499245
0.49924505
0.499245
0.49924523
0.49924487
0.499245
0.4992448
0.49924505
0.499245
0.4992451
0.49924505
0.49924505
0.4992451
0.4992451
0.49924493
0.49924546
0.49924487
0.49924463
0.49924523
0.4992453
0.499245
0.49924475
0.49924517
0.49924523
0.4992451
0.4992451
0.49924523
0.4992451
0.49924523
0.49924493
0.49924552
0.49924523
0.49924517
0.49924493
0.4992451
0.49924523
0.4992451
0.49924475
0.49924517
0.4992451
0.49924493
0.49924505
0.4992451
0.49924523
0.4992451
0.49924487
0.499245
0.49924505
0.49924535
0.499245
0.49924463
0.499245
0.49924487
0.4992451
0.49924463
0.49924523
0.49924517
0.499245
0.4992453
0.4992444
0.49924487
0.499245
0.49924505
0.49924475
0.49924523
0.49924523
0.49924475
0.49924487
0.499245
0.4992451
0.4992453
0.49924493
0.49924523
0.49924487
0.49924523
0.4992451
0.499245
0.49924487
0.4992451
0.4992453
0.49924475
0.4992448
0.49924523
0.49924523
0.49924523
0.4992451
0.49924487
0.49924487
0.4992454
0.49924475
0.49924487
0.49924487
0.4992451
0.49924475
0.4992448
0.4992451
0.49924535
0.49924535
0.49924475
0.499245
0.49924463
0.49924487
0.4992451
0.49924535
0.4992453
0.49924487
0.49924493
0.49924505
0.49924505
0.49924523
0.49924505
0.49924487
0.49924487
0.4992454
0.49924517
0.499245
0.49924487
0.49924523
0.49924493
0.49924523
0.49924475
0.499245
0.4992451
0.49924487
0.49924523
0.49924487
0.499245
0.4992427
0.49924493
0.4992453
0.49924332
0.4992451
0.4992451
0.49924523
0.49924535
0.49924487
0.499245
0.49924487
0.4992451
0.49924493
0.49924487
0.49924445
0.49924785
0.499245
0.49924523
0.499245
0.49924523
0.4992451
0.4992451
0.4992451
0.49924487
0.49924535
0.49924535
0.49924487
0.49924523
0.4992448
0.49924487
0.49924475
0.49924487
0.499245
0.49924475
0.49924505
0.49924523
0.49924523
0.49924487
0.4992451
0.4992451
0.49924523
0.49924493
0.49924493
0.49924475
0.4992453
0.49924523
0.4992451
0.4992451
0.49924475
0.49924487
0.49924517
0.49924487
0.4992451
0.49924552
0.4992451
0.49924505
0.4992451
0.4992451
0.499245
0.499245
0.499245
0.4992454
0.4992451
0.49924487
0.49924487
0.4992451
0.49924523
0.4992451
0.4992451
0.49924523
0.4992451
0.49924415
0.49924493
0.499245
0.49924415
0.4992453
0.4992448
0.49924523
0.49924558
0.4992451
0.49924463
0.49924517
0.49924487
0.4992451
0.49924487
0.4992448
0.49924523
0.4992445
0.49924517
0.49924505
0.499245
0.49924463
0.49924332
0.49924487
0.49924475
0.49924505
0.49924487
0.4992447
0.49924523
0.49924523
0.49924535
0.49924487
0.49924523
0.49924493
0.4992448
0.49924487
0.4992451
0.49924535
0.49924368
0.49924487
0.499245
0.49924523
0.49924535
0.4992451
0.49924523
0.4992445
0.4992451
0.49924523
0.49924475
0.4992451
0.49924463
0.49924523
0.49924487
0.49924535
0.49924505
0.49924523
0.49924487
0.49924517
0.49924535
0.49924505
0.49924445
0.49924475
0.49924463
0.4992451
0.4992451
0.49924475
0.49924505
0.4992451
0.49924475
0.49924546
0.4992451
0.49924487
0.49924505
0.499245
0.4992448
0.4992447
0.4992451
0.49924493
0.499245
0.4992445
0.49924523
0.4992448
0.49924487
0.499245
0.49924505
0.49924523
0.4992451
0.4992444
0.499245
0.499245
0.49924463
0.4992447
0.49924457
0.49924523
0.49924523
0.499245
0.49924535
0.49924487
0.4992453
0.49924523
0.49924487
0.4992451
0.49924487
0.49924546
0.4992451
0.49924505
0.4992451
0.4992451
0.49924493
0.49924475
0.49924427
0.4992457
0.499245
0.49924475
0.4992451
0.4992451
0.49924523
0.4992447
0.49924463
0.49924535
0.49924475
0.49924523
0.49924505
0.49924475
0.499245
0.49924505
0.4992445
0.499245
0.49924523
0.4992451
0.49924523
0.4992448
0.49924457
0.49924517
0.49924493
0.49924487
0.49924535
0.4992451
0.4992447
0.4992445
0.49924392
0.4992453
0.49924523
0.49924475
0.49924487
0.49924493
0.49924535
0.49924517
0.49924475
0.4992453
0.4992448
0.4992448
0.49924493
0.4992451
0.4992447
0.4992451
0.49924517
0.499245
0.4992448
0.49924546
0.4992454
0.4992451
0.49924535
0.4992448
0.4992451
0.49924487
0.49924403
0.49924457
0.49924493
0.4992451
0.4992454
0.49924546
0.49924523
0.49924505
0.499245
0.49924487
0.49924505
0.49924493
0.49924517
0.4992451
0.49924475
0.4992453
0.49924487
0.49924487
0.49924523
0.49924487
0.4992451
0.4992451
0.49924535
0.49924517
0.49924475
0.4992453
0.49924523
0.4992453
0.49924505
0.499245
0.49924475
0.49924487
0.4992453
0.49924517
0.49924475
0.4992451
0.49924523
0.49924493
0.499245
0.49924487
0.4992451
0.49924523
0.49924487
0.499246
0.4992451
0.49924487
0.49924505
0.4992448
0.49924523
0.4992451
0.49924505
0.499245
0.49924505
0.49924576
0.499245
0.49924558
0.4992451
0.49924523
0.49924475
0.49924535
0.49924523
0.49924487
0.49924487
0.49924475
0.49924493
0.49924487
0.4992448
0.4992451
0.49924487
0.49924386
0.49924523
0.499245
0.4992448
0.49924546
0.49924582
0.4992453
0.49924493
0.49924523
0.4992445
0.4992451
0.499245
0.49924463
0.499245
0.49924517
0.4992445
0.4992451
0.49924475
0.4992441
0.49924487
0.49924475
0.49924523
0.49924463
0.49924523
0.49924463
0.49924493
0.499245
0.499245
0.49924487
0.49924523
0.4992451
0.49924493
0.49924535
0.49924487
0.4992451
0.49924517
0.49924493
0.49924535
0.4992451
0.49924487
0.49924535
0.49924493
0.49924487
0.49924523
0.4992447
0.49924517
0.4992451
0.4992451
0.49924535
0.499245
0.49924487
0.499245
0.49924475
0.4992447
0.49924517
0.4992447
0.4992451
0.49924505
0.49924535
0.4992451
0.49924535
0.499245
0.49924487
0.49924487
0.49924463
0.4992451
0.4992451
0.49924505
0.49924487
0.49924523
0.49924463
0.49924487
0.49924487
0.49924505
0.49924487
0.49924523
0.4992448
0.499245
0.49924523
0.49924523
0.49924517
0.49924523
0.4992451
0.49924493
0.49924493
0.499245
0.4992451
0.4992451
0.49924517
0.4992451
0.499245
0.49924493
0.4992448
0.49924517
0.49924535
0.499245
0.499245
0.4992451
0.49924517
0.49924517
0.49924493
0.4992445
0.49924523
0.49924487
0.49924517
0.49924523
0.49924493
0.49924487
0.49924463
0.49924523
0.49924487
0.4992448
0.499245
0.4992448
0.49924505
0.4992451
0.499245
0.49924475
0.4992453
0.49924505
0.49924487
0.49924535
0.49924487
0.499245
0.4992451
0.4992454
0.49924487
0.49924463
0.49924517
0.49924505
0.49924487
0.49924523
0.49924493
0.4992445
0.49924475
0.49924517
0.49924523
0.4992444
0.49924487
0.4992448
0.4992444
0.4992451
0.4992442
0.4992451
0.4992457
0.49924475
0.4992451
0.49924487
0.499245
0.49924505
0.49924475
0.4992453
0.49924523
0.49924505
0.499245
0.49924517
0.49924487
0.49924517
0.49924523
0.49924445
0.4992451
0.49924463
0.4992448
0.499245
0.4992451
0.49924487
0.4992451
0.499245
0.4992451
0.4992447
0.4992447
0.49924517
0.49924523
0.49924493
0.4992448
0.4992453
0.49924535
0.4992451
0.4992451
0.49924487
0.499245
0.49924523
0.49924523
0.499245
0.4992445
0.49924505
0.499245
0.49924487
0.499245
0.49924505
0.49924487
0.4992451
0.4992451
0.49924493
0.4992444
0.49924475
0.49924505
0.49924463
0.49924493
0.49924535
0.499245
0.49924523
0.4992448
0.4992451
0.49924523
0.499245
0.49924475
0.4992453
0.49924487
0.4992451
0.49924535
0.49924487
0.49924487
0.4992453
0.499245
0.49924475
0.4992451
0.49924523
0.49924582
0.49924073
0.49924523
0.49924487
0.499245
0.49924487
0.49924505
0.49924338
0.49924427
0.4992451
0.4992432
0.4992451
0.4992451
0.49924487
0.49924487
0.4992448
0.49924493
0.49924523
0.499245
0.49924427
0.49924523
0.49924487
0.4992451
0.49924475
0.4992453
0.49924523
0.49924475
0.49924517
0.49924523
0.49924487
0.4992453
0.49924523
0.49924505
0.49924558
0.49924487
0.49924487
0.49924523
0.49924493
0.49924523
0.4992451
0.49924487
0.49924475
0.49924523
0.4992448
0.49924487
0.49924475
0.499245
0.49924523
0.499247
0.49924487
0.4992448
0.49924487
0.49924445
0.4992451
0.4992451
0.49924493
0.4992451
0.4992457
0.49924475
0.49924523
0.49924523
0.4992451
0.499245
0.499245
0.49924487
0.49924535
0.49924487
0.499245
0.49924505
0.4992448
0.49924505
0.49924463
0.49924505
0.499245
0.4992445
0.4992451
0.4992453
0.49924427
0.49924463
0.49924517
0.49924487
0.49924523
0.4992451
0.4992451
0.499245
0.4992451
0.499245
0.499245
0.49924523
0.49924475
0.49924517
0.49924505
0.499245
0.499245
0.49924493
0.49924475
0.499245
0.49924487
0.4992451
0.499245
0.4992451
0.49924463
0.499245
0.49924475
0.49924463
0.49924505
0.49924523
0.4992445
0.49924505
0.49924475
0.4992444
0.4992453
0.499245
0.4992451
0.49924535
0.499245
0.49924523
0.499245
0.49924487
0.49924493
0.4992447
0.49924517
0.49924463
0.4992453
0.49924535
0.49924487
0.49924487
0.499245
0.4992451
0.4992451
0.49924535
0.49924535
0.49924535
0.49924463
0.49924505
0.49924487
0.49924523
0.4992451
0.499245
0.49924493
0.49924505
0.4992438
0.4992448
0.49924535
0.49924487
0.49924505
0.499245
0.49924517
0.49924523
0.49924487
0.499245
0.4992451
0.49924505
0.4992451
0.49924523
0.49924517
0.4992451
0.49924487
0.49924493
0.4992451
0.49924535
0.4992451
0.4992451
0.499245
0.49924493
0.49924618
0.4992448
0.49924523
0.49924487
0.4992453
0.4992451
0.4992451
0.49924463
0.499245
0.4992451
0.49924523
0.49924523
0.4992451
0.499245
0.4992451
0.49924487
0.4992447
0.4992453
0.4992453
0.499245
0.49924535
0.499245
0.49924487
0.49924535
0.49924517
0.49924523
0.4992451
0.499245
0.4992445
0.4992445
0.4992448
0.49924535
0.499245
0.49924487
0.49924487
0.4992453
0.499245
0.49924535
0.4992451
0.49924535
0.49924487
0.499245
0.4992448
0.49924487
0.499245
0.49924505
0.49924487
0.49924523
0.4992451
0.499245
0.49924487
0.4992451
0.49924535
0.49924535
0.49924493
0.49924505
0.4992451
0.49924487
0.49924487
0.4992453
0.49924505
0.4992448
0.499245
0.499245
0.49924523
0.49924475
0.49924517
0.49924415
0.49924523
0.4992451
0.4992451
0.49924487
0.499245
0.499245
0.499245
0.49924535
0.499245
0.49924523
0.499245
0.49924523
0.499245
0.49924475
0.49924475
0.4992448
0.49924487
0.499245
0.4992448
0.49924487
0.499245
0.49924475
0.4992451
0.4992451
0.499245
0.49924523
0.499245
0.4992451
0.4992457
0.49924523
0.49924558
0.49924517
0.4992447
0.49924523
0.49924505
0.49924505
0.4992451
0.4992451
0.49924523
0.4992451
0.49924487
0.49924523
0.49924535
0.49924463
0.49924493
0.49924523
0.49924487
0.49924517
0.49924505
0.4992447
0.49924523
0.49924505
0.4992451
0.49924487
0.49924517
0.49924523
0.49924523
0.4992451
0.49924517
0.4992451
0.49924505
0.49924487
0.4992447
0.49924523
0.499245
0.49924535
0.499245
0.49924505
0.49924535
0.49924523
0.49924475
0.4992451
0.49924523
0.4992447
0.49924475
0.49924523
0.49924523
0.4992469
0.49924523
0.4992451
0.49924904
0.49924493
0.49924517
0.49924487
0.49924517
0.49924463
0.49924487
0.49924475
0.4992445
0.4992453
0.49924493
0.4992451
0.4992451
0.4992451
0.49924463
0.4992451
0.49924523
0.499245
0.499245
0.49924505
0.49924487
0.49924475
0.49924487
0.499245
0.4992451
0.49924487
0.49924487
0.49924493
0.49924505
0.49924487
0.49924517
0.49924427
0.49924517
0.49924523
0.4992451
0.4992451
0.4992445
0.4992451
0.49924487
0.499245
0.49924487
0.49924287
0.49924463
0.49924487
0.49924523
0.4992453
0.49924523
0.499245
0.49924487
0.499245
0.4992453
0.49924523
0.49924487
0.499245
0.49924475
0.4992453
0.49924523
0.49924475
0.49924523
0.49924427
0.49924523
0.49924487
0.49924535
0.49924517
0.49924493
0.49924475
0.49924523
0.49924487
0.4992451
0.49924475
0.4992451
0.49924523
0.4992444
0.4992451
0.49924535
0.49924546
0.4992451
0.49924493
0.49924523
0.49924463
0.49924505
0.49924487
0.49924505
0.49924517
0.49924523
0.4992448
0.49924523
0.4992451
0.49924523
0.49924326
0.49924475
0.49924415
0.49924523
0.49924415
0.49924493
0.49924523
0.49924523
0.4992451
0.49924505
0.499245
0.4992454
0.49924523
0.4992463
0.499245
0.49924392
0.499245
0.49924493
0.4992451
0.49924493
0.49924505
0.499245
0.49924487
0.49924487
0.49924487
0.49924487
0.4992448
0.49924475
0.49924487
0.49924517
0.4992451
0.499245
0.49924487
0.499245
0.49924517
0.49924493
0.49924487
0.49924523
0.499245
0.49924505
0.49924523
0.49924505
0.49924523
0.499245
0.49924487
0.49924487
0.49924475
0.49924487
0.49924535
0.4992451
0.499245
0.499245
0.499245
0.49924487
0.499245
0.4992451
0.49924523
0.49924487
0.49924582
0.499245
0.49924487
0.4992448
0.4992451
0.499245
0.49924475
0.49924505
0.49924558
0.49924463
0.4992451
0.49924594
0.49924487
0.499245
0.4992451
0.49924415
0.49924475
0.499245
0.49924517
0.49924523
0.49924475
0.4992451
0.49924487
0.49924487
0.49924523
0.49924535
0.499245
0.499245
0.4992451
0.49924523
0.4992451
0.49924493
0.4992448
0.4992451
0.499245
0.49924493
0.4992451
0.4992448
0.49924523
0.49924517
0.49924487
0.499245
0.4992453
0.4992451
0.49924487
0.499245
0.49924523
0.49924535
0.49924523
0.499245
0.49924487
0.49924487
0.49924535
0.49924523
0.499245
0.49924487
0.4992451
0.49924523
0.49924487
0.49924493
0.49924535
0.4992453
0.4992451
0.49924505
0.4992451
0.499245
0.49924487
0.499245
0.49924493
0.4992448
0.49924475
0.4992451
0.49924487
0.4992451
0.4992453
0.49924523
0.49924517
0.49924517
0.49924487
0.49924523
0.499245
0.49924475
0.49924505
0.4992444
0.49924517
0.49924487
0.49924505
0.49924475
0.4992451
0.499245
0.49924552
0.4992451
0.49924487
0.49924463
0.4992448
0.4992448
0.499245
0.49924475
0.4992445
0.4992451
0.499245
0.49924523
0.499245
0.49924475
0.49924493
0.49924487
0.49924475
0.49924475
0.49924457
0.49924475
0.49924523
0.49924523
0.499245
0.499245
0.49924523
0.49924517
0.4992453
0.49924493
0.499245
0.49924523
0.4992451
0.49924487
0.4992451
0.49924457
0.4992451
0.49924487
0.49924475
0.49924767
0.499245
0.49924463
0.499245
0.49924523
0.49924523
0.49924535
0.49924493
0.49924487
0.4992451
0.49924493
0.49924457
0.4992453
0.49924546
0.499245
0.49924523
0.49924517
0.49924517
0.4992451
0.49924487
0.49924487
0.4992451
0.49924487
0.4992451
0.4992448
0.49924523
0.49924523
0.4992451
0.4992453
0.499245
0.49924505
0.49924517
0.49924505
0.499245
0.4992451
0.49924475
0.49924475
0.4992451
0.4992451
0.49924493
0.49924523
0.49924546
0.4992451
0.49924535
0.4992451
0.49924535
0.4992451
0.49924523
0.49924523
0.49924493
0.49924517
0.499245
0.49924487
0.49924546
0.499245
0.49924475
0.49924523
0.49924487
0.4992451
0.49924463
0.4992453
0.49924523
0.499245
0.499245
0.49924487
0.4992448
0.499245
0.49924523
0.49924523
0.49924487
0.49924523
0.49924493
0.49924517
0.49924487
0.49924505
0.49924505
0.4992448
0.49924517
0.4992448
0.49924487
0.49924523
0.499245
0.49924487
0.49924487
0.49924457
0.499245
0.49924487
0.49924517
0.4992453
0.49924523
0.4992451
0.49924493
0.49924505
0.4992451
0.49924487
0.49924457
0.49924505
0.4992448
0.4992453
0.49924487
0.49924517
0.49924475
0.49924487
0.4992451
0.49924517
0.49924505
0.49924487
0.49924558
0.499245
0.49924463
0.49924582
0.4992448
0.49924517
0.4992451
0.49924546
0.49924356
0.4992448
0.49924505
0.4992454
0.49924493
0.49924523
0.49924505
0.49924475
0.49924517
0.4992451
0.49924535
0.49924523
0.49924475
0.49924475
0.49924487
0.49924475
0.49924487
0.4992453
0.49924523
0.49924457
0.49924552
0.49924487
0.4992451
0.49924517
0.49924475
0.49924535
0.499245
0.49924463
0.49924523
0.49924523
0.49924546
0.49924487
0.49924487
0.49924463
0.499245
0.49924344
0.4992451
0.49924546
0.49924523
0.49924487
0.499245
0.49924475
0.499245
0.4992451
0.49924535
0.4992451
0.499245
0.49924523
0.4992453
0.49924523
0.499245
0.49924505
0.49924505
0.499245
0.49924487
0.49924523
0.499245
0.49924517
0.4992451
0.4992451
0.49924535
0.49924535
0.49924517
0.49924505
0.49924487
0.49924493
0.49924487
0.49924517
0.49924493
0.49924463
0.4992448
0.4992451
0.49924487
0.4992451
0.49924517
0.49924517
0.49924487
0.4992453
0.4992444
0.49924523
0.4992453
0.4992451
0.4992445
0.4992451
0.49924535
0.49924517
0.49924457
0.49924523
0.4992445
0.49924523
0.49924493
0.4992451
0.4992444
0.4992454
0.4992451
0.49924463
0.49924535
0.4992451
0.499245
0.49924415
0.499245
0.49924475
0.49924475
0.49924487
0.49924487
0.49924535
0.4992453
0.4992451
0.499245
0.49924505
0.499245
0.49924475
0.49924523
0.49924517
0.49924487
0.49924546
0.4992445
0.49924523
0.49924475
0.499245
0.49924558
0.4992451
0.49924475
0.49924523
0.49924475
0.499245
0.49924487
0.4992451
0.49924535
0.49924523
0.49924523
0.49924505
0.499245
0.4992451
0.4992435
0.4992451
0.4992451
0.4992451
0.4992442
0.4992445
0.49924517
0.499245
0.49924487
0.49924487
0.499245
0.49924523
0.49924505
0.49924493
0.49924535
0.49924517
0.49924487
0.49924457
0.49924535
0.4992451
0.49924517
0.49924487
0.4992448
0.49924505
0.49924487
0.49924517
0.49924535
0.49924493
0.49924487
0.499245
0.49924535
0.49924475
0.49924517
0.49924493
0.49924475
0.49924523
0.49924493
0.499245
0.49924487
0.49924517
0.4992451
0.499245
0.49924487
0.49924487
0.49924475
0.49924535
0.49924487
0.4992451
0.49924487
0.49924523
0.49924558
0.4992451
0.4992447
0.49924505
0.49924475
0.49924523
0.499245
0.49924535
0.499245
0.49924558
0.49924487
0.49924487
0.4992448
0.4992445
0.49924487
0.49924535
0.49924487
0.49924487
0.499245
0.499245
0.49924487
0.49924397
0.49924523
0.49924523
0.4992447
0.499245
0.499245
0.4992451
0.49924505
0.4992453
0.49924523
0.4992451
0.4992451
0.49924493
0.49924487
0.49924487
0.49924475
0.49924523
0.4992451
0.49924463
0.49924552
0.49924487
0.499245
0.49924487
0.49924535
0.49924535
0.49924487
0.49924523
0.49924523
0.4992448
0.49924287
0.4992451
0.4992451
0.4992445
0.499245
0.49924523
0.49924517
0.49924517
0.499245
0.49924475
0.49924505
0.49924523
0.49924523
0.49924535
0.49924505
0.4992451
0.49924475
0.4992447
0.49924487
0.499245
0.499245
0.49924523
0.49924523
0.49924505
0.49924517
0.4992451
0.499245
0.49924475
0.499245
0.49924487
0.49924517
0.49924523
0.49924713
0.49924505
0.4992448
0.49924487
0.4992451
0.49924487
0.49924517
0.49924487
0.49924546
0.49924493
0.49924546
0.4992451
0.49924535
0.4992451
0.49924493
0.49924505
0.49924523
0.4992444
0.49924517
0.49924475
0.49924487
0.4992451
0.4992448
0.49924535
0.49924523
0.49924523
0.4992447
0.49924523
0.4992453
0.49924475
0.4992451
0.49924487
0.4992444
0.499245
0.49924535
0.49924487
0.4992454
0.4992451
0.4992451
0.49924475
0.49924487
0.49924606
0.49924487
0.49924487
0.49924505
0.49924487
0.4992451
0.4992469
0.49924487
0.4992451
0.49924535
0.4992453
0.499245
0.49924546
0.49924505
0.4992444
0.4992451
0.499245
0.49924487
0.49924487
0.49924493
0.499245
0.49924523
0.49924505
0.4992445
0.49924517
0.49924535
0.49924487
0.499245
0.4992451
0.49924493
0.4992451
0.4992451
0.49924576
0.49924487
0.499245
0.49924517
0.4992451
0.49924505
0.49924487
0.49924487
0.4992457
0.49924517
0.499245
0.49924517
0.49924487
0.49924523
0.49924475
0.4992451
0.49924523
0.49924493
0.4992453
0.49924487
0.4992451
0.49924517
0.4992451
0.49924487
0.49924505
0.4992453
0.4992451
0.4992431
0.49924523
0.499245
0.49924523
0.49924523
0.49924487
0.49924463
0.4992453
0.49924493
0.4992451
0.4992451
0.49924523
0.49924546
0.4992451
0.49924475
0.49924487
0.49924493
0.49924523
0.49924546
0.49924487
0.49924487
0.4992451
0.49924523
0.49924523
0.49924475
0.49924523
0.4992451
0.49924475
0.49924457
0.499245
0.4992451
0.49924487
0.49924487
0.4992453
0.4992453
0.4992447
0.49924475
0.49924517
0.499245
0.4992438
0.4992451
0.499245
0.49924517
0.4992448
0.4992451
0.49924546
0.49924517
0.4992451
0.49924523
0.49924487
0.499245
0.49924552
0.49924523
0.4992463
0.49924523
0.49924475
0.499245
0.4992454
0.49924487
0.49924552
0.499245
0.4992454
0.49924487
0.4992453
0.49924487
0.4992453
0.49924475
0.49924505
0.4992451
0.4992451
0.49924475
0.49924517
0.49924576
0.4992448
0.49924523
0.49924487
0.49924535
0.49924493
0.49924487
0.49924523
0.4992451
0.4992451
0.4992451
0.49924487
0.49924523
0.49924493
0.49924403
0.49924535
0.4992451
0.49924535
0.4992451
0.4992453
0.4992451
0.49924475
0.49924475
0.49924523
0.49924487
0.49924505
0.4992451
0.499245
0.49924594
0.49924523
0.4992451
0.49924487
0.499245
0.4992451
0.49924523
0.499245
0.4992447
0.499245
0.499245
0.49924517
0.49924415
0.49924356
0.49924475
0.49924582
0.499245
0.49924493
0.4992451
0.4992444
0.49924523
0.4992454
0.4992451
0.4992451
0.4992451
0.49924517
0.49924517
0.499245
0.4992432
0.49924523
0.4992445
0.4992451
0.49924517
0.49924517
0.499245
0.4992451
0.49924487
0.49924457
0.4992448
0.49924487
0.49924523
0.4992447
0.499245
0.49924535
0.49924523
0.4992451
0.49924523
0.4992451
0.49924523
0.49924505
0.49924457
0.4992451
0.49924546
0.499245
0.4992451
0.4992453
0.49924523
0.49924487
0.49924523
0.49924463
0.4992451
0.49924415
0.4992451
0.49924493
0.4992451
0.49924463
0.49924517
0.4992451
0.49924505
0.499245
0.49924505
0.49924487
0.499245
0.49924487
0.49924475
0.499245
0.49924523
0.49924487
0.499245
0.49924487
0.4992451
0.4992453
0.4992448
0.49924546
0.49924523
0.4992431
0.49924487
0.49924463
0.49924487
0.49924475
0.499245
0.49924612
0.49924523
0.49924535
0.4992453
0.4992453
0.49924475
0.499245
0.49924523
0.4992451
0.49924523
0.499245
0.49924523
0.49924475
0.49924487
0.499245
0.49924487
0.49924523
0.4992451
0.49924535
0.49924487
0.49924487
0.49924487
0.499245
0.49924463
0.4992451
0.49924505
0.4992453
0.49924546
0.499245
0.4992448
0.4992451
0.49924517
0.4992448
0.4992451
0.499245
0.4992451
0.4992453
0.49924517
0.4992451
0.49924523
0.49924523
0.49924517
0.49924582
0.49924487
0.4992453
0.49924523
0.4992448
0.49924523
0.4992444
0.49924517
0.49924487
0.499245
0.49924475
0.49924517
0.4992453
0.499245
0.4992451
0.4992454
0.49924523
0.49924475
0.49924523
0.4992451
0.499245
0.49924505
0.4992453
0.49924523
0.49924535
0.49924487
0.49924487
0.49924517
0.49924523
0.4992453
0.499245
0.49924475
0.49924505
0.49924517
0.499245
0.4992451
0.49924475
0.49924463
0.4992447
0.4992445
0.4992451
0.499245
0.49924505
0.4992451
0.49924523
0.4992453
0.49924493
0.49924535
0.49924523
0.49924523
0.4992451
0.4992453
0.4992454
0.49924546
0.49924487
0.49924487
0.49924535
0.49924523
0.49924403
0.49924487
0.49924487
0.4992448
0.4992447
0.499245
0.49924487
0.49924463
0.49924517
0.49924535
0.49924493
0.49924505
0.4992448
0.49924463
0.49924463
0.49924475
0.49924487
0.4992451
0.4992445
0.49924523
0.4992451
0.49924523
0.49924517
0.49924606
0.49924517
0.49924505
0.4992451
0.49924397
0.49924487
0.49924487
0.49924493
0.49924523
0.499245
0.49924523
0.49924535
0.4992451
0.499245
0.49924487
0.49924523
0.49924505
0.4992451
0.49924505
0.499245
0.4992451
0.49924487
0.49924487
0.499245
0.4992451
0.4992451
0.49924505
0.49924427
0.4992451
0.49924493
0.49924487
0.49924487
0.49924523
0.49924505
0.49924523
0.49924535
0.49924523
0.4992451
0.49924558
0.49924517
0.4992451
0.4992454
0.49924546
0.4992448
0.499245
0.4992454
0.49924558
0.49924487
0.49924463
0.4992451
0.4992451
0.4992451
0.49924463
0.49924487
0.49924523
0.4992451
0.49924523
0.4992451
0.4992451
0.4992451
0.49924505
0.4992451
0.49924487
0.49924535
0.49924487
0.49924523
0.49924487
0.49924535
0.499245
0.49924505
0.49924523
0.49924523
0.4992451
0.499245
0.49924493
0.49924535
0.49924517
0.49924487
0.4992451
0.49924523
0.499245
0.49924523
0.4992445
0.49924487
0.49924523
0.4992451
0.4992448
0.49924523
0.49924487
0.49924493
0.49924493
0.49924475
0.49924487
0.49924505
0.49924517
0.4992444
0.49924505
0.4992457
0.49924475
0.49924535
0.49924505
0.499245
0.49924546
0.49924493
0.49924523
0.4992447
0.49924463
0.49924493
0.4992451
0.49924523
0.49924487
0.499245
0.499245
0.49924475
0.49924517
0.4992451
0.49924493
0.49924487
0.49924505
0.4992453
0.4992451
0.4992451
0.499245
0.4992444
0.49924487
0.4992451
0.49924523
0.4992448
0.49924475
0.49924523
0.49924535
0.499245
0.499245
0.4992453
0.499245
0.499245
0.49924535
0.4992451
0.49924463
0.49924475
0.49924487
0.499245
0.49924523
0.49924493
0.49924192
0.499245
0.499245
0.499245
0.499245
0.499245
0.49924493
0.499245
0.49924487
0.4992451
0.49924535
0.49924535
0.49924505
0.4992451
0.49924546
0.49924487
0.49924487
0.49924487
0.49924505
0.49924475
0.49924517
0.49924487
0.49924487
0.49924517
0.4992447
0.49924535
0.49924457
0.49924517
0.4992454
0.49924487
0.49924487
0.49924487
0.499245
0.49924505
0.499245
0.49924523
0.49924535
0.49924475
0.4992451
0.49924493
0.49924517
0.49924505
0.499245
0.499245
0.499245
0.4992453
0.4992453
0.49924487
0.49924523
0.499245
0.499245
0.49924487
0.4992453
0.49924493
0.49924487
0.49924487
0.4992445
0.4992451
0.49924535
0.499245
0.499245
0.49924517
0.49924523
0.49924463
0.49924535
0.4992451
0.49924505
0.49924505
0.49924517
0.4992448
0.4992451
0.49924475
0.49924523
0.499245
0.49924535
0.4992451
0.4992451
0.49924487
0.49924546
0.499245
0.49924535
0.49924493
0.49924487
0.49924475
0.4992451
0.49924475
0.4992451
0.49924523
0.49924493
0.49924523
0.49924493
0.49924517
0.49924463
0.49924487
0.49924517
0.49924535
0.49924523
0.4992453
0.49924523
0.49924487
0.49924487
0.49924487
0.49924535
0.49924523
0.4992451
0.49924457
0.499245
0.4992451
0.4992451
0.49924493
0.49924463
0.49924487
0.49924517
0.499245
0.49924552
0.49924546
0.49924475
0.49924523
0.49924505
0.4992451
0.499245
0.4992445
0.49924487
0.49924487
0.4992451
0.499245
0.49924475
0.4992451
0.49924523
0.49924475
0.4992448
0.49924475
0.49924475
0.49924415
0.49924493
0.49924475
0.49924546
0.49924475
0.4992457
0.4992447
0.49924475
0.4992447
0.49924493
0.4992451
0.4992451
0.49924475
0.49924493
0.49924558
0.499245
0.4992447
0.49924475
0.49924487
0.49924523
0.49924487
0.4992453
0.49924475
0.499245
0.499245
0.49924505
0.49924487
0.49924487
0.4992447
0.49924475
0.49924517
0.4992448
0.4992451
0.49924517
0.49924487
0.4992451
0.49924517
0.4992451
0.499245
0.49924493
0.4992454
0.49924475
0.49924487
0.49924487
0.49924517
0.49924463
0.499245
0.49924517
0.499245
0.499245
0.49924487
0.4992451
0.49924493
0.4992453
0.49924487
0.499245
0.49924523
0.499245
0.4992453
0.4992451
0.49924517
0.49924523
0.499245
0.49924535
0.4992463
0.499245
0.49924505
0.4992451
0.499245
0.49924505
0.4992457
0.49924517
0.49924546
0.4992453
0.49924475
0.49924487
0.49924475
0.49924487
0.49924535
0.4992451
0.4992431
0.49924517
0.4992451
0.49924487
0.49924463
0.499245
0.4992451
0.499245
0.499245
0.49924487
0.4992451
0.49924487
0.49924463
0.49924546
0.49924552
0.4992453
0.49924475
0.49924523
0.499245
0.4992451
0.49924588
0.49924505
0.49924475
0.49924558
0.499245
0.49924493
0.49924523
0.49924523
0.49924463
0.49924505
0.499245
0.49924493
0.49924487
0.49924517
0.49924475
0.49924493
0.499245
0.49924535
0.4992451
0.49924582
0.49924433
0.49924487
0.4992448
0.4992451
0.499245
0.4992451
0.49924427
0.4992451
0.49924487
0.4992444
0.49924487
0.499245
0.49924517
0.49924546
0.49924493
0.49924463
0.49924523
0.49924523
0.499245
0.499245
0.49924493
0.4992448
0.4992451
0.4992457
0.49924463
0.4992445
0.49924505
0.49924505
0.49924487
0.49924457
0.49924475
0.4992451
0.49924487
0.49924546
0.49924374
0.4992448
0.49924523
0.499245
0.4992451
0.49924535
0.49924475
0.4992451
0.499245
0.4992445
0.4992451
0.4992448
0.49924487
0.499245
0.4992453
0.4992451
0.49924493
0.49924463
0.49924493
0.499245
0.4992451
0.49924487
0.49924535
0.4992451
0.49924523
0.499245
0.4992451
0.49924487
0.49924427
0.49924463
0.49924493
0.4992453
0.49924523
0.49924463
0.499245
0.49924487
0.499245
0.4992451
0.49924505
0.4992453
0.49924523
0.4992451
0.4992438
0.49924517
0.49924487
0.49924487
0.49924487
0.49924493
0.49924493
0.49924475
0.49924457
0.49924475
0.49924487
0.49924475
0.499245
0.49924493
0.49924493
0.49924493
0.49924487
0.49924487
0.4992445
0.49924523
0.4992451
0.49924487
0.49924475
0.499245
0.499245
0.4992451
0.49924487
0.49924505
0.49924517
0.49924517
0.49924493
0.49924463
0.49924487
0.4992447
0.499245
0.49924487
0.49924487
0.49924493
0.49924487
0.499245
0.4992447
0.49924487
0.4992448
0.49924487
0.49924523
0.4992453
0.49924505
0.4992451
0.49924487
0.49924493
0.49924487
0.49924552
0.49924475
0.49924415
0.49924505
0.4992453
0.49924475
0.49924487
0.49924523
0.4992448
0.4992445
0.4992451
0.49924535
0.4992448
0.4992451
0.4992454
0.49924517
0.4992448
0.4992453
0.499245
0.49924493
0.49924475
0.4992451
0.49924487
0.499245
0.49924487
0.49924546
0.4992453
0.49924475
0.4992451
0.4992448
0.4992451
0.49924457
0.499245
0.4992451
0.499245
0.49924517
0.49924505
0.49924287
0.49924517
0.49924517
0.49924535
0.4992445
0.49924475
0.49924505
0.499245
0.49924487
0.49924523
0.49924523
0.49924487
0.499245
0.4992444
0.499245
0.49924487
0.4992451
0.49924546
0.49924535
0.4992451
0.49924475
0.4992451
0.4992451
0.4992451
0.49924523
0.4992451
0.49924493
0.4992448
0.49924487
0.499245
0.499245
0.49924505
0.499245
0.499245
0.49924517
0.49924523
0.4992445
0.49924535
0.49924487
0.4992448
0.4992451
0.49924463
0.4992451
0.499245
0.49924523
0.4992451
0.49924546
0.49924487
0.49924487
0.49924523
0.49924517
0.49924463
0.4992451
0.49924517
0.4992451
0.49924368
0.49924523
0.49924463
0.49924368
0.49924475
0.4992451
0.4992448
0.4992451
0.49924517
0.49924487
0.49924523
0.4992453
0.49924523
0.4992448
0.49924517
0.49924487
0.49924505
0.4992451
0.49924505
0.49924505
0.49924487
0.49924517
0.49924517
0.49924558
0.49924523
0.49924457
0.49924523
0.49924523
0.4992451
0.49924487
0.4992448
0.4992451
0.4992451
0.499245
0.49924546
0.499245
0.49924493
0.4992451
0.499245
0.4992448
0.49924475
0.499245
0.49924475
0.49924523
0.49924505
0.4992451
0.49924505
0.4992451
0.49924523
0.49924433
0.49924523
0.49924523
0.49924517
0.49924487
0.49924517
0.4992451
0.4992451
0.49924475
0.4992454
0.49924505
0.4992454
0.4992453
0.499245
0.4992451
0.49924535
0.49924523
0.4992451
0.4992448
0.49924463
0.49924344
0.4992451
0.49924523
0.49924523
0.49924523
0.4992451
0.49924517
0.49924487
0.499245
0.49924487
0.4992451
0.49924535
0.49924493
0.49924535
0.49924535
0.49924487
0.49924493
0.49924493
0.49924415
0.49924546
0.4992451
0.49924487
0.4992444
0.49924463
0.499245
0.49924433
0.49924463
0.49924487
0.499245
0.499245
0.49924546
0.4992451
0.49924475
0.49924535
0.49924517
0.499245
0.4992451
0.49924487
0.49924517
0.499245
0.4992445
0.499245
0.49924523
0.49924487
0.499245
0.49924493
0.49924546
0.4992453
0.49924517
0.4992451
0.49924487
0.4992451
0.4992451
0.49924463
0.4992451
0.49924535
0.499245
0.49924606
0.49924523
0.4992451
0.49924523
0.49924463
0.499245
0.49924535
0.49924523
0.4992444
0.4992447
0.4992451
0.499245
0.4992451
0.4992451
0.49924487
0.4992451
0.49924493
0.4992451
0.4992451
0.49924487
0.499245
0.4992447
0.49924463
0.49924546
0.49924487
0.499245
0.49924493
0.49924475
0.49924546
0.4992451
0.49924535
0.49924463
0.49924487
0.49924475
0.49924517
0.49924487
0.49924493
0.49924523
0.4992451
0.4992447
0.49924517
0.49924475
0.49924523
0.4992451
0.49924487
0.49924618
0.4992447
0.4992448
0.499245
0.4992451
0.49924523
0.49924517
0.49924463
0.49924558
0.49924523
0.499245
0.49924487
0.49924475
0.499245
0.4992451
0.49924535
0.49924535
0.49924475
0.49924535
0.499245
0.49924523
0.4992451
0.4992451
0.49924487
0.4992451
0.49924505
0.49924505
0.4992448
0.4992454
0.499245
0.4992451
0.4992451
0.49924475
0.4992448
0.49924582
0.4992453
0.49924487
0.49924546
0.49924535
0.49924523
0.49924487
0.4992453
0.499245
0.49924558
0.49924517
0.499245
0.49924475
0.49924523
0.49924523
0.49924523
0.4992447
0.49924475
0.49924493
0.49924493
0.49924463
0.49924523
0.49924475
0.4992451
0.4992451
0.49924535
0.49924493
0.49924517
0.49924505
0.4992451
0.49924535
0.499245
0.49924517
0.49924463
0.49924523
0.49924523
0.4992445
0.49924523
0.49924523
0.4992451
0.49924463
0.49924546
0.49924475
0.4992445
0.499245
0.49924535
0.49924487
0.49924523
0.499245
0.4992451
0.49924487
0.49924517
0.49924523
0.499245
0.49924535
0.499245
0.4992451
0.49924487
0.4992451
0.49924535
0.4992451
0.499245
0.4992448
0.49924517
0.4992451
0.49924523
0.4992451
0.49924535
0.4992469
0.49924475
0.49924487
0.49924505
0.4992444
0.4992451
0.49924493
0.499245
0.4992451
0.49924535
0.4992447
0.49924517
0.49924475
0.4992448
0.49924546
0.4992448
0.49924487
0.49924475
0.49924463
0.49924493
0.4992448
0.49924487
0.49924475
0.49924582
0.4992447
0.4992447
0.49924487
0.4992457
0.4992445
0.49924517
0.49924487
0.4992438
0.4992451
0.499245
0.4992451
0.49924523
0.49924487
0.49924475
0.49924523
0.49924487
0.499245
0.4992438
0.49924505
0.49924517
0.49924517
0.49924475
0.49924463
0.499245
0.4992451
0.49924487
0.4992447
0.49924475
0.499245
0.49924493
0.49924487
0.49924487
0.4992447
0.49924487
0.49924475
0.49924493
0.4992451
0.49924493
0.49924493
0.49924505
0.49924523
0.499245
0.49924523
0.4992445
0.49924463
0.49924487
0.4992451
0.49924505
0.499245
0.4992451
0.4992451
0.49924475
0.49924475
0.499245
0.499245
0.4992448
0.4992442
0.4992451
0.4992442
0.49924487
0.4992451
0.499245
0.49924487
0.4992451
0.4992441
0.49924487
0.49924517
0.49924523
0.4992448
0.4992451
0.49924523
0.49924523
0.4992451
0.49924487
0.499245
0.499245
0.49924493
0.4992453
0.49924493
0.49924523
0.49924535
0.49924517
0.4992451
0.49924487
0.4992451
0.4992447
0.4992451
0.4992451
0.4992453
0.4992451
0.49924415
0.49924505
0.499245
0.49924523
0.4992451
0.49924546
0.49924487
0.49924475
0.49924523
0.49924505
0.49924517
0.49924517
0.49924606
0.49924493
0.49924487
0.49924487
0.499245
0.499245
0.4992448
0.49924523
0.4992448
0.49924487
0.49924523
0.4992447
0.499245
0.4992451
0.49924487
0.49924523
0.49924415
0.49924517
0.49924558
0.4992451
0.49924475
0.49924535
0.4992451
0.49924517
0.49924463
0.49924523
0.49924475
0.49924517
0.499245
0.49924475
0.49924523
0.499245
0.4992451
0.49924517
0.49924505
0.49924523
0.49924475
0.49924535
0.499245
0.49924505
0.499245
0.49924487
0.4992445
0.4992451
0.49924487
0.49924487
0.499245
0.4992451
0.49924505
0.49924505
0.49924558
0.49924493
0.49924505
0.499245
0.49924475
0.4992448
0.49924523
0.49924463
0.49924475
0.49924493
0.4992445
0.4992451
0.49924493
0.4992447
0.49924487
0.4992451
0.4992451
0.49924535
0.49924505
0.499245
0.49924433
0.49924523
0.4992445
0.49924475
0.49924475
0.49924433
0.4992453
0.4992451
0.49924505
0.4992451
0.49924487
0.499245
0.49924487
0.4992451
0.49924493
0.4992448
0.4992447
0.49924523
0.49924517
0.49924475
0.4992451
0.4992451
0.4992447
0.49924475
0.49924517
0.499245
0.49924493
0.4992451
0.49924475
0.49924397
0.4992451
0.499245
0.4992451
0.4992451
0.49924487
0.49924517
0.499245
0.49924523
0.49924523
0.49924523
0.49924523
0.49924546
0.49924517
0.49924487
0.49924535
0.49924487
0.49924505
0.49924535
0.4992447
0.49924523
0.4992451
0.49924523
0.49924523
0.4992451
0.49924558
0.49924487
0.49924517
0.49924487
0.49924546
0.4992451
0.49924523
0.499245
0.499245
0.4992451
0.4992448
0.49924523
0.4992451
0.49924523
0.49924517
0.49924463
0.49924487
0.49924433
0.49924475
0.499245
0.49924523
0.49924487
0.49924517
0.4992451
0.49924505
0.49924517
0.49924493
0.4992453
0.499245
0.49924523
0.49924487
0.4992451
0.499245
0.49924487
0.499245
0.49924523
0.4992448
0.49924523
0.49924493
0.49924523
0.49924463
0.49924517
0.49924487
0.49924517
0.49924523
0.499245
0.49924493
0.499245
0.49924463
0.49924523
0.49924457
0.4992453
0.4992444
0.49924535
0.49924523
0.49924535
0.49924493
0.49924558
0.4992451
0.49924475
0.49924517
0.49924546
0.4992453
0.499245
0.49924523
0.4992451
0.49924463
0.49924505
0.4992451
0.49924523
0.49924487
0.4992451
0.49924445
0.4992451
0.4992451
0.49924523
0.49924493
0.49924463
0.49924523
0.4992453
0.4992451
0.4992451
0.4992448
0.49924523
0.49924487
0.499245
0.4992453
0.4992453
0.49924558
0.4992451
0.499245
0.499245
0.49924505
0.49924523
0.49924523
0.49924523
0.49924523
0.49924523
0.49924475
0.49924505
0.499245
0.499245
0.4992451
0.49924487
0.49924523
0.4992451
0.49924535
0.49924475
0.49924535
0.4992472
0.4992457
0.499245
0.49924487
0.49924475
0.4992448
0.49924487
0.4992451
0.499245
0.49924505
0.49924535
0.49924517
0.49924517
0.49924487
0.49924517
0.49924523
0.49924326
0.49924535
0.49924523
0.49924493
0.4992451
0.4992451
0.49924487
0.4992448
0.49924523
0.49924487
0.49924558
0.49924517
0.49924487
0.4992447
0.49924546
0.4992451
0.49924433
0.499245
0.4992447
0.49924475
0.4992451
0.4992451
0.49924487
0.49924523
0.49924487
0.49924523
0.49924535
0.4992454
0.4992453
0.49924523
0.4992454
0.49924517
0.49924463
0.49924475
0.49924216
0.49924552
0.499245
0.49924606
0.49924523
0.49924558
0.49924493
0.49924344
0.49924523
0.49924523
0.4992451
0.49924505
0.499245
0.4992451
0.49924445
0.499245
0.4992448
0.49924493
0.499245
0.49924493
0.49924505
0.49924523
0.4992451
0.49924517
0.4992445
0.49924505
0.49924517
0.49924463
0.49924505
0.499245
0.49924493
0.4992451
0.49924517
0.49924487
0.49924523
0.499245
0.49924487
0.49924535
0.4992451
0.49924487
0.49924487
0.49924487
0.49924535
0.49924475
0.49924487
0.49924505
0.49924535
0.49924487
0.49924493
0.49924493
0.4992448
0.499245
0.49924487
0.49924558
0.49924517
0.4992447
0.499245
0.49924487
0.49924475
0.4992451
0.49924475
0.49924523
0.49924523
0.49924523
0.49924493
0.4992451
0.49924546
0.49924535
0.499245
0.49924475
0.49924523
0.49924487
0.49924493
0.49924463
0.49924535
0.4992451
0.49924517
0.49924487
0.4992451
0.49924487
0.4992451
0.49924463
0.4992453
0.49924487
0.49924463
0.49924535
0.49924517
0.49924493
0.49924475
0.49924523
0.49924523
0.4992451
0.49924523
0.4992451
0.499245
0.49924558
0.49924535
0.4992451
0.49924523
0.49924487
0.49924546
0.49924457
0.49924487
0.49924523
0.4992451
0.49924523
0.4992451
0.4992453
0.49924505
0.4992451
0.49924523
0.4992448
0.49924475
0.4992444
0.4992451
0.49924523
0.4992445
0.49924517
0.49924463
0.4992444
0.49924535
0.499245
0.4992451
0.49924558
0.4992448
0.49924523
0.49924517
0.4992457
0.49924523
0.4992451
0.4992451
0.49924523
0.49924546
0.49924523
0.49924493
0.49924523
0.49924487
0.49924487
0.499245
0.4992451
0.49924523
0.499245
0.49924487
0.499245
0.4992451
0.49924493
0.4992451
0.49924493
0.49924517
0.49924552
0.49924493
0.49924535
0.49924487
0.49924523
0.499245
0.4992448
0.49924594
0.49924505
0.49924487
0.4992451
0.49924457
0.49924445
0.49924445
0.499245
0.4992454
0.49924535
0.49924535
0.49924517
0.49924523
0.49924487
0.4992453
0.49924505
0.49924523
0.4992448
0.4992451
0.49924523
0.49924535
0.49924546
0.49924368
0.49924487
0.499245
0.4992451
0.4992454
0.49924523
0.499245
0.49924517
0.4992451
0.49924475
0.4992451
0.49924505
0.49924606
0.49924487
0.49924487
0.4992453
0.49924523
0.49924487
0.4992451
0.49924523
0.4992451
0.4992451
0.49924487
0.499245
0.49924546
0.499245
0.49924546
0.499245
0.49924475
0.49924535
0.49924487
0.49924487
0.4992451
0.49924487
0.49924487
0.49924487
0.49924523
0.49924475
0.49924487
0.49924487
0.49924517
0.49924505
0.49924505
0.49924487
0.499245
0.49924487
0.49924475
0.499245
0.49924517
0.49924546
0.49924475
0.49924523
0.4992451
0.499245
0.49924457
0.499245
0.4992448
0.49924487
0.499245
0.4992451
0.49924535
0.49924487
0.4992451
0.49924505
0.4992448
0.499245
0.49924523
0.49924427
0.49924523
0.49924546
0.4992451
0.499245
0.49924535
0.4992438
0.49924523
0.4992451
0.499245
0.49924517
0.4992453
0.49924523
0.4992445
0.499245
0.49924475
0.4992445
0.499245
0.49924487
0.49924487
0.49924493
0.499245
0.499245
0.499245
0.499245
0.49924505
0.4992451
0.49924493
0.49924505
0.49924096
0.49924475
0.49924517
0.49924523
0.499245
0.49924487
0.4992451
0.49924493
0.4992451
0.4992445
0.4992448
0.499245
0.49924487
0.499245
0.49924523
0.49924523
0.49924505
0.49924463
0.49924487
0.49924487
0.49924475
0.4992445
0.4992451
0.49924493
0.4992447
0.499245
0.49924487
0.49924475
0.499245
0.49924558
0.499245
0.4992451
0.499245
0.499245
0.49924517
0.49924457
0.499245
0.49924487
0.49924487
0.499245
0.499245
0.49924523
0.49924475
0.49924493
0.49924463
0.49924535
0.49924427
0.49924523
0.4992451
0.499245
0.49924475
0.49924523
0.499245
0.49924505
0.49924558
0.49924535
0.4992451
0.4992451
0.49924523
0.4992451
0.49924505
0.49924523
0.4992463
0.49924487
0.49924523
0.49924475
0.49924493
0.4992451
0.4992454
0.49924493
0.49924523
0.49924487
0.49924505
0.499245
0.49924457
0.49924517
0.4992451
0.49924535
0.49924427
0.49924523
0.49924523
0.49924445
0.49924535
0.4992451
0.49924487
0.4992451
0.4992448
0.49924523
0.49924487
0.4992448
0.49924475
0.4992445
0.49924523
0.49924523
0.49924517
0.4992451
0.49924487
0.49924535
0.4992451
0.49924475
0.49924487
0.49924493
0.49924546
0.49924523
0.49924505
0.499245
0.4992451
0.499245
0.49924487
0.49924535
0.49924517
0.4992451
0.49924487
0.4992451
0.49924505
0.4992451
0.49924523
0.499245
0.499245
0.499245
0.499245
0.4992445
0.4992451
0.49924487
0.49924523
0.49924487
0.499245
0.49924487
0.499245
0.4992451
0.49924517
0.49924493
0.49924535
0.49924535
0.49924517
0.49924535
0.499245
0.49924487
0.49924463
0.4992451
0.49924558
0.49924487
0.499245
0.4992451
0.4992451
0.49924475
0.49924523
0.49924535
0.499245
0.4992457
0.49924523
0.49924523
0.49924523
0.49924487
0.4992451
0.49924523
0.4992451
0.49924487
0.49924517
0.4992451
0.49924517
0.49924487
0.49924493
0.4992444
0.49924487
0.49924493
0.49924535
0.4992448
0.4992451
0.49924487
0.49924463
0.4992451
0.49924487
0.4992444
0.49924546
0.49924487
0.49924487
0.49924487
0.4992451
0.49924505
0.49924535
0.499245
0.4992454
0.4992451
0.49924487
0.49924475
0.49924523
0.499245
0.4992451
0.4992445
0.499245
0.4992451
0.4992447
0.49924487
0.4992448
0.4992451
0.4992448
0.49924535
0.49924517
0.4992448
0.49924487
0.49924487
0.49924523
0.49924523
0.4992451
0.49924493
0.499245
0.49924493
0.49924505
0.4992451
0.499245
0.49924457
0.4992451
0.4992451
0.49924517
0.49924517
0.4992451
0.4992451
0.49924523
0.499245
0.49924463
0.49924487
0.499245
0.49924523
0.49924487
0.49924505
0.49924487
0.49924523
0.4992451
0.49924463
0.499245
0.49924523
0.49924487
0.4992453
0.499245
0.49924463
0.4992448
0.4992451
0.49924517
0.49924505
0.499245
0.499245
0.499245
0.49924535
0.49924487
0.49924493
0.49924517
0.49924493
0.49924475
0.49924523
0.4992445
0.49924558
0.49924523
0.4992451
0.49924517
0.49924487
0.4992451
0.49924475
0.4992448
0.49924505
0.4992451
0.49924523
0.4992451
0.4992451
0.4992451
0.49924517
0.4992451
0.49924523
0.49924475
0.49924523
0.4992453
0.499245
0.4992451
0.49924487
0.49924517
0.49924487
0.49924368
0.49924558
0.4992453
0.4992451
0.4992451
0.49924523
0.49924523
0.49924523
0.49924523
0.49924523
0.49924487
0.4992448
0.499245
0.49924546
0.49924487
0.4992451
0.49924535
0.49924475
0.49924487
0.4992451
0.49924493
0.49924505
0.49924463
0.49924487
0.49924535
0.499245
0.499245
0.4992453
0.49924487
0.4992454
0.49924523
0.499245
0.4992451
0.4992451
0.4992457
0.49924505
0.49924493
0.4992448
0.4992448
0.49924475
0.4992453
0.4992448
0.4992453
0.49924475
0.4992447
0.49924475
0.4992457
0.49924517
0.49924487
0.499245
0.499245
0.499245
0.49924523
0.4992448
0.499245
0.49924517
0.49924493
0.4992454
0.49924475
0.49924487
0.49924523
0.49924523
0.4992448
0.49924535
0.4992451
0.49924523
0.499245
0.49924523
0.49924505
0.49924475
0.49924487
0.49924475
0.49924487
0.49924475
0.49924535
0.49924487
0.49924523
0.49924487
0.4992448
0.4992451
0.4992451
0.4992448
0.499245
0.49924535
0.49924487
0.4992451
0.49924463
0.49924487
0.4992451
0.499245
0.49924463
0.4992451
0.4992451
0.49924475
0.49924493
0.4992442
0.4992451
0.49924552
0.49924546
0.49924523
0.49924475
0.49924493
0.4992447
0.4992451
0.49924517
0.4992451
0.499245
0.499245
0.49924517
0.49924487
0.49924535
0.49924463
0.499245
0.4992457
0.4992451
0.49924654
0.4992451
0.4992451
0.49924487
0.4992451
0.49924523
0.4992451
0.499245
0.49924493
0.4992463
0.49924523
0.49924505
0.4992451
0.499245
0.49924487
0.49924487
0.49924517
0.4992451
0.4992447
0.499245
0.4992453
0.49924523
0.49924517
0.49924523
0.4992451
0.49924523
0.4992451
0.49924535
0.49924523
0.49924463
0.49924523
0.49924493
0.49924535
0.49924487
0.49924487
0.49924523
0.49924535
0.499245
0.49924523
0.49924463
0.4992451
0.4992454
0.4992451
0.499245
0.49924546
0.49924505
0.499245
0.49924475
0.49924487
0.49924535
0.49924475
0.49924487
0.4992451
0.4992451
0.49924517
0.4992451
0.499245
0.499245
0.499245
0.49924475
0.49924463
0.49924546
0.4992451
0.499245
0.49924475
0.49924535
0.49924487
0.49924517
0.499245
0.49924523
0.4992451
0.49924523
0.49924523
0.49924535
0.499245
0.499245
0.4992451
0.49924475
0.49924487
0.49924523
0.49924523
0.49924487
0.499245
0.49924487
0.49924475
0.4992451
0.499245
0.4992451
0.4992451
0.49924487
0.4992451
0.49924487
0.49924487
0.49924517
0.4992448
0.4992448
0.49924487
0.4992447
0.49924517
0.499245
0.49924457
0.49924463
0.49924487
0.49924493
0.4992451
0.49924475
0.49924475
0.49924487
0.49924535
0.49924487
0.49924487
0.49924505
0.499245
0.49924463
0.4992448
0.4992457
0.49924475
0.49924487
0.49924475
0.499245
0.499245
0.499245
0.49924535
0.49924517
0.4992451
0.499245
0.49924475
0.49924487
0.49924487
0.4992444
0.49924535
0.49924487
0.49924463
0.4992451
0.4992451
0.49924517
0.49924463
0.4992451
0.49924535
0.4992453
0.49924493
0.49924475
0.49924493
0.4992445
0.49924487
0.49924523
0.49924463
0.49924487
0.4992451
0.4992451
0.49924546
0.49924427
0.49924403
0.499245
0.4992451
0.499245
0.49924505
0.49924463
0.4992445
0.4992453
0.49924457
0.49924493
0.4992451
0.49924523
0.4992451
0.499245
0.49924493
0.49924475
0.499245
0.4992447
0.4992463
0.49924523
0.49924487
0.49924517
0.499245
0.49924517
0.4992451
0.499245
0.499245
0.49924487
0.49924505
0.49924505
0.4992448
0.4992447
0.49924493
0.49924487
0.49924445
0.49924487
0.4992451
0.49924523
0.49924523
0.4992451
0.4992448
0.49924535
0.49924517
0.49924487
0.49924523
0.49924487
0.49924517
0.49924487
0.49924487
0.49924535
0.499245
0.4992451
0.49924493
0.49924475
0.4992453
0.4992451
0.49924487
0.49924523
0.499245
0.49924505
0.4992453
0.4992451
0.49924487
0.4992451
0.49924535
0.49924535
0.49924552
0.49924463
0.49924463
0.49924523
0.4992447
0.49924493
0.49924505
0.49924523
0.49924493
0.49924523
0.499245
0.49924523
0.4992451
0.49924505
0.49924535
0.49924487
0.4992448
0.499245
0.499245
0.49924523
0.49924463
0.4992451
0.49924475
0.499245
0.49924523
0.4992451
0.4992451
0.49924487
0.49924523
0.499245
0.49924523
0.499245
0.4992451
0.499245
0.49924523
0.49924415
0.49924463
0.499245
0.4992448
0.49924487
0.49924487
0.499245
0.49924487
0.49924505
0.49924487
0.49924463
0.49924487
0.49924517
0.49924523
0.4992451
0.4992451
0.49924475
0.49924517
0.49924487
0.49924487
0.49924475
0.49924505
0.4992451
0.4992451
0.49924397
0.49924487
0.49924475
0.49924517
0.49924445
0.4992451
0.499245
0.49924487
0.49924487
0.49924493
0.49924523
0.49924505
0.49924475
0.49924487
0.49924487
0.4992451
0.4992454
0.4992451
0.4992448
0.49924523
0.49924487
0.4992451
0.4992451
0.49924493
0.499245
0.49924523
0.4992451
0.49924487
0.4992453
0.49924487
0.49924523
0.499245
0.49924493
0.499245
0.49924475
0.49924517
0.49924517
0.4992444
0.4992451
0.4992451
0.49924463
0.49924505
0.4992451
0.499245
0.49924463
0.499245
0.49924463
0.4992451
0.49924558
0.499245
0.49924523
0.4992447
0.49924505
0.499245
0.49924493
0.49924505
0.49924487
0.49924517
0.49924475
0.49924493
0.4992448
0.499245
0.49924773
0.49924523
0.49924487
0.4992453
0.499245
0.49924535
0.4992448
0.49924475
0.49924475
0.49924475
0.4992453
0.4992451
0.49924535
0.49924523
0.4992451
0.49924523
0.49924546
0.49924475
0.49924523
0.4992451
0.49924505
0.4992451
0.49924558
0.49924535
0.4992451
0.499245
0.49924487
0.49924487
0.4992451
0.4992451
0.49924523
0.4992451
0.49924487
0.49924493
0.499245
0.4992451
0.49924523
0.499245
0.4992448
0.4992453
0.4992444
0.4992451
0.49924546
0.4992448
0.49924517
0.4992444
0.4992451
0.49924487
0.49924523
0.49924505
0.49924493
0.49924475
0.49924475
0.4992444
0.49924392
0.49924493
0.49924505
0.49924487
0.49924523
0.4992451
0.49924505
0.4992451
0.49924493
0.49924374
0.49924523
0.499245
0.49924517
0.4992451
0.49924487
0.4992448
0.4992451
0.4992445
0.49924523
0.49924523
0.49924487
0.49924517
0.49924523
0.49924523
0.49924505
0.499245
0.49924475
0.49924558
0.4992453
0.4992448
0.49924523
0.499245
0.4992451
0.499245
0.4992444
0.49924517
0.49924487
0.49924475
0.49924505
0.49924523
0.49924475
0.49924505
0.49924487
0.4992454
0.499245
0.49924535
0.49924487
0.4992451
0.49924523
0.49924487
0.49924523
0.49924475
0.49924523
0.4992451
0.49924487
0.49924475
0.4992451
0.49924487
0.49924463
0.49924487
0.499245
0.49924493
0.4992451
0.4992453
0.49924505
0.49924523
0.49924523
0.4992451
0.49924523
0.49924523
0.499245
0.4992451
0.49924493
0.49924487
0.49924487
0.49924523
0.49924517
0.4992448
0.49924475
0.4992448
0.49924517
0.4992451
0.49924523
0.49924487
0.4992451
0.49924463
0.49924523
0.4992451
0.4992451
0.499245
0.4992448
0.4992451
0.499245
0.49924523
0.49924487
0.49924487
0.49924505
0.49924445
0.49924463
0.49924523
0.49924475
0.49924487
0.499245
0.499245
0.49924487
0.499245
0.499245
0.499245
0.4992451
0.49924487
0.4992451
0.499245
0.49924505
0.49924535
0.4992451
0.49924475
0.49924535
0.4992451
0.49924523
0.4992448
0.4992447
0.49924487
0.4992451
0.49924463
0.49924475
0.499245
0.499245
0.499245
0.49924505
0.49924403
0.49924517
0.4992453
0.49924487
0.499245
0.49924475
0.4992448
0.4992444
0.49924487
0.49924523
0.49924523
0.4992451
0.4992451
0.4992451
0.49924517
0.49924427
0.49924475
0.499245
0.49924523
0.4992451
0.499245
0.4992445
0.49924487
0.499245
0.49924558
0.49924487
0.4992444
0.49924463
0.49924487
0.499245
0.49924403
0.49924546
0.499245
0.4992447
0.49924505
0.499245
0.49924487
0.4992451
0.499245
0.49924463
0.499245
0.49924546
0.49924475
0.4992451
0.49924546
0.49924523
0.4992447
0.49924487
0.4992442
0.4992451
0.49924493
0.4992445
0.49924493
0.49924523
0.49924546
0.49924523
0.4992447
0.4992448
0.49924493
0.49924505
0.49924487
0.499245
0.49924475
0.49924493
0.49924523
0.4992451
0.49924523
0.4992451
0.499245
0.4992451
0.499245
0.49924487
0.49924463
0.49924523
0.4992454
0.49924523
0.49924523
0.49924505
0.49924523
0.49924493
0.499245
0.49924523
0.49924517
0.49924546
0.49924493
0.49924475
0.49924487
0.49924535
0.49924523
0.499245
0.499245
0.49924523
0.49924523
0.49924487
0.49924487
0.49924463
0.49924505
0.4992457
0.4992441
0.49924505
0.49924523
0.4992453
0.49924475
0.499245
0.49924487
0.49924487
0.49924487
0.4992451
0.4992451
0.49924505
0.49924487
0.49924475
0.49924523
0.49924487
0.499245
0.4992453
0.49924475
0.4992448
0.49924487
0.4992451
0.4992451
0.499245
0.49924493
0.49924523
0.49924517
0.49924505
0.4992451
0.49924523
0.49924475
0.49924475
0.4992451
0.49924415
0.49924487
0.49924546
0.49924487
0.49924487
0.49924517
0.49924487
0.4992451
0.4992444
0.49924523
0.499245
0.49924523
0.49924487
0.49924517
0.49924415
0.49924517
0.499245
0.49924523
0.49924523
0.49924487
0.4992451
0.49924582
0.4992451
0.4992451
0.4992451
0.4992451
0.4992451
0.499245
0.4992447
0.49924535
0.49924463
0.49924475
0.49924475
0.499245
0.49924523
0.49924487
0.4992451
0.49924475
0.49924523
0.4992445
0.49924523
0.49924523
0.49924517
0.49924493
0.4992451
0.4992451
0.4992453
0.49924475
0.49924523
0.49924523
0.49924523
0.49924523
0.4992457
0.49924487
0.49924493
0.49924463
0.49924523
0.49924535
0.4992451
0.49924523
0.499245
0.49924523
0.49924523
0.4992451
0.4992451
0.49924475
0.499245
0.49924523
0.4992451
0.49924552
0.49924487
0.499245
0.49924445
0.49924463
0.49924505
0.49924475
0.4992451
0.4992454
0.4992451
0.49924517
0.499245
0.4992451
0.4992451
0.49924505
0.4992451
0.4992451
0.499245
0.49924487
0.49924487
0.499245
0.49924475
0.49924487
0.49924523
0.49924475
0.499245
0.4992448
0.49924517
0.49924517
0.49924475
0.49924505
0.4992448
0.4992445
0.49924523
0.49924535
0.499245
0.499245
0.49924487
0.4992453
0.49924523
0.49924487
0.49924457
0.499245
0.49924493
0.499245
0.499245
0.499245
0.49924505
0.49924487
0.499245
0.49924523
0.4992454
0.49924463
0.49924517
0.49924487
0.49924362
0.499245
0.4992451
0.49924487
0.49924475
0.49924493
0.499245
0.499245
0.499245
0.49924505
0.49924487
0.49924368
0.49924475
0.49924546
0.4992453
0.49924487
0.49924493
0.49924535
0.49924487
0.4992447
0.49924475
0.49924546
0.4992451
0.49924505
0.4992451
0.49924523
0.49924535
0.49924535
0.49924546
0.49924517
0.49924487
0.49924427
0.49924558
0.49924475
0.49924505
0.499245
0.49924463
0.499245
0.49924535
0.49924535
0.49924493
0.49924523
0.49924535
0.49924487
0.499245
0.499245
0.49924535
0.49924535
0.4992451
0.499245
0.49924517
0.4992453
0.49924487
0.499245
0.49924523
0.49924463
0.49924493
0.49924475
0.499245
0.49924475
0.4992447
0.499245
0.499245
0.49924535
0.499245
0.49924523
0.49924487
0.4992451
0.49924523
0.4992451
0.49924487
0.49924487
0.499245
0.49924493
0.49924463
0.49924475
0.499245
0.49924505
0.49924487
0.4992451
0.49924523
0.49924523
0.49924475
0.49924505
0.49924684
0.4992448
0.49924505
0.49924505
0.49924487
0.49924475
0.49924523
0.49924475
0.49924463
0.4992447
0.49924475
0.4992454
0.49924487
0.49924493
0.49924523
0.49924487
0.49924475
0.49924523
0.49924415
0.49924475
0.49924517
0.4992451
0.4992447
0.4992445
0.49924487
0.49924487
0.499245
0.4992448
0.4992451
0.4992451
0.49924487
0.49924523
0.49924517
0.499245
0.49924535
0.49924505
0.49924475
0.499245
0.49924475
0.49924523
0.49924463
0.49924505
0.4992448
0.499245
0.499245
0.4992453
0.49924517
0.49924475
0.49924517
0.4992451
0.49924523
0.49924487
0.4992448
0.49924523
0.499245
0.49924487
0.49924463
0.49924487
0.49924523
0.49924487
0.49924463
0.499245
0.49924487
0.49924493
0.499245
0.499245
0.4992448
0.4992451
0.49924517
0.49924505
0.499245
0.49924505
0.49924487
0.49924493
0.49924487
0.499245
0.49924523
0.49924475
0.499245
0.49924415
0.499245
0.4992451
0.49924487
0.49924523
0.49924505
0.4992447
0.49924505
0.49924505
0.49924493
0.49924487
0.49924505
0.49924487
0.49924487
0.4992451
0.49924523
0.49924475
0.4992451
0.49924463
0.49924535
0.499245
0.4992453
0.49924588
0.49924487
0.499245
0.49924487
0.49924463
0.4992451
0.4992453
0.49924505
0.49924535
0.49924487
0.49924493
0.4992451
0.49924517
0.4992451
0.4992448
0.49924523
0.49924463
0.49924463
0.49924505
0.4992448
0.499245
0.49924475
0.49924517
0.49924493
0.49924493
0.4992453
0.4992453
0.499245
0.49924463
0.49924546
0.4992453
0.49924546
0.49924475
0.49924517
0.49924523
0.49924493
0.49924493
0.49924463
0.499245
0.49924517
0.49924487
0.49924523
0.4992451
0.49924517
0.499245
0.49924517
0.4992451
0.4992451
0.4992451
0.49924493
0.49924624
0.49924517
0.4992451
0.4992451
0.4992445
0.4992451
0.49924535
0.49924535
0.499245
0.49924475
0.49924523
0.4992444
0.49924487
0.49924517
0.499245
0.4992451
0.4992451
0.4992451
0.499245
0.4992448
0.4992451
0.49924582
0.49924523
0.49924493
0.4992445
0.4992453
0.4992451
0.499245
0.49924517
0.49924475
0.49924517
0.49924523
0.4992451
0.4992451
0.4992454
0.499245
0.49924523
0.49924487
0.49924475
0.49924487
0.49924427
0.49924493
0.4992442
0.4992451
0.499245
0.49924523
0.49924505
0.4992445
0.4992451
0.49924487
0.49924505
0.49924368
0.49924517
0.4992451
0.49924517
0.499245
0.49924356
0.49924487
0.4992453
0.49924463
0.4992451
0.49924546
0.49924493
0.49924487
0.4992448
0.4992451
0.4992451
0.49924505
0.499245
0.49924475
0.49924517
0.499245
0.4992451
0.49924475
0.49924487
0.49924475
0.4992453
0.4992453
0.499245
0.49924505
0.49924487
0.49924546
0.49924517
0.49924535
0.4992451
0.49924523
0.49924487
0.49924457
0.49924487
0.4992453
0.499245
0.4992448
0.4992451
0.49924505
0.49924487
0.49924535
0.49924487
0.499245
0.49924487
0.49924523
0.49924505
0.4992444
0.49924535
0.4992451
0.49924487
0.499245
0.49924463
0.49924487
0.4992444
0.49924487
0.49924487
0.49924487
0.49924487
0.4992445
0.4992454
0.49924475
0.49924517
0.49924487
0.49924445
0.49924487
0.49924463
0.4992451
0.49924523
0.49924523
0.49924356
0.49924475
0.49924487
0.49924487
0.49924517
0.49924475
0.499245
0.49924487
0.4992448
0.49924552
0.499245
0.49924523
0.49924457
0.49924558
0.49924654
0.49924535
0.49924517
0.49924523
0.4992442
0.4992451
0.49924523
0.499245
0.49924487
0.4992451
0.49924487
0.49924523
0.49924523
0.499245
0.4992451
0.49924487
0.4992454
0.4992453
0.49924487
0.49924487
0.499245
0.49924487
0.49924475
0.49924475
0.49924552
0.499245
0.499245
0.49924505
0.49924487
0.49924493
0.49924505
0.49924487
0.49924493
0.4992451
0.49924487
0.49924487
0.4992451
0.499245
0.49924487
0.4992451
0.49924517
0.49924523
0.49924487
0.499245
0.49924517
0.4992448
0.49924415
0.49924523
0.49924487
0.499245
0.4992447
0.499245
0.49924535
0.49924487
0.49924517
0.49924523
0.49924517
0.49924523
0.49924487
0.4992444
0.499245
0.49924487
0.49924475
0.49924493
0.49924493
0.4992447
0.499245
0.49924493
0.49924487
0.49924517
0.499245
0.49924487
0.4992451
0.4992448
0.49924523
0.49924487
0.499245
0.4992448
0.49924427
0.49924517
0.4992448
0.4992451
0.4992451
0.499245
0.49924523
0.49924535
0.4992451
0.4992444
0.4992444
0.4992451
0.4992451
0.4992451
0.49924392
0.4992451
0.49924523
0.49924475
0.49924475
0.49924505
0.49924493
0.499246
0.49924523
0.49924475
0.49924475
0.499245
0.49924475
0.49924487
0.49924493
0.49924487
0.49924475
0.499245
0.499245
0.4992451
0.4992451
0.499245
0.49924487
0.4992451
0.49924487
0.499245
0.49924517
0.499245
0.49924523
0.49924475
0.4992447
0.49924487
0.49924546
0.4992451
0.49924523
0.49924523
0.49924493
0.49924487
0.4992451
0.499245
0.4992451
0.499245
0.49924535
0.49924457
0.499245
0.4992451
0.49924523
0.499245
0.4992453
0.49924523
0.4992453
0.4992451
0.49924487
0.49924487
0.49924493
0.49924564
0.4992451
0.4992453
0.499245
0.49924618
0.49924523
0.49924523
0.49924523
0.49924505
0.49924487
0.49924517
0.4992451
0.49924475
0.49924475
0.49924493
0.49924487
0.49924487
0.499245
0.49924523
0.49924523
0.49924487
0.49924487
0.499245
0.49924523
0.49924517
0.4992453
0.4992448
0.4992451
0.49924517
0.499245
0.499245
0.49924415
0.49924517
0.4992451
0.49924523
0.4992451
0.49924523
0.49924546
0.4992451
0.49924445
0.4992451
0.499245
0.49924457
0.49924523
0.49924523
0.499245
0.49924475
0.49924505
0.49924535
0.49924487
0.4992453
0.49924517
0.49924523
0.499245
0.49924487
0.4992448
0.49924487
0.499245
0.4992451
0.49924517
0.4992451
0.49924487
0.49924475
0.49924523
0.49924582
0.49924523
0.49924678
0.49924523
0.499245
0.49924523
0.49924535
0.4992451
0.49924517
0.49924493
0.49924523
0.49924535
0.49924463
0.4992451
0.49924463
0.4992451
0.49924487
0.499245
0.4992451
0.49924445
0.49924523
0.4992451
0.49924505
0.4992444
0.49924517
0.49924517
0.4992451
0.49924487
0.499245
0.49924523
0.49924487
0.499245
0.49924487
0.49924487
0.49924523
0.4992447
0.49924523
0.49924546
0.499245
0.4992453
0.4992451
0.49924475
0.499245
0.49924517
0.49924487
0.49924552
0.4992445
0.49924505
0.49924523
0.49924344
0.49924517
0.499245
0.4992451
0.4992451
0.49924517
0.49924517
0.49924505
0.4992447
0.4992451
0.4992447
0.49924535
0.49924487
0.499245
0.4992451
0.49924523
0.499245
0.4992454
0.499245
0.4992453
0.4992451
0.49924493
0.49924475
0.499245
0.49924505
0.49924523
0.49924362
0.4992451
0.49924505
0.4992451
0.49924523
0.49924523
0.49924535
0.4992453
0.49924493
0.49924535
0.49924487
0.4992451
0.49924487
0.4992451
0.4992451
0.49924523
0.4992451
0.49924493
0.49924505
0.49924487
0.49924463
0.49924487
0.49924493
0.49924475
0.4992451
0.499245
0.4992451
0.49924475
0.49924463
0.49924546
0.4992451
0.4992451
0.49924427
0.49924535
0.499245
0.4992454
0.49924523
0.49924487
0.4992444
0.49924523
0.49924523
0.49924493
0.49924505
0.4992451
0.499245
0.49924475
0.49924523
0.49924463
0.49924535
0.49924475
0.49924523
0.49924445
0.49924523
0.49924517
0.4992448
0.499245
0.4992451
0.4992447
0.4992445
0.49924535
0.49924505
0.49924475
0.499245
0.49924523
0.49924523
0.49924517
0.49924523
0.499245
0.49924505
0.49924558
0.49924487
0.499245
0.4992451
0.4992444
0.49924546
0.4992445
0.499245
0.49924487
0.49924463
0.49924493
0.49924475
0.499245
0.49924523
0.4992451
0.49924475
0.49924517
0.49924487
0.49924493
0.49924523
0.49924523
0.49924546
0.49924487
0.49924475
0.4992453
0.499245
0.4992453
0.49924523
0.499245
0.49924523
0.4992453
0.499245
0.4992412
0.4992448
0.4992448
0.4992453
0.49924445
0.49924535
0.49924403
0.49924535
0.49924523
0.49924546
0.49924558
0.49924475
0.49924505
0.499245
0.4992453
0.49924517
0.4992451
0.49924463
0.49924523
0.499245
0.49924505
0.49924505
0.4992451
0.499245
0.4992451
0.49924487
0.49924475
0.499245
0.4992451
0.49924487
0.4992453
0.49924493
0.4992451
0.499245
0.49924523
0.4992445
0.49924535
0.49924475
0.49924445
0.49924517
0.4992453
0.49924535
0.49924523
0.49924487
0.49924487
0.49924475
0.4992447
0.4992451
0.49924487
0.499245
0.49924427
0.4992447
0.49924523
0.49924463
0.49924493
0.4992451
0.49924505
0.49924517
0.4992451
0.49924558
0.49924546
0.4992451
0.499245
0.49924523
0.49924523
0.4992453
0.49924535
0.49924523
0.49924475
0.49924475
0.49924493
0.49924523
0.49924463
0.49924606
0.49924523
0.4992451
0.49924463
0.49924523
0.49924487
0.49924517
0.49924517
0.49924487
0.49924535
0.49924493
0.49924487
0.4992445
0.49924523
0.49924523
0.4992451
0.49924392
0.499245
0.49924487
0.4992448
0.4992453
0.4992453
0.499245
0.49924475
0.4992451
0.499245
0.49924505
0.4992451
0.49924505
0.49924576
0.4992444
0.49924505
0.499245
0.499245
0.49924487
0.499245
0.49924517
0.49924475
0.4992451
0.499245
0.49924487
0.49924475
0.499245
0.4992451
0.49924475
0.499245
0.499245
0.4992451
0.499245
0.499245
0.4992448
0.49924535
0.499245
0.4992451
0.4992451
0.49924493
0.49924523
0.49924463
0.4992448
0.4992451
0.499245
0.4992451
0.49924475
0.49924505
0.4992451
0.499245
0.49924523
0.4992451
0.49924523
0.49924493
0.4992451
0.49924535
0.4992451
0.49924594
0.499245
0.49924505
0.49924475
0.499245
0.49924475
0.49924475
0.499245
0.49924493
0.49924493
0.49924475
0.49924517
0.49924558
0.49924517
0.49924517
0.49924523
0.49924493
0.49924535
0.4992451
0.4992447
0.49924523
0.499245
0.49924582
0.4992453
0.4992451
0.4992451
0.49924523
0.49924493
0.49924463
0.499245
0.4992451
0.49924523
0.49924523
0.49924487
0.49924487
0.49924535
0.4992442
0.4992451
0.499245
0.4992444
0.49924523
0.49924487
0.499245
0.4992454
0.49924487
0.49924475
0.49924523
0.499245
0.49924475
0.4992451
0.4992451
0.49924487
0.4992448
0.49924493
0.49924475
0.49924487
0.4992451
0.499245
0.4992453
0.499245
0.49924475
0.4992451
0.49924517
0.49924523
0.499245
0.49924523
0.4992451
0.499245
0.49924487
0.499245
0.49924523
0.49924517
0.49924535
0.499245
0.499245
0.49924523
0.49924487
0.49924487
0.49924523
0.499245
0.49924457
0.49924535
0.49924517
0.49924493
0.49924517
0.49924523
0.49924546
0.4992472
0.49924487
0.49924535
0.4992451
0.499245
0.4992451
0.49924523
0.4992451
0.499245
0.4992447
0.49924517
0.4992453
0.499245
0.49924463
0.4992451
0.4992453
0.49924523
0.4992451
0.4992451
0.49924487
0.4992451
0.49924493
0.49924505
0.4992453
0.4992447
0.49924535
0.49924457
0.49924433
0.49924487
0.499245
0.49924487
0.4992451
0.49924487
0.4992451
0.49924517
0.49924546
0.49924564
0.499245
0.499245
0.4992448
0.49924517
0.4992451
0.49924487
0.49924505
0.4992451
0.49924475
0.499245
0.4992451
0.4992451
0.49924535
0.49924517
0.4992451
0.49924517
0.49924624
0.4992453
0.4992447
0.49924487
0.4992453
0.499245
0.4992451
0.4992454
0.49924517
0.49924487
0.49924558
0.4992447
0.49924523
0.49924463
0.4992451
0.49924475
0.49924475
0.49924535
0.49924523
0.49924523
0.49924463
0.49924523
0.4992447
0.4992451
0.49924487
0.499245
0.49924198
0.49924487
0.499245
0.49924535
0.4992451
0.49924523
0.49924487
0.49924535
0.49924505
0.49924487
0.49924493
0.499245
0.499245
0.49924535
0.49924475
0.49924546
0.49924546
0.49924505
0.49924505
0.4992448
0.49924487
0.4992451
0.49924487
0.4992431
0.49924546
0.4992445
0.49924523
0.49924523
0.49924535
0.49924487
0.4992453
0.49924517
0.49924487
0.49924523
0.4992451
0.49924523
0.49924493
0.49924523
0.49924523
0.49924487
0.49924493
0.4992451
0.4992448
0.49924535
0.49924523
0.49924535
0.49924505
0.49924487
0.49924493
0.49924487
0.49924493
0.49924558
0.4992451
0.4992445
0.49924493
0.49924487
0.49924523
0.49924523
0.4992454
0.49924487
0.4992451
0.49924487
0.49924535
0.49924505
0.499245
0.49924523
0.499245
0.4992451
0.49924463
0.49924523
0.49924487
0.4992451
0.49924487
0.49924463
0.49924558
0.4992451
0.499245
0.4992451
0.49924523
0.4992451
0.4992451
0.4992448
0.49924523
0.49924523
0.4992451
0.49924475
0.49924487
0.49924463
0.49924493
0.499245
0.4992451
0.4992451
0.49924523
0.49924523
0.49924523
0.4992448
0.49924523
0.49924505
0.49924475
0.49924523
0.49924475
0.49924487
0.4992451
0.49924475
0.49924546
0.49924493
0.49924475
0.49924493
0.49924493
0.49924457
0.4992453
0.4992448
0.4992448
0.49924475
0.49924552
0.499245
0.499245
0.49924523
0.49924475
0.4992451
0.49924523
0.499245
0.4992451
0.49924523
0.4992451
0.4992451
0.4992451
0.49924487
0.49924523
0.499245
0.49924523
0.49924314
0.4992453
0.49924487
0.499245
0.499245
0.499245
0.49924535
0.499245
0.49924487
0.49924505
0.49924487
0.49924487
0.499245
0.49924558
0.4992451
0.49924505
0.4992451
0.49924493
0.49924475
0.49924475
0.4992451
0.49924523
0.49924523
0.49924523
0.49924475
0.4992451
0.49924546
0.49924475
0.49924546
0.49924475
0.49924475
0.49924493
0.49924487
0.4992451
0.499245
0.4992451
0.4992451
0.49924517
0.49924523
0.49924463
0.49924523
0.4992448
0.4992451
0.499245
0.4992454
0.49924487
0.499245
0.499245
0.49924487
0.499245
0.49924487
0.49924487
0.49924505
0.4992451
0.49924487
0.4992451
0.4992451
0.49924558
0.49924457
0.49924546
0.49924523
0.49924505
0.499245
0.4992447
0.49924475
0.49924487
0.4992448
0.4992448
0.49924487
0.49924523
0.4992451
0.499245
0.49924535
0.499245
0.49924487
0.4992454
0.499245
0.499245
0.49924517
0.49924487
0.49924505
0.49924487
0.49924493
0.499245
0.499245
0.49924535
0.49924457
0.49924493
0.49924523
0.4992448
0.499245
0.49924523
0.49924523
0.499245
0.49924517
0.49924523
0.49924523
0.4992445
0.4992451
0.49924535
0.4992451
0.49924475
0.49924463
0.49924487
0.49924493
0.49924427
0.49924517
0.4992451
0.49924535
0.49924523
0.4992448
0.49924546
0.499245
0.4992454
0.4992453
0.49924487
0.499245
0.49924523
0.4992451
0.49924463
0.49924517
0.49924487
0.49924487
0.4992451
0.49924523
0.49924487
0.4992448
0.49924523
0.49924517
0.49924546
0.4992448
0.4992451
0.49924475
0.49924505
0.49924517
0.49924487
0.4992451
0.49924517
0.499245
0.49924487
0.4992451
0.4992448
0.4992451
0.499245
0.49924487
0.49924463
0.4992451
0.4992451
0.49924475
0.49924535
0.499245
0.4992451
0.4992451
0.49924505
0.499245
0.49924433
0.49924558
0.49924487
0.49924517
0.499245
0.4992457
0.4992451
0.49924523
0.49924487
0.49924487
0.49924475
0.49924487
0.49924535
0.49924523
0.4992451
0.49924517
0.49924523
0.4992451
0.49924517
0.49924433
0.49924523
0.49924505
0.49924487
0.49924392
0.4992447
0.499245
0.49924487
0.49924523
0.49924517
0.4992451
0.499245
0.4992451
0.49924523
0.49924505
0.49924493
0.49924493
0.49924517
0.49924535
0.499245
0.4992451
0.49924523
0.49924535
0.4992445
0.499245
0.49924505
0.49924523
0.49924535
0.49924523
0.49924487
0.49924487
0.4992451
0.49924546
0.49924535
0.4992451
0.49924475
0.49924487
0.49924523
0.499245
0.4992448
0.4992445
0.49924457
0.49924523
0.49924517
0.4992453
0.49924535
0.49924487
0.49924475
0.4992451
0.49924523
0.49924445
0.4992451
0.49924517
0.49924535
0.4992451
0.49924517
0.4992451
0.49924505
0.4992451
0.49924487
0.49924487
0.49924475
0.4992451
0.49924487
0.49924523
0.4992445
0.4992445
0.4992451
0.49924505
0.499245
0.49924517
0.499245
0.49924493
0.49924487
0.49924505
0.49924493
0.49924546
0.4992451
0.49924517
0.4992424
0.4992451
0.49924487
0.49924475
0.49924558
0.49924523
0.49924517
0.49924487
0.49924523
0.49924523
0.49924517
0.49924523
0.49924523
0.49924523
0.49924487
0.49924463
0.499245
0.49924523
0.49924505
0.49924487
0.49924487
0.49924463
0.4992448
0.499245
0.49924523
0.49924493
0.4992451
0.4992451
0.499245
0.499245
0.49924487
0.4992451
0.49924475
0.4992445
0.4992447
0.49924475
0.4992451
0.49924493
0.49924487
0.49924523
0.499245
0.49924487
0.49924523
0.4992451
0.4992448
0.49924523
0.4992451
0.49924517
0.499245
0.49924493
0.499245
0.49924475
0.4992445
0.49924487
0.499245
0.49924505
0.499245
0.49924433
0.49924564
0.49924487
0.499245
0.49924487
0.49924487
0.4992448
0.49924463
0.49924475
0.4992442
0.49924523
0.49924475
0.49924523
0.49924463
0.49924535
0.49924493
0.49924546
0.49924505
0.499245
0.49924523
0.499245
0.499245
0.49924457
0.49924487
0.4992451
0.499245
0.49924523
0.49924535
0.49924523
0.4992453
0.49924535
0.4992444
0.49924493
0.4992451
0.4992448
0.49924475
0.49924445
0.49924505
0.49924475
0.4992451
0.4992445
0.49924463
0.49924475
0.49924517
0.49924475
0.49924487
0.49924487
0.4992451
0.49924523
0.4992451
0.49924523
0.49924523
0.4992451
0.49924487
0.49924487
0.49924403
0.49924487
0.4992448
0.49924523
0.499245
0.4992447
0.49924493
0.49924487
0.49924505
0.49924505
0.49924505
0.4992448
0.4992445
0.49924475
0.49924535
0.49924523
0.4992451
0.49924558
0.4992451
0.49924475
0.4992451
0.49924475
0.4992454
0.49924535
0.49924493
0.499245
0.499245
0.49924517
0.4992451
0.4992451
0.49924463
0.499245
0.49924558
0.499245
0.49924475
0.49924517
0.4992451
0.4992447
0.49924487
0.49924546
0.4992454
0.49924523
0.499245
0.49924517
0.49924523
0.49924463
0.4992445
0.49924487
0.4992451
0.49924493
0.4992451
0.4992445
0.4992451
0.4992451
0.4992451
0.49924505
0.499245
0.49924487
0.49924523
0.4992451
0.49924505
0.49924523
0.49924487
0.49924368
0.49924475
0.49924487
0.49924487
0.49924535
0.4992453
0.49924487
0.499245
0.49924487
0.49924487
0.49924487
0.4992451
0.499245
0.499245
0.49924487
0.49924463
0.4992451
0.49924546
0.49924517
0.49924517
0.4992451
0.49924505
0.49924523
0.49924487
0.4992453
0.499245
0.49924523
0.499245
0.49924535
0.4992451
0.49924523
0.49924505
0.49924487
0.4992451
0.4992444
0.49924463
0.49924517
0.49924535
0.49924487
0.49924487
0.499245
0.49924523
0.4992451
0.4992451
0.49924475
0.49924523
0.49924505
0.49924523
0.4992447
0.4992445
0.4992466
0.499245
0.499245
0.49924505
0.4992451
0.49924505
0.4992448
0.49924576
0.49924487
0.49924487
0.499245
0.49924475
0.49924523
0.4992451
0.49924523
0.4992451
0.49924505
0.4992448
0.49924463
0.49924493
0.49924487
0.49924523
0.49924523
0.49924487
0.4992451
0.49924475
0.49924475
0.49924427
0.49924457
0.499245
0.49924517
0.49924523
0.49924523
0.49924487
0.4992451
0.4992454
0.49924523
0.499245
0.499245
0.49924523
0.49924523
0.49924487
0.49924523
0.49924415
0.49924392
0.49924523
0.4992445
0.49924493
0.499245
0.4992453
0.499245
0.4992448
0.49924505
0.49924487
0.499245
0.49924487
0.49924463
0.49924535
0.49924487
0.4992451
0.4992448
0.49924487
0.4992451
0.49924535
0.4992451
0.49924546
0.49924487
0.49924475
0.499245
0.49924487
0.499245
0.49924475
0.49924558
0.49924493
0.499245
0.4992451
0.49924546
0.49924552
0.4992451
0.49924505
0.499245
0.49924344
0.4992451
0.4992451
0.499245
0.49924523
0.499245
0.49924523
0.49924457
0.49924487
0.4992453
0.49924523
0.49924487
0.49924475
0.4992448
0.49924535
0.49924535
0.49924523
0.49924535
0.4992451
0.4992444
0.49924475
0.49924523
0.4992453
0.49924523
0.49924487
0.49924546
0.49924523
0.4992451
0.49924582
0.49924505
0.49924505
0.49924523
0.49924463
0.499245
0.49924487
0.499245
0.499245
0.49924523
0.4992451
0.49924546
0.49924523
0.499245
0.49924487
0.49924517
0.4992451
0.4992451
0.499245
0.499245
0.49924487
0.4992451
0.4992453
0.49924517
0.49924463
0.49924487
0.49924535
0.4992451
0.49924517
0.49924517
0.49924487
0.49924475
0.49924475
0.49924523
0.49924475
0.4992451
0.49924487
0.49924517
0.49924487
0.499245
0.49924523
0.4992451
0.49924493
0.4992451
0.4992451
0.49924535
0.499245
0.49924487
0.499245
0.49924535
0.49924487
0.4992453
0.49924487
0.4992451
0.499245
0.49924505
0.49924493
0.4992451
0.49924487
0.49924475
0.49924493
0.49924505
0.499245
0.49924523
0.49924475
0.49924505
0.4992444
0.499245
0.49924678
0.49924517
0.49924523
0.49924487
0.4992451
0.499245
0.49924487
0.499245
0.4992451
0.49924463
0.49924535
0.49924517
0.4992451
0.49924558
0.4992451
0.49924523
0.49924523
0.49924487
0.499245
0.49924517
0.49924523
0.4992451
0.49924517
0.49924505
0.49924445
0.49924487
0.49924523
0.49924475
0.49924517
0.49924505
0.499245
0.49924523
0.499245
0.4992451
0.4992453
0.4992451
0.49924415
0.49924546
0.4992444
0.49924546
0.49924493
0.4992448
0.499245
0.49924546
0.499245
0.49924487
0.49924523
0.4992448
0.4992445
0.49924523
0.49924487
0.49924523
0.49924445
0.499245
0.49924487
0.49924493
0.4992457
0.49924475
0.49924487
0.499245
0.4992448
0.49924546
0.49924523
0.4992451
0.4992445
0.49924475
0.49924517
0.499245
0.4992453
0.499245
0.49924535
0.49924487
0.49924493
0.499245
0.4992457
0.49924487
0.4992442
0.4992444
0.49924487
0.4992451
0.4992451
0.4992453
0.499245
0.49924475
0.4992451
0.4992451
0.49924505
0.4992445
0.49924505
0.49924493
0.49924487
0.49924493
0.49924523
0.49924457
0.4992451
0.4992454
0.4992451
0.4992447
0.49924505
0.49924523
0.49924523
0.49924493
0.4992448
0.49924523
0.49924457
0.499245
0.49924535
0.49924487
0.4992451
0.49924505
0.4992453
0.49924493
0.49924523
0.49924505
0.4992453
0.49924493
0.4992451
0.499245
0.4992451
0.49924487
0.49924463
0.49924505
0.49924487
0.49924493
0.49924475
0.499245
0.49924552
0.499245
0.49924392
0.49924517
0.4992451
0.4992442
0.49924523
0.49924523
0.49924487
0.4992451
0.499245
0.4992451
0.49924487
0.4992451
0.49924487
0.49924523
0.4992451
0.49924457
0.499245
0.49924523
0.49924505
0.4992447
0.4992451
0.49924546
0.4992448
0.49924523
0.49924463
0.49924523
0.49924487
0.4992448
0.4992454
0.4992454
0.49924523
0.4992454
0.49924517
0.49924487
0.499245
0.49924475
0.499245
0.49924523
0.4992451
0.49924546
0.4992451
0.49924535
0.49924523
0.49924558
0.49924475
0.4992451
0.499246
0.4992451
0.499245
0.4992448
0.49924475
0.49924505
0.49924493
0.49924535
0.4992451
0.49924493
0.4992448
0.49924546
0.49924487
0.499245
0.49924392
0.499245
0.4992447
0.49924487
0.49924535
0.49924535
0.49924415
0.49924505
0.49924523
0.49924558
0.4992451
0.4992454
0.49924505
0.49924523
0.4992451
0.49924523
0.49924535
0.499245
0.4992444
0.49924523
0.49924517
0.49924517
0.49924463
0.49924475
0.49924487
0.499245
0.4992444
0.4992451
0.49924487
0.4992451
0.49924612
0.49924463
0.4992451
0.499245
0.499245
0.49924523
0.4992453
0.4992448
0.49924475
0.49924487
0.49924475
0.49924487
0.49924523
0.499245
0.4992451
0.49924505
0.49924487
0.49924523
0.49924523
0.49924642
0.499245
0.4992451
0.49924517
0.49924505
0.49924475
0.49924487
0.4992453
0.49924487
0.4992448
0.49924475
0.499245
0.49924535
0.4992453
0.49924523
0.49924487
0.4992451
0.499245
0.49924493
0.4992451
0.49924493
0.49924493
0.4992451
0.49924463
0.499245
0.4992451
0.49924517
0.49924535
0.499245
0.49924517
0.49924523
0.49924535
0.4992451
0.49924475
0.49924517
0.4992453
0.49924475
0.49924457
0.4992451
0.49924475
0.49924505
0.49924505
0.49924493
0.499245
0.49924493
0.49924487
0.4992451
0.4992445
0.49924523
0.49924517
0.4992451
0.49924475
0.4992445
0.49924487
0.499245
0.49924475
0.49924523
0.49924523
0.49924487
0.4992451
0.49924517
0.49924487
0.4992448
0.49924475
0.49924487
0.49924523
0.49924546
0.49924505
0.49924493
0.49924392
0.49924523
0.49924535
0.49924487
0.499245
0.499245
0.49924523
0.4992451
0.49924523
0.49924523
0.49924523
0.4992448
0.499245
0.4992451
0.49924505
0.49924493
0.4992451
0.4992451
0.4992451
0.49924487
0.49924475
0.499245
0.499245
0.49924523
0.49924487
0.49924463
0.49924523
0.49924463
0.49924475
0.4992451
0.4992451
0.49924487
0.49924523
0.49924475
0.49924523
0.4992451
0.4992451
0.49924552
0.49924523
0.49924487
0.49924493
0.49924517
0.49924517
0.4992451
0.4992447
0.49924487
0.49924493
0.4992451
0.49924618
0.49924535
0.49924546
0.49924463
0.49924517
0.49924535
0.4992451
0.4992453
0.4992451
0.49924487
0.49924487
0.49924475
0.49924576
0.499245
0.4992454
0.49924523
0.49924487
0.49924493
0.49924535
0.4992451
0.4992447
0.49924523
0.499245
0.499245
0.4992451
0.49924475
0.49924487
0.4992444
0.49924487
0.499245
0.499245
0.49924368
0.49924475
0.49924487
0.49924463
0.49924523
0.49924475
0.49924487
0.4992451
0.4992444
0.4992451
0.49924493
0.499245
0.49924517
0.49924517
0.4992451
0.4992451
0.49924535
0.4992448
0.49924493
0.49924463
0.499245
0.49924517
0.4992451
0.49924487
0.49924523
0.499245
0.49924517
0.4992454
0.49924475
0.499245
0.49924546
0.4992451
0.49924505
0.499245
0.49924505
0.49924523
0.49924517
0.49924487
0.4992448
0.49924487
0.4992451
0.49924523
0.49924505
0.4992451
0.49924487
0.49924493
0.4992451
0.49924475
0.499245
0.499245
0.49924493
0.49924487
0.49924523
0.49924523
0.49924517
0.49924523
0.49924517
0.49924523
0.49924493
0.49924523
0.49924546
0.49924505
0.49924535
0.49924397
0.4992451
0.49924523
0.49924523
0.4992448
0.49924517
0.4992451
0.49924523
0.49924517
0.49924475
0.49924493
0.49924475
0.49924487
0.49924517
0.49924487
0.4992444
0.4992451
0.49924505
0.49924535
0.49924493
0.4992451
0.49924523
0.49924517
0.49924523
0.49924344
0.49924535
0.49924517
0.4992453
0.49924487
0.49924487
0.49924475
0.49924475
0.49924487
0.4992453
0.49924517
0.4992454
0.499245
0.49924493
0.49924403
0.4992448
0.499245
0.49924535
0.4992451
0.49924475
0.499245
0.4992448
0.49924463
0.499245
0.49924487
0.49924463
0.49924523
0.499245
0.49924493
0.49924487
0.499245
0.49924517
0.499245
0.499245
0.49924487
0.49924463
0.49924487
0.49924487
0.49924505
0.49924523
0.49924523
0.4992451
0.4992451
0.49924475
0.49924523
0.499245
0.49924523
0.49924535
0.49924475
0.49924463
0.49924523
0.49924505
0.4992451
0.49924487
0.4992453
0.49924475
0.49924517
0.49924523
0.49924487
0.4992447
0.4992451
0.4992451
0.49924523
0.49924523
0.4992451
0.49924523
0.49924487
0.49924523
0.49924487
0.49924517
0.4992447
0.4992453
0.49924535
0.499245
0.4992448
0.49924463
0.49924535
0.49924523
0.49924475
0.49924493
0.49924535
0.49924487
0.4992448
0.49924487
0.49924475
0.499245
0.49924487
0.49924523
0.49924535
0.4992448
0.49924523
0.499245
0.49924523
0.49924487
0.49924523
0.49924523
0.4992454
0.49924535
0.49924475
0.49924505
0.49924475
0.4992448
0.49924433
0.49924493
0.49924523
0.4992448
0.49924493
0.49924523
0.49924475
0.49924445
0.49924535
0.49924535
0.49924487
0.499245
0.49924505
0.49924487
0.49924475
0.49924505
0.49924558
0.4992451
0.49924505
0.499245
0.4992451
0.4992451
0.4992451
0.4992447
0.499245
0.49924487
0.49924475
0.49924475
0.49924427
0.49924487
0.4992451
0.4992451
0.4992451
0.49924523
0.49924487
0.49924475
0.4992453
0.499245
0.49924487
0.4992448
0.4992451
0.4992453
0.49924517
0.49924517
0.49924535
0.4992453
0.49924463
0.49924505
0.49924493
0.49924487
0.49924493
0.49924487
0.4992451
0.49924546
0.4992451
0.49924523
0.4992448
0.4992451
0.49924523
0.49924517
0.49924493
0.49924517
0.499245
0.4992451
0.49924475
0.499245
0.49924493
0.49924493
0.4992451
0.49924517
0.4992448
0.4992451
0.49924487
0.4992451
0.49924475
0.499245
0.4992447
0.49924535
0.49924475
0.499245
0.49924415
0.49924487
0.4992451
0.49924546
0.49924487
0.49924517
0.49924487
0.49924493
0.49924523
0.49924535
0.499245
0.49924487
0.49924523
0.4992451
0.49924612
0.49924523
0.49924523
0.49924493
0.49924523
0.49924475
0.49924517
0.499245
0.499245
0.49924493
0.49924487
0.4992453
0.499245
0.49924463
0.49924535
0.49924457
0.49924463
0.4992451
0.49924517
0.49924505
0.49924523
0.499245
0.49924535
0.499245
0.49924475
0.49924523
0.499245
0.4992451
0.49924505
0.49924475
0.4992451
0.49924523
0.49924487
0.4992445
0.49924475
0.49924558
0.4992453
0.4992451
0.49924517
0.4992451
0.4992445
0.49924523
0.499245
0.499245
0.49924487
0.49924475
0.49924403
0.4992451
0.49924475
0.49924523
0.499245
0.49924475
0.49924517
0.49924487
0.49924523
0.499245
0.49924487
0.49924517
0.49924523
0.49924523
0.49924535
0.4992451
0.49924475
0.499245
0.499245
0.49924523
0.4992453
0.4992448
0.49924427
0.4992447
0.4992451
0.4992451
0.49924523
0.499245
0.4992451
0.49924475
0.499245
0.49924463
0.49924487
0.49924487
0.49924517
0.49924487
0.499245
0.499245
0.49924523
0.49924535
0.4992448
0.4992448
0.49924487
0.4992448
0.49924415
0.4992442
0.499245
0.499245
0.49924475
0.49924463
0.49924493
0.49924487
0.49924487
0.49924523
0.499245
0.49924493
0.4992451
0.4992451
0.49924475
0.4992451
0.4992451
0.49924517
0.4992453
0.49924523
0.499245
0.4992451
0.49924523
0.4992451
0.4992453
0.49924535
0.49924505
0.49924535
0.49924493
0.49924487
0.49924505
0.49924546
0.49924493
0.499245
0.49924523
0.49924523
0.499245
0.49924475
0.49924487
0.49924505
0.49924487
0.49924487
0.49924523
0.49924415
0.49924535
0.4992453
0.49924475
0.49924463
0.49924505
0.49924523
0.49924523
0.49924487
0.49924594
0.49924487
0.4992447
0.499245
0.499245
0.4992451
0.49924546
0.49924487
0.49924523
0.49924493
0.4992451
0.499245
0.49924487
0.49924463
0.49924487
0.49924523
0.49924463
0.4992451
0.49924535
0.499245
0.499245
0.49924558
0.49924546
0.499245
0.499245
0.499245
0.49924487
0.4992451
0.49924493
0.49924535
0.49924523
0.49924493
0.49924523
0.49924505
0.49924463
0.499245
0.49924487
0.49924487
0.4992448
0.499245
0.4992451
0.4992451
0.49924475
0.49924523
0.4992451
0.49924505
0.499245
0.49924523
0.49924493
0.499245
0.49924487
0.49924546
0.499245
0.49924517
0.499245
0.49924487
0.49924463
0.49924535
0.49924487
0.4992442
0.49924463
0.4992451
0.49924487
0.4992447
0.49924493
0.499245
0.499245
0.49924493
0.49924552
0.49924493
0.4992451
0.49924475
0.49924535
0.4992457
0.49924546
0.4992451
0.49924487
0.49924487
0.499245
0.4992451
0.4992453
0.49924505
0.499245
0.4992451
0.4992451
0.499245
0.499245
0.49924487
0.499245
0.4992445
0.49924505
0.49924463
0.49924535
0.49924517
0.4992445
0.49924535
0.49924523
0.4992453
0.4992451
0.499245
0.49924523
0.4992448
0.49924517
0.49924487
0.49924493
0.49924523
0.4992451
0.4992454
0.49924523
0.4992451
0.4992451
0.499245
0.499245
0.49924487
0.49924517
0.49924523
0.49924493
0.4992448
0.4992448
0.499245
0.499245
0.49924523
0.4992451
0.4992447
0.4992454
0.4992447
0.4992451
0.49924475
0.4992451
0.49924487
0.4992451
0.49924523
0.49924487
0.49924433
0.499245
0.4992453
0.49924487
0.49924487
0.49924487
0.49924535
0.49924487
0.4992451
0.49924487
0.49924487
0.49924487
0.499245
0.499245
0.49924475
0.4992448
0.49924546
0.49924535
0.49924475
0.49924493
0.4992453
0.49924523
0.49924493
0.4992451
0.4992448
0.49924505
0.4992451
0.499245
0.49924517
0.49924523
0.49924493
0.499245
0.4992451
0.49924535
0.499245
0.49924475
0.49924523
0.499245
0.49924463
0.49924523
0.499245
0.49924487
0.49924487
0.4992451
0.49924463
0.49924517
0.49924505
0.49924487
0.49924505
0.49924535
0.499245
0.49924558
0.49924487
0.49924487
0.49924546
0.4992451
0.49924517
0.499245
0.49924487
0.4992451
0.49924493
0.49924487
0.49924397
0.4992451
0.49924487
0.49924535
0.4992451
0.49924523
0.49924505
0.49924517
0.4992453
0.4992448
0.49924487
0.49924487
0.499245
0.49924493
0.49924493
0.49924517
0.4992447
0.49924523
0.499245
0.49924493
0.4992451
0.49924487
0.4992451
0.4992451
0.49924463
0.49924475
0.49924415
0.49924344
0.49924487
0.4992451
0.499245
0.49924517
0.49924475
0.499245
0.499245
0.49924463
0.499245
0.49924487
0.4992451
0.49924487
0.499245
0.49924558
0.4992448
0.49924505
0.49924523
0.499245
0.49924475
0.499245
0.49924487
0.499245
0.49924546
0.49924505
0.49924475
0.49924523
0.4992451
0.49924523
0.4992451
0.4992451
0.4992451
0.49924415
0.499245
0.4992444
0.49924487
0.49924558
0.49924523
0.49924523
0.4992451
0.49924463
0.4992453
0.499245
0.49924198
0.49924487
0.4992451
0.49924523
0.499245
0.499245
0.4992451
0.4992451
0.49924558
0.49924505
0.499245
0.49924487
0.4992447
0.49924558
0.49924493
0.49924487
0.4992444
0.49924493
0.49924517
0.4992451
0.499245
0.4992451
0.499245
0.4992448
0.49924493
0.49924535
0.49924493
0.49924475
0.499245
0.4992451
0.49924517
0.49924487
0.49924475
0.49924493
0.49924275
0.49924523
0.4992451
0.49924535
0.49924505
0.49924463
0.49924487
0.49924487
0.49924535
0.499245
0.49924487
0.49924487
0.499245
0.49924475
0.49924493
0.49924517
0.499245
0.49924475
0.49924535
0.49924505
0.49924517
0.49924535
0.4992451
0.49924535
0.49924493
0.49924475
0.499245
0.499245
0.49924475
0.49924535
0.49924523
0.4992438
0.49924487
0.49924523
0.49924523
0.49924487
0.4992451
0.49924475
0.49924475
0.49924535
0.49924487
0.49924475
0.49924523
0.49924505
0.49924463
0.49924523
0.499245
0.49924523
0.4992448
0.49924523
0.49924487
0.49924475
0.4992451
0.49924487
0.499245
0.49924606
0.49924523
0.49924493
0.49924523
0.49924487
0.49924487
0.4992448
0.49924475
0.49924475
0.49924523
0.49924475
0.499245
0.4992451
0.49924558
0.4992451
0.4992447
0.499245
0.4992451
0.49924505
0.49924493
0.4992451
0.49924505
0.49924487
0.4992451
0.49924487
0.49924487
0.49924487
0.49924517
0.49924523
0.49924463
0.49924523
0.4992451
0.49924475
0.49924475
0.49924505
0.49924487
0.49924523
0.49924517
0.49924535
0.499245
0.499245
0.4992451
0.4992451
0.49924535
0.49924475
0.49924463
0.49924463
0.499245
0.49924475
0.4992444
0.4992451
0.49924487
0.499245
0.49924475
0.49924487
0.49924535
0.4992444
0.4992451
0.49924505
0.49924475
0.499245
0.49924487
0.499245
0.49924523
0.499245
0.49924523
0.49924505
0.499245
0.4992451
0.4992448
0.4992451
0.49924475
0.49924523
0.499245
0.49924475
0.49924523
0.49924475
0.49924487
0.49924523
0.49924475
0.49924523
0.49924487
0.499245
0.49924523
0.49924535
0.49924505
0.49924475
0.4992457
0.4992453
0.49924546
0.49924505
0.49924517
0.49924475
0.49924493
0.49924493
0.499245
0.4992451
0.49924535
0.4992444
0.49924523
0.49924493
0.4992445
0.49924475
0.49924493
0.49924487
0.4992451
0.49924493
0.49924517
0.4992448
0.499245
0.49924463
0.499245
0.499245
0.49924487
0.4992451
0.4992451
0.4992451
0.4992451
0.49924493
0.49924546
0.4992451
0.499245
0.49924594
0.49924475
0.49924487
0.49924523
0.4992451
0.499245
0.49924475
0.49924493
0.49924517
0.49924493
0.49924487
0.49924463
0.49924523
0.499245
0.49924463
0.49924523
0.49924546
0.49924487
0.4992451
0.4992451
0.49924535
0.49924546
0.49924535
0.49924546
0.4992451
0.49924475
0.4992451
0.49924505
0.499245
0.4992457
0.4992451
0.4992445
0.49924505
0.49924535
0.4992451
0.49924457
0.49924445
0.49924523
0.499245
0.49924415
0.4992451
0.49924517
0.4992451
0.49924493
0.49924445
0.49924523
0.49924535
0.4992453
0.499245
0.49924505
0.49924523
0.4992451
0.49924517
0.4992454
0.4992451
0.4992451
0.4992447
0.4992451
0.49924535
0.4992451
0.4992448
0.49924475
0.49924523
0.49924505
0.49924505
0.499245
0.4992445
0.499245
0.4992451
0.49924487
0.4992451
0.49924433
0.499245
0.4992451
0.49924487
0.49924487
0.49924475
0.4992451
0.49924433
0.49924523
0.499245
0.4992451
0.4992451
0.49924523
0.4992451
0.499245
0.49924535
0.49924487
0.49924523
0.4992448
0.49924523
0.499245
0.4992451
0.4992451
0.49924445
0.49924523
0.49924487
0.49924523
0.49924594
0.49924546
0.49924535
0.49924523
0.49924505
0.49924546
0.49924535
0.49924618
0.49924475
0.49924523
0.49924487
0.49924487
0.49924487
0.499245
0.49924475
0.4992451
0.499245
0.49924523
0.4992453
0.49924493
0.49924403
0.49924403
0.4992448
0.4992451
0.49924523
0.49924487
0.4992451
0.49924487
0.49924487
0.4992451
0.4992451
0.49924594
0.49924535
0.49924463
0.49924535
0.49924523
0.49924487
0.4992451
0.499245
0.49924493
0.49924487
0.499245
0.49924523
0.49924523
0.49924487
0.49924523
0.4992451
0.499245
0.49924505
0.49924457
0.4992454
0.4992445
0.49924552
0.49924523
0.49924493
0.49924535
0.499245
0.4992451
0.49924475
0.49924487
0.4992451
0.4992451
0.499245
0.49924517
0.49924463
0.4992453
0.49924493
0.49924523
0.49924505
0.49924517
0.49924517
0.49924475
0.499245
0.4992451
0.499245
0.49924523
0.4992448
0.4992451
0.499245
0.49924487
0.49924487
0.4992451
0.49924457
0.49924517
0.499245
0.4992451
0.49924535
0.49924475
0.49924523
0.49924487
0.49924463
0.499245
0.4992451
0.499245
0.49924487
0.49924505
0.49924487
0.49924523
0.49924505
0.49924582
0.49924493
0.4992445
0.499245
0.4992445
0.49924535
0.49924475
0.4992451
0.499245
0.4992451
0.49924493
0.49924505
0.49924505
0.499245
0.49924535
0.499245
0.49924523
0.4992451
0.49924493
0.49924535
0.49924487
0.49924487
0.49924523
0.4992451
0.4992451
0.49924517
0.499245
0.49924493
0.4992448
0.49924523
0.49924523
0.49924487
0.49924517
0.499245
0.49924546
0.49924546
0.4992451
0.49924475
0.499245
0.499245
0.49924487
0.49924475
0.49924505
0.499245
0.49924487
0.49924517
0.49924475
0.49924523
0.49924523
0.4992451
0.49924493
0.4992454
0.49924487
0.4992453
0.4992448
0.49924523
0.4992451
0.499245
0.49924505
0.49924523
0.49924392
0.4992451
0.49924523
0.49924523
0.49924523
0.4992451
0.4992451
0.49924505
0.4992451
0.49924564
0.49924493
0.49924457
0.4992448
0.499245
0.49924463
0.49924487
0.49924517
0.4992451
0.4992448
0.4992451
0.49924493
0.4992451
0.49924535
0.49924517
0.49924487
0.49924517
0.49924463
0.49924558
0.49924523
0.49924445
0.49924487
0.49924523
0.499245
0.49924487
0.4992451
0.49924487
0.49924505
0.49924505
0.49924487
0.4992451
0.49924493
0.4992448
0.49924505
0.49924535
0.4992454
0.499245
0.4992451
0.49924475
0.49924505
0.4992447
0.4992454
0.49924475
0.499245
0.4992447
0.499245
0.499245
0.49924457
0.4992453
0.49924517
0.49924535
0.499245
0.49924523
0.49924493
0.4992457
0.49924487
0.49924463
0.4992451
0.49924523
0.4992451
0.49924505
0.499245
0.49924475
0.4992451
0.4992457
0.499245
0.4992444
0.49924523
0.49924523
0.499245
0.4992451
0.49924487
0.4992445
0.4992453
0.49924523
0.49924517
0.499245
0.49924505
0.49924475
0.4992451
0.49924487
0.49924505
0.4992448
0.49924523
0.49924523
0.4992444
0.49924487
0.49924457
0.49924475
0.49924463
0.4992448
0.49924475
0.49924523
0.49924523
0.4992445
0.49924487
0.4992454
0.49924487
0.499245
0.4992451
0.49924546
0.49924535
0.49924493
0.49924523
0.4992451
0.49924475
0.49924505
0.499245
0.49924463
0.49924487
0.49924535
0.499245
0.49924523
0.49924523
0.49924505
0.4992454
0.49924475
0.499245
0.4992451
0.499245
0.49924487
0.49924487
0.4992451
0.4992451
0.49924546
0.49924463
0.49924487
0.49924523
0.49924517
0.499245
0.499245
0.4992447
0.499245
0.49924517
0.49924546
0.49924487
0.49924487
0.49924493
0.499245
0.4992451
0.4992451
0.49924517
0.49924475
0.49924505
0.49924523
0.49924523
0.499245
0.4992451
0.49924487
0.49924505
0.4992451
0.49924475
0.49924463
0.499245
0.49924493
0.49924546
0.4992448
0.49924493
0.49924487
0.49924523
0.49924523
0.49924487
0.49924523
0.49924535
0.4992451
0.49924475
0.4992451
0.49924546
0.49924523
0.49924475
0.49924487
0.49924487
0.4992453
0.4992444
0.4992451
0.49924487
0.49924523
0.49924517
0.49924535
0.49924523
0.499245
0.49924523
0.49924517
0.49924523
0.499245
0.499245
0.49924517
0.4992451
0.4992451
0.499245
0.49924493
0.4992451
0.4992451
0.4992451
0.4992444
0.49924546
0.4992451
0.4992451
0.499245
0.49924505
0.49924505
0.49924517
0.49924546
0.49924487
0.4992451
0.49924523
0.49924558
0.4992447
0.49924487
0.4992451
0.49924523
0.4992451
0.4992451
0.4992448
0.499245
0.49924523
0.4992451
0.4992451
0.49924487
0.49924636
0.4992445
0.49924523
0.49924487
0.4992451
0.49924535
0.4992451
0.4992451
0.4992451
0.49924457
0.49924505
0.49924475
0.49924535
0.499245
0.49924487
0.499245
0.4992453
0.49924487
0.49924493
0.4992451
0.4992451
0.49924487
0.4992453
0.49924535
0.49924523
0.499245
0.49924535
0.4992453
0.49924523
0.49924487
0.49924487
0.49924505
0.49924487
0.4992445
0.49924487
0.49924487
0.499245
0.49924523
0.49924487
0.49924535
0.49924558
0.49924487
0.4992448
0.4992453
0.4992451
0.49924487
0.49924445
0.4992445
0.4992451
0.49924505
0.4992453
0.49924535
0.4992451
0.49924487
0.4992453
0.49924535
0.49924523
0.49924922
0.4992448
0.49924475
0.499243
0.499245
0.49924535
0.49924505
0.4992448
0.49924523
0.49924475
0.499245
0.49924523
0.4992453
0.499245
0.49924475
0.49924493
0.49924546
0.49924523
0.49924523
0.4992451
0.49924493
0.499245
0.49924475
0.4992453
0.499245
0.49924535
0.49924493
0.49924487
0.4992451
0.49924523
0.499245
0.49924523
0.49924445
0.49924523
0.49924535
0.49924493
0.49924517
0.49924487
0.49924505
0.4992451
0.49924523
0.49924558
0.49924523
0.4992451
0.49924493
0.49924523
0.499245
0.49924487
0.49924487
0.49924487
0.4992451
0.4992451
0.49924463
0.49924523
0.49924505
0.4992451
0.49924487
0.49924523
0.49924475
0.4992451
0.499245
0.4992451
0.499245
0.49924523
0.4992451
0.4992445
0.49924463
0.49924517
0.4992451
0.49924487
0.499245
0.49924505
0.4992453
0.49924493
0.499245
0.4992448
0.4992444
0.49924517
0.49924523
0.49924493
0.49924487
0.4992451
0.49924415
0.49924523
0.49924475
0.49924564
0.49924523
0.49924517
0.49924523
0.49924523
0.49924487
0.4992451
0.4992451
0.49924457
0.49924517
0.4992451
0.49924523
0.49924535
0.4992444
0.499245
0.4992451
0.4992448
0.49924487
0.4992445
0.49924475
0.49924487
0.49924523
0.4992451
0.4992451
0.49924505
0.49924493
0.49924487
0.499245
0.49924487
0.49924517
0.49924475
0.49924523
0.49924493
0.49924475
0.4992451
0.4992451
0.49924517
0.49924523
0.49924535
0.49924487
0.499245
0.4992451
0.49924487
0.49924505
0.49924493
0.49924505
0.4992451
0.4992451
0.4992448
0.49924487
0.49924517
0.49924475
0.49924523
0.4992451
0.499245
0.4992451
0.49924523
0.49924535
0.49924505
0.4992451
0.49924493
0.49924546
0.49924463
0.49924517
0.49924523
0.49924535
0.49924463
0.49924517
0.49924523
0.49924487
0.4992451
0.49924487
0.499245
0.4992451
0.4992451
0.49924475
0.49924487
0.4992453
0.49924535
0.49924463
0.49924457
0.49924475
0.49924487
0.49924505
0.4992451
0.49924487
0.49924523
0.49924517
0.49924523
0.49924493
0.499245
0.49924523
0.499245
0.499245
0.49924487
0.49924493
0.4992448
0.49924487
0.49924535
0.49924523
0.4992451
0.49924493
0.499245
0.4992451
0.4992454
0.49924523
0.49924487
0.4992451
0.49924558
0.499245
0.49924475
0.49924523
0.49924487
0.49924493
0.4992451
0.49924487
0.49924463
0.4992447
0.49924487
0.499245
0.49924523
0.49924546
0.49924523
0.49924517
0.4992451
0.49924487
0.49924487
0.49924487
0.4992451
0.49924523
0.49924493
0.49924523
0.49924523
0.499245
0.4992451
0.4992451
0.49924517
0.49924487
0.499245
0.4992451
0.49924535
0.49924475
0.49924493
0.499245
0.4992444
0.49924535
0.49924505
0.49924523
0.49924487
0.49924493
0.499245
0.49924523
0.49924523
0.49924493
0.4992448
0.49924487
0.49924487
0.49924517
0.4992451
0.4992448
0.49924535
0.4992451
0.49924487
0.4992453
0.499245
0.49924523
0.499245
0.4992453
0.49924356
0.49924493
0.4992447
0.4992451
0.4992453
0.4992451
0.4992453
0.49924523
0.49924493
0.4992448
0.4992435
0.4992444
0.4992453
0.4992451
0.49924487
0.4992447
0.49924487
0.499245
0.49924487
0.49924505
0.499245
0.4992453
0.49924523
0.49924493
0.49924445
0.49924487
0.49924487
0.49924505
0.49924505
0.49924493
0.49924445
0.49924517
0.49924463
0.499245
0.49924523
0.49924523
0.49924487
0.4992451
0.49924523
0.4992441
0.49924487
0.499245
0.49924493
0.4992451
0.4992453
0.49924517
0.49924523
0.49924487
0.49924517
0.49924505
0.49924523
0.49924523
0.49924517
0.49924475
0.4992453
0.4992451
0.49924523
0.49924493
0.49924505
0.4992451
0.49924263
0.49924493
0.49924487
0.49924487
0.4992451
0.4992448
0.49924505
0.499245
0.49924523
0.49924523
0.499245
0.49924487
0.49924487
0.49924523
0.4992448
0.499245
0.49924487
0.49924523
0.49924535
0.49924487
0.4992451
0.49924505
0.4992451
0.49924505
0.49924517
0.4992451
0.49924523
0.49924487
0.4992453
0.4992451
0.499245
0.4992451
0.4992451
0.4992451
0.49924493
0.49924523
0.499245
0.49924523
0.49924487
0.49924487
0.49924487
0.499245
0.4992451
0.49924487
0.4992451
0.49924493
0.4992451
0.4992451
0.499245
0.4992453
0.49924487
0.49924475
0.49924523
0.4992451
0.49924493
0.49924493
0.4992453
0.499245
0.49924475
0.49924558
0.4992451
0.49924523
0.49924487
0.49924505
0.49924487
0.499245
0.49924487
0.49924558
0.4992451
0.49924487
0.49924475
0.499245
0.49924493
0.4992451
0.49924523
0.4992451
0.499245
0.49924523
0.49924487
0.4992451
0.49924517
0.4992451
0.49924523
0.4992445
0.49924475
0.4992447
0.49924523
0.49924517
0.49924493
0.49924487
0.4992448
0.49924505
0.499245
0.49924517
0.4992451
0.49924487
0.49924523
0.499245
0.4992451
0.49924523
0.49924517
0.4992451
0.49924505
0.49924487
0.49924487
0.49924523
0.4992451
0.49924463
0.4992453
0.49924523
0.49924463
0.49924523
0.49924475
0.4992451
0.499245
0.49924487
0.49924487
0.499245
0.49924475
0.49924552
0.49924493
0.49924487
0.49924427
0.49924523
0.49924487
0.4992451
0.49924505
0.49924546
0.4992444
0.499245
0.4992451
0.49924505
0.499245
0.499245
0.4992451
0.49924523
0.49924457
0.4992451
0.49924523
0.4992451
0.49924475
0.499245
0.4992451
0.49924475
0.49924517
0.49924505
0.4992451
0.49924475
0.499245
0.49924487
0.49924487
0.49924517
0.4992448
0.49924576
0.49924487
0.499245
0.49924457
0.4992451
0.49924505
0.49924475
0.49924493
0.49924487
0.4992451
0.4992451
0.49924487
0.499245
0.49924517
0.4992451
0.49924463
0.49924487
0.49924558
0.49924523
0.49924433
0.49924523
0.4992447
0.49924475
0.49924493
0.49924487
0.49924463
0.49924493
0.499245
0.49924535
0.499245
0.49924487
0.49924487
0.49924475
0.4992451
0.49924523
0.4992445
0.499245
0.499245
0.499245
0.4992448
0.49924475
0.49924493
0.499245
0.49924517
0.49924523
0.4992448
0.49924487
0.499245
0.49924505
0.49924493
0.49924517
0.499245
0.49924487
0.4992451
0.49924493
0.49924517
0.4992451
0.4992448
0.4992451
0.49924517
0.49924517
0.4992451
0.49924523
0.49924487
0.49924523
0.4992453
0.499245
0.499245
0.49924523
0.49924523
0.49924535
0.499245
0.49924535
0.49924493
0.49924505
0.49924487
0.4992445
0.4992451
0.49924546
0.49924487
0.49924475
0.4992451
0.49924523
0.49924523
0.49924493
0.49924523
0.4992451
0.4992451
0.4992451
0.4992445
0.49924487
0.49924535
0.4992451
0.49924523
0.49924493
0.499245
0.499245
0.4992451
0.49924523
0.49924523
0.499245
0.49924326
0.49924535
0.49924523
0.4992451
0.49924505
0.49924523
0.49924487
0.49924463
0.49924487
0.4992451
0.49924487
0.49924523
0.499245
0.49924487
0.499245
0.49924535
0.4992453
0.4992451
0.49924493
0.49924546
0.49924505
0.49924523
0.49924523
0.4992445
0.49924493
0.49924535
0.4992451
0.49924493
0.499245
0.4992451
0.499245
0.49924517
0.4992451
0.49924552
0.49924457
0.49924517
0.4992451
0.4992447
0.49924487
0.499245
0.49924535
0.4992448
0.4992453
0.4992454
0.49924487
0.49924475
0.49924493
0.49924523
0.499245
0.49924523
0.4992453
0.49924463
0.4992451
0.4992451
0.4992451
0.499245
0.49924523
0.49924523
0.49924523
0.49924493
0.49924546
0.49924523
0.49924475
0.4992451
0.49924475
0.4992463
0.4992448
0.4992445
0.49924463
0.49924475
0.4992453
0.49924487
0.49924487
0.4992447
0.49924535
0.49924505
0.49924535
0.49924523
0.4992448
0.49924487
0.49924487
0.49924475
0.49924546
0.49924535
0.499245
0.4992451
0.49924523
0.49924546
0.499245
0.4992451
0.499245
0.499245
0.4992451
0.499245
0.4992453
0.4992447
0.49924505
0.49924487
0.49924517
0.4992451
0.49924487
0.4992451
0.49924523
0.4992451
0.49924505
0.49924523
0.4992448
0.4992451
0.49924517
0.4992451
0.49924493
0.49924535
0.49924487
0.4992444
0.49924493
0.4992447
0.499245
0.4992451
0.4992451
0.49924475
0.4992451
0.4992451
0.49924505
0.4992451
0.49924523
0.49924475
0.49924487
0.4992451
0.49924523
0.49924487
0.4992448
0.499245
0.4992447
0.49924523
0.49924523
0.49924523
0.4992451
0.49924523
0.49924535
0.49924505
0.499245
0.49924517
0.499245
0.499245
0.4992451
0.49924487
0.4992451
0.499245
0.4992448
0.49924314
0.49924487
0.49924517
0.4992445
0.49924523
0.499245
0.49924493
0.4992448
0.499245
0.49924487
0.49924523
0.4992451
0.49924535
0.4992447
0.4992451
0.4992448
0.49924487
0.49924523
0.4992445
0.49924517
0.49924493
0.49924546
0.49924487
0.4992451
0.49924517
0.4992451
0.49924463
0.49924475
0.4992448
0.4992451
0.49924487
0.49924517
0.49924517
0.49924523
0.4992451
0.49924493
0.49924523
0.49924523
0.4992448
0.49924505
0.4992451
0.4992454
0.49924493
0.499245
0.4992451
0.4992451
0.499245
0.4992451
0.49924505
0.499245
0.49924487
0.4992451
0.49924517
0.499245
0.49924546
0.49924487
0.499245
0.49924427
0.49924618
0.49924505
0.4992453
0.49924517
0.49924624
0.49924523
0.49924535
0.4992451
0.49924523
0.4992451
0.4992448
0.49924493
0.49924493
0.49924523
0.49924463
0.49924523
0.4992454
0.49924517
0.49924487
0.49924505
0.49924487
0.49924523
0.49924487
0.49924505
0.4992451
0.4992451
0.499245
0.4992453
0.49924487
0.4992451
0.49924475
0.49924618
0.49924487
0.49924463
0.49924463
0.49924487
0.49924523
0.49924487
0.49924475
0.49924463
0.49924523
0.49924523
0.499245
0.49924475
0.4992454
0.499245
0.49924487
0.4992444
0.49924517
0.499245
0.49924475
0.4992448
0.49924517
0.499245
0.49924475
0.49924463
0.49924475
0.49924487
0.49924475
0.49924523
0.4992451
0.49924523
0.499245
0.4992451
0.4992451
0.499245
0.4992451
0.49924457
0.4992451
0.499245
0.4992451
0.49924523
0.49924487
0.499245
0.4992447
0.49924463
0.499245
0.499245
0.49924487
0.49924523
0.4992454
0.49924517
0.49924475
0.499245
0.49924535
0.4992451
0.4992451
0.499245
0.49924463
0.49924535
0.49924505
0.4992451
0.499245
0.49924523
0.499245
0.49924535
0.4992451
0.49924505
0.4992451
0.49924535
0.4992447
0.499245
0.49924463
0.49924475
0.49924487
0.49924487
0.4992445
0.49924517
0.499245
0.499245
0.4992453
0.49924517
0.49924487
0.4992451
0.49924523
0.49924505
0.499245
0.4992451
0.499245
0.499245
0.4992448
0.4992445
0.499245
0.49924535
0.4992451
0.49924517
0.49924493
0.499245
0.4992451
0.49924487
0.4992451
0.4992448
0.49924475
0.49924487
0.4992453
0.49924487
0.49924517
0.4992451
0.49924493
0.49924523
0.49924523
0.4992451
0.4992451
0.49924523
0.49924475
0.4992451
0.4992451
0.49924487
0.4992451
0.49924535
0.49924523
0.4992448
0.49924487
0.499245
0.49924517
0.49924517
0.499245
0.499245
0.4992451
0.49924505
0.49924535
0.49924463
0.49924523
0.4992448
0.4992451
0.49924517
0.4992451
0.4992453
0.4992453
0.49924475
0.499245
0.49924487
0.49924475
0.49924463
0.49924523
0.49924487
0.4992453
0.49924523
0.499245
0.49924487
0.49924535
0.499245
0.4992451
0.49924487
0.499245
0.49924487
0.49924523
0.499245
0.49924487
0.49924487
0.49924535
0.49924487
0.499245
0.4992453
0.49924475
0.4992447
0.4992445
0.49924487
0.49924487
0.49924463
0.49924475
0.49924535
0.49924487
0.49924487
0.49924487
0.49924523
0.49924487
0.49924475
0.49924552
0.49924523
0.49924505
0.4992444
0.49924517
0.49924517
0.49924487
0.49924517
0.4992453
0.49924523
0.49924535
0.4992451
0.499245
0.499245
0.49924535
0.499245
0.49924535
0.49924475
0.49924487
0.49924523
0.49924535
0.49924487
0.49924517
0.49924475
0.49924493
0.499245
0.49924475
0.49924487
0.49924546
0.49924523
0.49924487
0.4992448
0.49924523
0.49924517
0.49924487
0.4992453
0.49924475
0.499245
0.49924588
0.49924546
0.4992451
0.49924523
0.49924487
0.49924487
0.4992451
0.49924463
0.49924523
0.499245
0.49924505
0.49924487
0.4992453
0.49924475
0.499245
0.49924487
0.4992451
0.4992448
0.49924517
0.4992454
0.49924546
0.49924517
0.49924475
0.49924523
0.4992451
0.499245
0.49924475
0.4992448
0.49924487
0.4992445
0.49924523
0.4992451
0.499245
0.4992453
0.49924523
0.4992448
0.49924487
0.49924463
0.4992448
0.49924463
0.49924523
0.4992445
0.49924493
0.49924475
0.4992451
0.49924427
0.49924487
0.4992453
0.499245
0.49924493
0.49924505
0.49924523
0.49924475
0.4992448
0.49924517
0.49924546
0.4992453
0.49924493
0.4992451
0.4992445
0.49924475
0.4992451
0.49924487
0.49924487
0.49924487
0.49924493
0.49924517
0.49924505
0.49924487
0.49924523
0.49924475
0.49924523
0.49924463
0.49924505
0.4992447
0.4992451
0.49924517
0.49924493
0.4992451
0.4992451
0.49924523
0.499245
0.499245
0.49924517
0.49924505
0.49924505
0.49924493
0.49924487
0.4992451
0.4992451
0.499245
0.49924523
0.49924523
0.499245
0.4992451
0.49924487
0.499245
0.4992451
0.49924523
0.4992451
0.49924487
0.499245
0.4992448
0.4992457
0.49924523
0.499245
0.49924487
0.49924523
0.49924493
0.49924523
0.4992447
0.499245
0.49924487
0.499245
0.49924374
0.49924475
0.49924523
0.49924523
0.49924493
0.49924523
0.49924445
0.49924505
0.49924535
0.49924505
0.49924535
0.49924517
0.49924487
0.49924463
0.49924475
0.49924517
0.49924487
0.49924523
0.49924523
0.49924487
0.49924523
0.49924535
0.49924475
0.49924523
0.49924463
0.4992451
0.49924505
0.49924517
0.49924523
0.49924487
0.49924523
0.49924487
0.49924535
0.49924523
0.49924517
0.4992451
0.499245
0.49924397
0.49924523
0.499245
0.49924487
0.49924523
0.4992447
0.499245
0.49924487
0.499245
0.499245
0.4992451
0.4992453
0.49924517
0.49924546
0.49924475
0.499245
0.4992451
0.49924487
0.499245
0.49924493
0.49924523
0.4992451
0.4992451
0.49924487
0.4992453
0.4992451
0.49924535
0.4992451
0.4992451
0.49924505
0.49924535
0.4992451
0.49924552
0.499245
0.49924463
0.499245
0.49924487
0.4992451
0.4992448
0.49924487
0.49924523
0.4992453
0.4992453
0.49924463
0.4992451
0.49924427
0.49924463
0.49924523
0.4992451
0.49924487
0.49924475
0.4992451
0.4992451
0.49924427
0.49924493
0.49924505
0.4992451
0.499245
0.49924463
0.4992418
0.4992451
0.49924487
0.49924505
0.49924415
0.499245
0.49924558
0.49924606
0.49924487
0.4992451
0.49924505
0.49924505
0.4992451
0.49924505
0.4992451
0.49924535
0.49924487
0.499245
0.4992451
0.4992448
0.499245
0.49924517
0.499245
0.4992451
0.49924523
0.49924523
0.49924505
0.499245
0.499245
0.4992451
0.4992451
0.49924505
0.49924505
0.4992445
0.4992448
0.4992451
0.499245
0.49924493
0.49924463
0.4992451
0.49924487
0.49924535
0.499245
0.499245
0.49924535
0.499245
0.49924535
0.49924493
0.49924523
0.4992451
0.49924427
0.49924487
0.49924475
0.4992451
0.4992451
0.499245
0.4992451
0.49924487
0.49924427
0.49924558
0.49924475
0.49924523
0.4992451
0.499245
0.49924523
0.49924552
0.49924523
0.49924517
0.499245
0.4992451
0.499245
0.49924505
0.49924463
0.4992451
0.4992451
0.4992451
0.49924487
0.49924535
0.4992451
0.4992453
0.49924517
0.49924523
0.4992451
0.49924475
0.49924475
0.49924487
0.49924487
0.4992451
0.4992451
0.49924463
0.49924493
0.4992451
0.49924517
0.49924487
0.4992451
0.49924535
0.4992451
0.4992451
0.49924546
0.49924523
0.49924505
0.499245
0.4992451
0.49924463
0.499245
0.49924487
0.49924487
0.49924445
0.49924475
0.49924535
0.49924493
0.49924487
0.49924487
0.4992451
0.499245
0.49924535
0.49924523
0.4992453
0.4992451
0.49924487
0.49924487
0.49924505
0.499245
0.499245
0.49924415
0.49924487
0.4992451
0.49924487
0.4992448
0.49924523
0.49924535
0.4992451
0.49924535
0.49924523
0.49924523
0.4992451
0.4992451
0.4992453
0.49924493
0.499245
0.499245
0.49924493
0.49924523
0.4992451
0.4992451
0.4992451
0.4992448
0.499245
0.499245
0.49924505
0.49924487
0.49924487
0.4992448
0.49924493
0.4992451
0.49924487
0.49924523
0.4992453
0.49924475
0.4992448
0.49924487
0.4992447
0.49924475
0.499245
0.49924546
0.49924475
0.499245
0.49924433
0.499245
0.4992447
0.49924517
0.4992453
0.49924487
0.4992451
0.49924487
0.4992453
0.49924475
0.49924517
0.49924463
0.4992438
0.499245
0.49924505
0.49924487
0.4992448
0.49924457
0.49924475
0.4992451
0.49924546
0.499245
0.4992451
0.49924558
0.499245
0.499245
0.49924475
0.4992451
0.49924517
0.4992451
0.49924523
0.49924535
0.49924493
0.49924493
0.4992444
0.4992453
0.499245
0.4992451
0.49924463
0.49924517
0.49924475
0.49924523
0.499245
0.49924523
0.49924505
0.49924475
0.49924475
0.499245
0.4992453
0.4992451
0.4992447
0.49924392
0.49924523
0.4992453
0.49924517
0.49924475
0.49924523
0.49924487
0.4992451
0.49924427
0.49924517
0.4992453
0.49924517
0.49924523
0.49924487
0.499245
0.49924535
0.49924487
0.49924535
0.49924517
0.4992451
0.49924535
0.49924505
0.4992454
0.499245
0.49924445
0.499245
0.49924523
0.499245
0.49924535
0.49924487
0.49924487
0.4992432
0.49924523
0.4992451
0.4992451
0.49924487
0.49924487
0.49924523
0.49924475
0.4992451
0.49924523
0.4992448
0.49924487
0.49924558
0.49924487
0.49924487
0.4992451
0.49924546
0.4992451
0.49924535
0.4992453
0.499245
0.4992445
0.49924487
0.499245
0.499245
0.49924546
0.499245
0.49924475
0.49924517
0.499245
0.49924535
0.499245
0.49924505
0.499245
0.499245
0.4992451
0.49924487
0.49924517
0.49924487
0.49924475
0.49924546
0.4992451
0.4992444
0.4992451
0.4992451
0.49924493
0.49924487
0.49924463
0.499245
0.499245
0.4992451
0.4992451
0.4992444
0.499245
0.49924517
0.49924487
0.49924523
0.499245
0.4992448
0.49924535
0.499245
0.4992447
0.49924463
0.49924523
0.4992451
0.49924475
0.49924535
0.499245
0.4992453
0.49924523
0.4992453
0.4992451
0.49924517
0.49924487
0.49924487
0.49924576
0.499245
0.49924487
0.4992451
0.4992447
0.499245
0.49924493
0.49924523
0.49924487
0.49924523
0.4992451
0.499245
0.49924475
0.49924475
0.4992445
0.49924487
0.49924523
0.4992453
0.49924517
0.49924535
0.49924463
0.4992451
0.49924487
0.49924475
0.4992451
0.49924505
0.4992444
0.49924445
0.499245
0.4992454
0.49924523
0.499245
0.499245
0.49924535
0.49924493
0.49924523
0.49924475
0.499245
0.4992448
0.4992447
0.49924505
0.4992451
0.4992451
0.4992451
0.499245
0.49924487
0.49924505
0.49924517
0.49924487
0.4992451
0.49924517
0.49924535
0.4992451
0.49924487
0.4992451
0.49924475
0.499245
0.4992451
0.499245
0.49924505
0.49924463
0.49924505
0.4992451
0.49924493
0.499245
0.499245
0.4992453
0.4992451
0.4992451
0.49924523
0.4992451
0.499245
0.49924535
0.499245
0.4992457
0.4992451
0.4992451
0.499245
0.499245
0.49924475
0.49924487
0.4992451
0.4992448
0.49924535
0.49924475
0.49924427
0.49924487
0.49924505
0.499245
0.4992442
0.499245
0.49924505
0.49924505
0.4992451
0.499245
0.4992451
0.49924535
0.4992451
0.49924487
0.499245
0.499245
0.4992453
0.49924523
0.49924523
0.4992451
0.49924505
0.49924368
0.49924487
0.49924475
0.49924487
0.49924487
0.49924493
0.49924505
0.4992451
0.49924475
0.4992451
0.49924487
0.499245
0.4992451
0.49924487
0.49924493
0.499245
0.4992451
0.4992447
0.49924523
0.49924487
0.4992451
0.499245
0.499245
0.49924523
0.4992454
0.49924487
0.49924487
0.49924505
0.499245
0.49924493
0.49924463
0.49924475
0.49924523
0.4992448
0.49924463
0.4992451
0.4992451
0.499245
0.49924517
0.49924487
0.49924487
0.49924546
0.49924475
0.49924564
0.49924487
0.49924487
0.49924487
0.4992451
0.49924523
0.4992453
0.49924582
0.499245
0.49924493
0.4992451
0.4992451
0.49924535
0.49924523
0.4992453
0.49924403
0.49924523
0.49924505
0.4992447
0.49924487
0.49924523
0.49924475
0.49924487
0.49924535
0.49924517
0.4992451
0.49924493
0.499245
0.49924517
0.4992447
0.4992451
0.49924523
0.4992451
0.499245
0.49924523
0.499245
0.49924487
0.49924487
0.499245
0.49924523
0.4992453
0.49924523
0.499245
0.49924523
0.4992447
0.4992445
0.499245
0.4992451
0.49924493
0.49924523
0.49924505
0.4992448
0.49924523
0.49924546
0.4992451
0.49924517
0.49924487
0.4992445
0.49924487
0.49924475
0.4992451
0.49924535
0.4992454
0.49924487
0.49924523
0.4992448
0.499245
0.49924475
0.49924505
0.49924493
0.4992451
0.49924487
0.49924558
0.49924505
0.49924463
0.4992451
0.49924493
0.49924535
0.499245
0.49924523
0.49924523
0.4992447
0.49924535
0.4992451
0.499245
0.499245
0.499245
0.49924523
0.4992451
0.49924558
0.4992451
0.49924475
0.49924523
0.49924403
0.49924535
0.49924517
0.49924505
0.4992451
0.4992451
0.4992445
0.4992447
0.4992451
0.49924523
0.49924523
0.49924558
0.4992451
0.49924475
0.49924487
0.49924487
0.49924433
0.4992451
0.499245
0.499245
0.49924523
0.49924487
0.4992454
0.4992445
0.499245
0.49924523
0.49924517
0.49924523
0.4992448
0.49924535
0.4992451
0.4992451
0.49924523
0.49924523
0.49924517
0.49924505
0.49924493
0.499245
0.499245
0.499245
0.49924463
0.499245
0.4992453
0.49924523
0.4992451
0.49924493
0.49924457
0.49924505
0.499245
0.49924463
0.49924517
0.4992451
0.49924463
0.4992451
0.49924392
0.49924517
0.499245
0.49924523
0.499245
0.4992451
0.4992454
0.499245
0.4992445
0.49924517
0.49924535
0.49924505
0.49924517
0.4992451
0.499245
0.49924463
0.49924475
0.4992451
0.49924535
0.49924487
0.49924487
0.49924475
0.49924523
0.49924463
0.49924475
0.49924523
0.49924397
0.49924535
0.49924493
0.49924523
0.4992451
0.4992453
0.49924523
0.499245
0.49924475
0.49924535
0.49924487
0.49924487
0.49924487
0.499245
0.49924523
0.4992451
0.49924523
0.499245
0.4992451
0.49924487
0.499245
0.49924535
0.49924487
0.4992451
0.49924535
0.499245
0.49924493
0.4992451
0.49924493
0.499245
0.49924523
0.49924463
0.4992453
0.4992451
0.49924475
0.4992448
0.49924523
0.4992451
0.4992451
0.4992451
0.499245
0.49924535
0.49924487
0.4992451
0.49924606
0.49924487
0.4992451
0.49924505
0.499245
0.49924433
0.49924475
0.49924523
0.49924523
0.499245
0.4992445
0.49924505
0.49924493
0.49924523
0.499245
0.49924523
0.49924517
0.49924487
0.49924487
0.4992451
0.4992451
0.49924487
0.49924487
0.49924505
0.499245
0.49924493
0.49924493
0.49924517
0.49924558
0.4992451
0.4992445
0.4992451
0.49924523
0.49924487
0.4992453
0.49924332
0.49924523
0.4992445
0.49924487
0.4992451
0.49924535
0.4992453
0.499245
0.4992451
0.49924487
0.49924523
0.4992453
0.49924475
0.49924523
0.499245
0.49924487
0.4992451
0.49924523
0.49924487
0.4992448
0.4992451
0.49924558
0.49924523
0.4992451
0.49924475
0.49924535
0.49924487
0.49924445
0.4992448
0.49924487
0.49924487
0.4992448
0.49924475
0.49924487
0.4992451
0.4992453
0.49924463
0.4992454
0.4992451
0.49924505
0.4992444
0.49924475
0.49924523
0.49924493
0.499245
0.4992451
0.49924493
0.49924493
0.49924523
0.4992448
0.49924475
0.49924475
0.49924546
0.4992451
0.4992451
0.49924493
0.49924386
0.499245
0.49924493
0.499245
0.49924517
0.49924487
0.49924487
0.4992451
0.49924535
0.49924487
0.49924523
0.4992451
0.49924535
0.4992448
0.49924457
0.49924493
0.49924493
0.49924475
0.4992451
0.49924523
0.49924546
0.49924517
0.49924523
0.4992451
0.4992451
0.49924475
0.49924505
0.499245
0.49924535
0.49924487
0.49924487
0.4992451
0.49924535
0.49924546
0.4992451
0.49924535
0.4992453
0.4992451
0.49924523
0.49924487
0.4992451
0.49924487
0.49924493
0.4992451
0.499245
0.499245
0.49924493
0.49924517
0.49924493
0.4992448
0.49924505
0.49924487
0.49924523
0.4992451
0.49924558
0.49924523
0.4992453
0.49924475
0.4992451
0.4992451
0.4992453
0.4992444
0.4992451
0.49924505
0.4992451
0.499245
0.499245
0.4992453
0.49924582
0.49924517
0.49924517
0.49924523
0.4992451
0.499245
0.499245
0.4992451
0.49924523
0.49924523
0.499245
0.499245
0.4992451
0.4992447
0.49924523
0.499245
0.49924517
0.49924493
0.4992451
0.4992457
0.4992451
0.499245
0.49924523
0.49924487
0.49924523
0.4992453
0.49924535
0.49924475
0.49924523
0.4992451
0.49924487
0.4992448
0.499245
0.49924487
0.4992448
0.49924535
0.4992448
0.49924517
0.4992445
0.49924535
0.49924487
0.49924523
0.49924487
0.49924505
0.49924493
0.499245
0.49924463
0.49924487
0.49924523
0.49924505
0.49924523
0.499245
0.49924487
0.49924558
0.4992451
0.49924457
0.4992453
0.4992451
0.49924487
0.4992448
0.49924463
0.49924487
0.49924523
0.49924427
0.49924523
0.49924463
0.499245
0.49924475
0.49924523
0.49924475
0.4992453
0.49924463
0.49924523
0.499245
0.49924517
0.49924523
0.4992448
0.49924505
0.4992444
0.49924523
0.49924463
0.4992451
0.49924517
0.49924463
0.49924523
0.4992451
0.4992451
0.49924475
0.49924493
0.49924475
0.49924505
0.49924523
0.49924517
0.49924487
0.49924535
0.4992451
0.49924505
0.4992451
0.49924523
0.49924517
0.49924523
0.49924463
0.499245
0.49924535
0.49924505
0.49924523
0.4992451
0.49924493
0.4992448
0.49924505
0.49924517
0.499245
0.4992457
0.49924517
0.49924517
0.4992453
0.49924475
0.49924523
0.49924487
0.49924487
0.4992447
0.49924505
0.49924523
0.49924475
0.4992451
0.4992451
0.499245
0.49924523
0.4992451
0.499245
0.499245
0.49924487
0.499245
0.49924463
0.49924475
0.49924475
0.499245
0.4992454
0.4992451
0.499245
0.4992448
0.499245
0.499245
0.49924493
0.49924445
0.4992451
0.49924475
0.49924523
0.49924487
0.49924535
0.49924487
0.4992448
0.499245
0.49924517
0.4992453
0.4992453
0.49924487
0.4992451
0.49924523
0.4992448
0.49924523
0.499245
0.4992445
0.4992451
0.499245
0.49924517
0.4992454
0.49924523
0.499245
0.49924517
0.49924493
0.49924523
0.49924523
0.49924457
0.49924475
0.49924552
0.499245
0.49924523
0.49924487
0.4992451
0.499245
0.49924475
0.49924582
0.49924487
0.4992451
0.49924493
0.49924487
0.49924463
0.4992451
0.49924463
0.49924505
0.49924463
0.49924517
0.49924505
0.49924463
0.499245
0.49924487
0.4992444
0.499245
0.49924487
0.49924475
0.49924487
0.49924523
0.499245
0.49924523
0.49924487
0.49924487
0.49924487
0.49924463
0.499245
0.49924475
0.49924517
0.4992451
0.49924505
0.49924475
0.49924517
0.49924517
0.49924523
0.4992453
0.49924523
0.49924326
0.499245
0.49924535
0.4992453
0.49924487
0.49924552
0.49924493
0.49924487
0.49924505
0.49924463
0.4992453
0.49924475
0.49924457
0.49924523
0.499245
0.49924517
0.49924475
0.4992453
0.49924457
0.49924517
0.4992445
0.49924523
0.49924505
0.49924505
0.49924487
0.49924517
0.499245
0.49924493
0.49924487
0.49924523
0.49924487
0.49924505
0.49924523
0.4992448
0.49924523
0.4992448
0.4992453
0.499245
0.499245
0.49924535
0.4992451
0.499245
0.49924487
0.4992453
0.49924523
0.4992445
0.49924487
0.499245
0.49924535
0.49924523
0.49924535
0.499245
0.499245
0.49924475
0.49924493
0.49924517
0.4992453
0.4992453
0.4992448
0.49924475
0.49924475
0.49924523
0.4992453
0.4992451
0.499245
0.49924475
0.49924546
0.49924523
0.49924463
0.4992447
0.49924475
0.49924487
0.49924523
0.4992451
0.49924523
0.499245
0.4992453
0.4992451
0.49924523
0.49924546
0.49924475
0.49924523
0.49924523
0.49924505
0.4992445
0.49924523
0.499245
0.4992451
0.4992451
0.4992442
0.4992451
0.4992448
0.49924535
0.4992454
0.4992451
0.49924493
0.49924505
0.4992451
0.49924463
0.499245
0.49924475
0.49924505
0.49924487
0.49924517
0.49924487
0.49924475
0.49924535
0.49924523
0.49924463
0.49924463
0.49924475
0.499245
0.49924523
0.49924457
0.49924487
0.49924475
0.499245
0.499245
0.49924397
0.49924606
0.4992451
0.499245
0.49924523
0.49924427
0.49924558
0.4992451
0.49924487
0.49924517
0.49924505
0.49924415
0.4992451
0.49924523
0.49924475
0.49924523
0.49924523
0.49924517
0.499245
0.49924517
0.49924463
0.499245
0.49924535
0.49924535
0.499245
0.49924517
0.4992451
0.49924517
0.49924505
0.4992444
0.49924475
0.49924487
0.4992451
0.499245
0.499245
0.49924558
0.49924487
0.4992454
0.4992447
0.49924535
0.49924487
0.49924487
0.49924475
0.49924475
0.49924505
0.49924523
0.49924487
0.49924493
0.49924487
0.49924594
0.4992451
0.4992451
0.49924505
0.49924523
0.4992453
0.499245
0.49924523
0.499245
0.49924487
0.49924523
0.49924493
0.49924523
0.49924487
0.49924403
0.49924523
0.49924606
0.49924523
0.49924523
0.4992447
0.4992451
0.49924517
0.49924523
0.49924505
0.4992451
0.4992451
0.49924523
0.4992445
0.4992451
0.49924475
0.4992451
0.49924475
0.49924535
0.49924523
0.499245
0.49924493
0.49924457
0.49924523
0.4992451
0.4992451
0.499245
0.49924427
0.49924228
0.4992453
0.49924392
0.49924463
0.499245
0.4992448
0.4992445
0.49924487
0.4992451
0.49924517
0.49924505
0.4992448
0.4992451
0.49924487
0.499245
0.49924505
0.4992451
0.49924535
0.4992447
0.49924523
0.49924505
0.49924493
0.49924523
0.49924523
0.49924475
0.49924517
0.49924552
0.49924487
0.499245
0.49924517
0.49924487
0.49924463
0.499245
0.49924493
0.4992451
0.4992463
0.4992451
0.499245
0.49924517
0.49924535
0.4992451
0.4992451
0.499245
0.4992445
0.499245
0.49924463
0.4992451
0.49924493
0.49924487
0.49924487
0.4992453
0.49924552
0.499245
0.499245
0.49924487
0.49924523
0.4992451
0.49924487
0.49924493
0.49924475
0.499245
0.4992451
0.49924535
0.49924523
0.4992451
0.4992448
0.4992451
0.4992451
0.49924523
0.49924517
0.499245
0.49924463
0.49924523
0.49924505
0.499245
0.49924517
0.499245
0.49924487
0.4992448
0.499245
0.49924535
0.4992444
0.4992448
0.499245
0.49924463
0.4992451
0.49924475
0.49924493
0.49924523
0.49924523
0.49924523
0.4992451
0.49924523
0.4992457
0.4992451
0.49924433
0.499245
0.49924582
0.4992451
0.49924523
0.49924463
0.49924523
0.499245
0.49924523
0.4992451
0.4992451
0.4992448
0.49924475
0.49924487
0.49924487
0.49924487
0.499245
0.49924523
0.4992451
0.49924505
0.499245
0.4992451
0.49924505
0.4992447
0.49924517
0.49924535
0.4992451
0.49924487
0.4992451
0.49924523
0.49924457
0.4992448
0.49924505
0.49924493
0.49924487
0.4992447
0.49924487
0.49924505
0.49924463
0.499245
0.49924475
0.49924487
0.49924475
0.499245
0.49924523
0.49924505
0.4992448
0.4992451
0.49924475
0.49924475
0.49924546
0.4992454
0.49924487
0.4992451
0.49924535
0.4992451
0.49924487
0.49924487
0.49924523
0.49924463
0.49924463
0.49924505
0.49924517
0.499245
0.4992451
0.499245
0.49924427
0.49924487
0.4992451
0.49924517
0.49924475
0.499245
0.499245
0.4992444
0.49924493
0.49924523
0.49924558
0.49924475
0.49924517
0.49924457
0.49924463
0.49924523
0.499245
0.4992451
0.49924487
0.4992451
0.49924535
0.49924523
0.49924535
0.49924475
0.49924493
0.49924463
0.4992451
0.4992451
0.49924463
0.49924487
0.49924558
0.4992451
0.4992454
0.49924493
0.4992451
0.49924475
0.4992444
0.4992448
0.4992451
0.49924523
0.4992451
0.4992451
0.49924523
0.4992445
0.49924517
0.49924475
0.49924523
0.49924505
0.49924523
0.499245
0.49924517
0.49924535
0.4992448
0.499245
0.49924523
0.4992445
0.49924463
0.49924523
0.49924487
0.4992451
0.49924475
0.49924523
0.49924463
0.4992445
0.49924493
0.49924505
0.49924493
0.49924487
0.49924505
0.49924463
0.49924505
0.4992448
0.499245
0.499245
0.4992451
0.49924505
0.4992451
0.49924523
0.49924392
0.4992451
0.49924505
0.49924523
0.49924487
0.49924487
0.4992451
0.49924463
0.49924523
0.49924523
0.4992453
0.49924535
0.49924546
0.4992451
0.49924523
0.49924487
0.49924487
0.49924368
0.499245
0.4992451
0.49924493
0.499245
0.49924493
0.4992451
0.49924463
0.49924487
0.4992451
0.4992451
0.49924487
0.49924487
0.49924475
0.4992451
0.49924535
0.49924505
0.49924487
0.49924523
0.4992453
0.49924493
0.4992444
0.4992451
0.4992451
0.49924523
0.49924487
0.49924463
0.499245
0.499245
0.4992451
0.49924523
0.4992451
0.499245
0.49924505
0.49924523
0.49924517
0.49924457
0.49924487
0.499245
0.49924493
0.4992451
0.49924535
0.49924523
0.4992453
0.49924487
0.49924523
0.4992445
0.49924535
0.49924546
0.4992447
0.4992451
0.499245
0.499245
0.4992451
0.4992451
0.49924523
0.4992448
0.49924487
0.49924475
0.4992453
0.49924523
0.49924576
0.49924535
0.499245
0.49924487
0.49924487
0.49924487
0.4992451
0.4992451
0.49924487
0.49924475
0.4992451
0.49924487
0.4992448
0.4992453
0.4992451
0.4992451
0.49924493
0.49924505
0.49924523
0.4992453
0.49924475
0.49924505
0.4992451
0.49924523
0.499245
0.49924487
0.49924505
0.49924493
0.4992451
0.4992451
0.49924523
0.4992447
0.49924523
0.49924523
0.49924475
0.49924487
0.499245
0.499245
0.49924523
0.49924523
0.49924523
0.49924546
0.49924493
0.49924427
0.49924487
0.499245
0.49924487
0.4992451
0.49924493
0.49924493
0.4992448
0.4992453
0.499245
0.49924493
0.49924523
0.4992454
0.499245
0.49924535
0.499245
0.499245
0.49924523
0.49924487
0.49924523
0.49924523
0.49924487
0.49924493
0.49924523
0.499245
0.49924523
0.49924523
0.499245
0.49924487
0.49924523
0.4992451
0.49924505
0.49924475
0.49924523
0.4992453
0.49924505
0.49924523
0.49924517
0.499245
0.4992444
0.4992447
0.49924523
0.49924523
0.499245
0.49924475
0.4992447
0.49924487
0.4992451
0.49924505
0.49924505
0.49924535
0.49924463
0.499245
0.49924475
0.49924475
0.499245
0.49924487
0.49924475
0.49924475
0.49924517
0.49924487
0.49924487
0.49924487
0.49924487
0.49924493
0.4992451
0.49924475
0.49924523
0.4992451
0.49924487
0.4992445
0.49924523
0.499245
0.49924546
0.49924535
0.499245
0.49924475
0.4992451
0.499245
0.499245
0.49924487
0.49924493
0.49924475
0.499245
0.49924517
0.4992451
0.499245
0.499245
0.4992453
0.499245
0.4992451
0.49924523
0.49924523
0.4992451
0.49924523
0.499245
0.49924523
0.499245
0.49924523
0.49924475
0.4992451
0.49924523
0.49924487
0.49924487
0.4992451
0.4992457
0.49924546
0.49924535
0.49924487
0.49924505
0.49924487
0.499245
0.4992444
0.49924523
0.49924493
0.49924487
0.49924505
0.49924523
0.49924523
0.49924493
0.49924523
0.49924576
0.49924487
0.4992451
0.499245
0.49924505
0.49924523
0.49924517
0.49924517
0.49924487
0.4992447
0.49924493
0.499245
0.49924475
0.49924535
0.49924523
0.49924517
0.4992424
0.4992457
0.49924487
0.49924517
0.49924493
0.499245
0.49924523
0.49924487
0.49924517
0.49924546
0.4992445
0.4992444
0.499245
0.49924523
0.4992451
0.4992453
0.4992451
0.4992445
0.4992451
0.49924493
0.49924332
0.49924475
0.49924517
0.49924487
0.49924505
0.49924457
0.49924505
0.499245
0.49924523
0.49924505
0.499245
0.49924487
0.499245
0.49924463
0.499245
0.4992447
0.499245
0.4992453
0.49924523
0.499245
0.49924487
0.49924475
0.4992451
0.49924535
0.49924517
0.49924517
0.499245
0.49924523
0.499245
0.49924475
0.499245
0.49924517
0.49924523
0.499245
0.49924493
0.49924535
0.49924523
0.49924493
0.49924475
0.49924487
0.499245
0.4992451
0.499245
0.49924457
0.4992438
0.49924493
0.49924475
0.49924523
0.4992451
0.4992451
0.49924487
0.49924463
0.4992453
0.49924517
0.49924523
0.4992451
0.49924475
0.4992451
0.49924505
0.49924475
0.49924493
0.49924505
0.499245
0.499245
0.4992444
0.49924523
0.49924523
0.49924475
0.49924517
0.49924523
0.4992444
0.49924475
0.4992451
0.49924517
0.49924535
0.4992451
0.49924487
0.49924487
0.4992451
0.499245
0.49924517
0.49924493
0.4992454
0.499245
0.49924475
0.49924487
0.4992451
0.49924523
0.49924517
0.49924535
0.4992453
0.49924523
0.4992451
0.49924523
0.49924487
0.49924493
0.499245
0.499245
0.4992451
0.4992451
0.49924487
0.49924535
0.499245
0.49924558
0.4992453
0.499245
0.49924487
0.49924523
0.49924487
0.49924546
0.49924487
0.49924517
0.4992453
0.49924463
0.499245
0.49924523
0.4992451
0.4992451
0.49924487
0.499245
0.4992444
0.499245
0.49924517
0.49924475
0.49924523
0.49924463
0.4992453
0.49924523
0.499245
0.49924535
0.49924523
0.49924487
0.4992451
0.49924517
0.4992451
0.49924493
0.49924487
0.4992451
0.49924463
0.49924427
0.49924523
0.49924475
0.499245
0.49924487
0.49924546
0.499245
0.49924487
0.49924523
0.4992451
0.4992451
0.49924523
0.4992451
0.4992457
0.49924487
0.499245
0.49924523
0.49924493
0.49924564
0.49924487
0.49924475
0.49924487
0.4992445
0.4992451
0.4992444
0.4992451
0.4992451
0.499245
0.49924487
0.49924475
0.499245
0.499245
0.4992451
0.49924535
0.49924487
0.4992451
0.49924558
0.4992453
0.499245
0.49924463
0.49924523
0.49924487
0.4992451
0.49924517
0.49924517
0.499245
0.49924487
0.499245
0.49924487
0.4992454
0.499245
0.49924457
0.4992451
0.49924505
0.49924535
0.4992451
0.4992451
0.49924487
0.49924535
0.49924445
0.4992451
0.49924493
0.49924517
0.49924517
0.49924546
0.49924546
0.4992448
0.499245
0.49924475
0.49924487
0.4992451
0.4992447
0.499245
0.4992453
0.49924505
0.49924487
0.4992448
0.4992448
0.49924493
0.4992457
0.4992445
0.49924475
0.4992448
0.49924546
0.49924523
0.4992447
0.49924523
0.49924523
0.49924505
0.4992453
0.4992451
0.49924487
0.4992447
0.4992451
0.49924386
0.49924523
0.49924523
0.49924493
0.499245
0.4992444
0.49924523
0.49924487
0.49924523
0.4992453
0.49924535
0.49924517
0.49924523
0.49924475
0.4992451
0.49924487
0.49924517
0.49924523
0.49924475
0.4992444
0.49924487
0.49924475
0.49924433
0.4992451
0.4992454
0.49924487
0.49924523
0.49924475
0.49924493
0.49924523
0.499245
0.4992451
0.49924546
0.49924523
0.4992451
0.4992451
0.49924517
0.49924487
0.499245
0.49924487
0.4992451
0.499245
0.49924463
0.49924487
0.499245
0.49924493
0.499245
0.49924493
0.49924523
0.49924493
0.49924487
0.49924523
0.499245
0.49924475
0.499245
0.49924487
0.49924487
0.499245
0.49924475
0.499245
0.49924487
0.499245
0.49924505
0.49924558
0.49924487
0.4992451
0.49924523
0.49924517
0.49924517
0.49924487
0.4992451
0.4992448
0.49924535
0.49924487
0.49924523
0.499245
0.49924392
0.4992451
0.4992448
0.499245
0.49924475
0.49924505
0.4992451
0.4992451
0.49924558
0.49924493
0.4992451
0.4992451
0.49924523
0.49924523
0.4992448
0.49924475
0.49924463
0.49924523
0.49924505
0.4992448
0.4992451
0.49924487
0.49924487
0.4992451
0.49924523
0.49924517
0.49924493
0.49924523
0.49924523
0.49924517
0.4992425
0.49924505
0.499245
0.49924523
0.49924427
0.4992448
0.49924523
0.4992457
0.499245
0.49924535
0.49924523
0.4992447
0.4992451
0.4992451
0.49924523
0.49924392
0.4992451
0.49924475
0.49924487
0.49924493
0.4992451
0.49924475
0.49924457
0.49924487
0.49924475
0.4992451
0.4992451
0.4992451
0.4992445
0.49924535
0.49924505
0.4992448
0.49924546
0.49924505
0.49924546
0.49924463
0.4992451
0.49924493
0.4992451
0.4992448
0.49924475
0.49924493
0.49924523
0.49924487
0.49924505
0.49924487
0.4992451
0.49924487
0.49924582
0.4992451
0.49924517
0.49924505
0.49924487
0.499245
0.49924457
0.4992453
0.4992448
0.49924487
0.4992445
0.49924523
0.4992453
0.4992448
0.49924493
0.49924463
0.49924487
0.49924517
0.49924463
0.49924403
0.49924463
0.49924523
0.4992451
0.4992445
0.49924493
0.49924475
0.49924475
0.499245
0.4992451
0.49924535
0.4992447
0.49924523
0.49924487
0.49924475
0.49924463
0.4992451
0.49924487
0.4992448
0.49924505
0.49924517
0.4992448
0.4992451
0.499245
0.49924535
0.49924505
0.49924487
0.4992451
0.49924487
0.49924487
0.499245
0.49924523
0.49924523
0.49924475
0.49924523
0.4992448
0.49924535
0.49924493
0.4992453
0.499245
0.4992447
0.4992451
0.49924523
0.49924493
0.49924558
0.49924535
0.4992451
0.4992451
0.49924535
0.4992447
0.49924523
0.49924523
0.49924517
0.4992447
0.4992451
0.49924523
0.49924487
0.4992451
0.49924505
0.4992445
0.49924523
0.49924487
0.4992451
0.49924463
0.49924493
0.49924487
0.4992444
0.49924546
0.4992454
0.4992448
0.49924535
0.49924523
0.49924517
0.49924487
0.499245
0.49924517
0.499245
0.49924535
0.4992451
0.49924487
0.4992451
0.499245
0.49924523
0.49924487
0.49924523
0.4992451
0.499245
0.4992451
0.49924523
0.49924475
0.49924487
0.49924457
0.499245
0.4992451
0.4992451
0.4992453
0.4992451
0.49924517
0.499245
0.4992453
0.4992451
0.49924546
0.4992454
0.49924493
0.499245
0.499245
0.49924535
0.49924475
0.49924558
0.49924487
0.49924546
0.499245
0.4992448
0.49924523
0.49924523
0.49924505
0.4992451
0.49924457
0.4992444
0.49924475
0.49924463
0.49924523
0.49924517
0.499245
0.49924517
0.4992445
0.4992448
0.49924487
0.499245
0.499245
0.49924517
0.4992451
0.49924487
0.4992451
0.499245
0.49924535
0.4992451
0.4992451
0.49924493
0.49924475
0.49924523
0.49924523
0.4992448
0.4992451
0.4992451
0.4992445
0.49924487
0.4992451
0.49924523
0.49924493
0.499245
0.49924505
0.49924475
0.49924487
0.49924523
0.49924475
0.49924535
0.49924487
0.4992451
0.4992451
0.49924546
0.499245
0.49924457
0.49924487
0.499245
0.4992448
0.4992451
0.49924523
0.49924487
0.49924475
0.499245
0.4992451
0.4992453
0.499245
0.49924517
0.499245
0.499245
0.49924475
0.49924487
0.49924463
0.49924523
0.49924457
0.4992451
0.4992451
0.49924546
0.49924523
0.499245
0.49924487
0.49924487
0.49924487
0.49924517
0.49924487
0.49924463
0.4992454
0.499245
0.4992451
0.49924475
0.49924517
0.49924523
0.4992451
0.49924523
0.49924523
0.49924493
0.49924523
0.4992451
0.49924487
0.49924505
0.49924487
0.49924487
0.499245
0.49924487
0.4992448
0.49924487
0.4992451
0.49924535
0.4992451
0.4992453
0.49924505
0.499245
0.49924535
0.49924475
0.49924517
0.499245
0.49924517
0.499245
0.4992448
0.49924487
0.4992451
0.49924487
0.49924505
0.499245
0.49924475
0.49924517
0.49924535
0.499245
0.49924523
0.49924505
0.4992444
0.49924535
0.49924487
0.49924546
0.499245
0.49924445
0.49924535
0.49924025
0.49924523
0.4992451
0.499245
0.49924523
0.4992451
0.49924493
0.49924457
0.4992445
0.49924505
0.4992451
0.4992451
0.49924523
0.49924475
0.49924505
0.49924487
0.49924487
0.4992447
0.49924535
0.4992453
0.49924487
0.49924546
0.49924505
0.49924546
0.49924332
0.49924558
0.49924487
0.499245
0.4992448
0.49924493
0.49924487
0.49924523
0.4992457
0.49924487
0.4992451
0.49924523
0.49924523
0.4992451
0.499245
0.499245
0.49924505
0.4992451
0.4992451
0.49924517
0.49924487
0.499245
0.49924535
0.49924535
0.49924487
0.49924487
0.4992451
0.49924228
0.49924475
0.499245
0.49924493
0.4992451
0.4992454
0.49924523
0.49924505
0.49924523
0.49924546
0.49924523
0.4992451
0.49924487
0.49924517
0.4992451
0.49924487
0.49924517
0.4992451
0.49924523
0.4992453
0.49924463
0.49924523
0.49924493
0.4992451
0.499245
0.4992453
0.499245
0.4992451
0.49924505
0.499245
0.499245
0.49924517
0.4992432
0.499245
0.4992451
0.499245
0.49924523
0.4992454
0.4992451
0.49924487
0.49924523
0.49924433
0.49924475
0.4992451
0.4992445
0.49924523
0.49924487
0.4992453
0.4992448
0.49924487
0.4992451
0.49924487
0.49924475
0.49924523
0.49924487
0.4992451
0.49924523
0.49924523
0.4992453
0.4992453
0.49924558
0.4992448
0.499245
0.49924487
0.499245
0.4992453
0.49924505
0.4992447
0.4992451
0.49924463
0.49924535
0.499245
0.49924493
0.4992448
0.49924463
0.49924523
0.4992451
0.49924493
0.49924475
0.4992444
0.4992447
0.4992448
0.49924475
0.49924523
0.4992453
0.49924475
0.49924463
0.49924546
0.499245
0.49924487
0.49924505
0.49924523
0.499245
0.49924517
0.49924523
0.49924463
0.49924517
0.49924517
0.49924493
0.4992445
0.4992451
0.499245
0.49924517
0.49924523
0.4992453
0.499245
0.49924487
0.49924535
0.49924487
0.4992445
0.4992448
0.49924487
0.4992451
0.49924475
0.49924493
0.49924505
0.4992451
0.499245
0.49924475
0.4992451
0.4992448
0.49924403
0.49924535
0.49924546
0.49924523
0.49924535
0.49924487
0.49924505
0.49924487
0.49924493
0.499245
0.499245
0.4992451
0.499245
0.49924523
0.49924487
0.4992453
0.499245
0.499245
0.499245
0.49924576
0.49924517
0.4992445
0.49924487
0.49924475
0.49924594
0.4992451
0.49924517
0.4992451
0.49924487
0.49924517
0.49924523
0.49924523
0.49924505
0.49924487
0.49924505
0.4992451
0.49924523
0.49924523
0.49924463
0.49924535
0.49924505
0.4992451
0.4992445
0.49924517
0.49924517
0.4992445
0.49924487
0.49924517
0.49924523
0.49924457
0.499245
0.49924523
0.499245
0.49924445
0.4992451
0.49924487
0.499245
0.49924487
0.49924487
0.49924523
0.4992451
0.4992451
0.49924523
0.4992453
0.49924433
0.49924523
0.4992451
0.49924505
0.4992454
0.49924505
0.49924505
0.4992451
0.49924475
0.499245
0.49924427
0.49924487
0.49924517
0.49924493
0.4992451
0.4992451
0.49924493
0.49924523
0.49924505
0.499245
0.49924535
0.49924588
0.4992445
0.4992451
0.49924523
0.4992451
0.49924523
0.4992451
0.49924427
0.499245
0.499245
0.49924487
0.49924463
0.4992451
0.49924487
0.499245
0.49924463
0.49924505
0.4992454
0.4992451
0.49924475
0.499245
0.49924475
0.49924517
0.49924245
0.499245
0.49924493
0.4992451
0.4992451
0.49924487
0.49924463
0.49924517
0.49924535
0.4992463
0.49924517
0.4992453
0.4992451
0.49924505
0.499245
0.49924487
0.4992448
0.49924493
0.49924564
0.49924523
0.4992451
0.4992454
0.49924475
0.4992451
0.49924535
0.499245
0.499245
0.499245
0.49924475
0.4992448
0.49924523
0.4992445
0.49924475
0.499245
0.49924463
0.499245
0.49924475
0.49924535
0.49924517
0.49924523
0.49924415
0.49924523
0.49924475
0.49924523
0.49924523
0.4992453
0.4992451
0.49924535
0.49924523
0.49924558
0.49924487
0.4992454
0.4992448
0.4992454
0.49924505
0.499245
0.49924463
0.49924427
0.49924487
0.4992451
0.4992451
0.49924487
0.4992451
0.49924463
0.49924487
0.499245
0.499245
0.49924535
0.499245
0.49924487
0.499245
0.49924517
0.4992451
0.4992451
0.49924552
0.49924475
0.49924523
0.4992451
0.4992448
0.4992451
0.4992451
0.49924505
0.49924505
0.499245
0.49924517
0.499245
0.4992447
0.49924487
0.49924546
0.49924475
0.4992451
0.49924523
0.49924475
0.4992451
0.4992447
0.49924487
0.49924475
0.49924505
0.49924517
0.4992453
0.4992451
0.4992444
0.49924374
0.49924517
0.4992451
0.4992453
0.49924487
0.49924517
0.49924517
0.49924558
0.49924392
0.49924493
0.49924457
0.4992451
0.49924487
0.4992451
0.499245
0.49924475
0.499245
0.4992451
0.49924505
0.49924505
0.499245
0.4992448
0.499245
0.4992453
0.49924523
0.4992445
0.49924487
0.49924523
0.4992451
0.49924475
0.4992448
0.49924523
0.4992451
0.4992451
0.49924493
0.49924535
0.49924517
0.499245
0.49924535
0.4992453
0.49924505
0.4992448
0.49924487
0.49924517
0.4992451
0.499245
0.499245
0.499245
0.49924505
0.4992448
0.49924523
0.4992453
0.49924493
0.49924505
0.4992447
0.49924475
0.4992451
0.4992451
0.499245
0.49924523
0.49924535
0.4992453
0.49924505
0.4992451
0.49924505
0.49924487
0.49924475
0.49924517
0.4992453
0.49924475
0.49924487
0.49924517
0.49924517
0.49924475
0.49924523
0.499245
0.49924523
0.49924517
0.49924475
0.4992451
0.49924523
0.4992448
0.49924487
0.49924487
0.49924487
0.499245
0.499245
0.49924535
0.49924546
0.4992451
0.49924433
0.49924487
0.499245
0.49924564
0.49924517
0.49924523
0.4992451
0.4992451
0.49924523
0.49924505
0.49924487
0.4992448
0.49924523
0.4992453
0.49924517
0.49924517
0.49924523
0.4992451
0.49924475
0.4992451
0.4992451
0.49924487
0.4992451
0.49924523
0.4992451
0.49924368
0.49924487
0.49924487
0.49924523
0.49924517
0.499245
0.49924517
0.4992454
0.49924487
0.49924475
0.49924523
0.4992448
0.499245
0.4992451
0.49924523
0.49924505
0.4992445
0.4992453
0.4992451
0.499245
0.49924535
0.499245
0.49924487
0.4992451
0.499245
0.49924475
0.4992448
0.499245
0.49924505
0.499245
0.49924475
0.4992451
0.49924523
0.4992451
0.49924523
0.49924523
0.49924493
0.49924487
0.49924475
0.4992444
0.49924523
0.49924415
0.4992451
0.49924427
0.49924523
0.499245
0.49924523
0.4992438
0.49924535
0.49924487
0.49924493
0.49924523
0.49924505
0.4992453
0.4992451
0.499245
0.499245
0.499245
0.49924535
0.4992448
0.49924535
0.49924475
0.4992453
0.49924517
0.4992451
0.49924505
0.49924517
0.49924517
0.4992451
0.4992451
0.49924505
0.4992448
0.49924487
0.4992451
0.49924505
0.4992447
0.49924535
0.499245
0.49924505
0.4992451
0.49924517
0.49924487
0.4992451
0.49924487
0.49924523
0.49924523
0.499245
0.49924517
0.499245
0.499245
0.499245
0.49924546
0.49924493
0.49924558
0.4992451
0.49924517
0.4992451
0.4992451
0.49924487
0.49924463
0.49924487
0.49924558
0.49924475
0.49924487
0.499245
0.4992448
0.49924523
0.49924523
0.4992451
0.4992451
0.4992451
0.49924523
0.49924487
0.49924487
0.4992451
0.4992451
0.4992448
0.49924487
0.49924523
0.49924475
0.499245
0.49924505
0.499245
0.4992451
0.4992451
0.49924487
0.49924588
0.499245
0.49924535
0.49924523
0.49924535
0.49924523
0.4992451
0.4992451
0.49924535
0.4992451
0.499245
0.49924487
0.4992451
0.4992451
0.49924487
0.4992447
0.49924475
0.49924546
0.49924487
0.499245
0.49924535
0.49924523
0.49924487
0.49924535
0.499245
0.49924523
0.49924493
0.49924517
0.4992451
0.49924487
0.4992451
0.4992451
0.4992453
0.4992451
0.499245
0.49924487
0.49924535
0.49924535
0.49924523
0.49924523
0.49924487
0.49924445
0.49924523
0.4992445
0.4992451
0.4992451
0.499245
0.49924493
0.4992447
0.499245
0.49924493
0.49924523
0.4992451
0.49924487
0.49924523
0.4992453
0.4992451
0.4992453
0.4992451
0.49924523
0.49924475
0.49924523
0.49924523
0.49924523
0.499245
0.4992447
0.49924475
0.49924487
0.4992447
0.49924475
0.49924523
0.49924523
0.49924445
0.49924427
0.49924546
0.49924487
0.4992451
0.49924517
0.49924517
0.49924523
0.4992451
0.499245
0.4992451
0.49924475
0.49924487
0.49924487
0.49924505
0.499245
0.49924463
0.4992451
0.49924475
0.4992444
0.49924475
0.49924493
0.49924517
0.4992453
0.49924487
0.4992451
0.49924487
0.499245
0.49924523
0.499245
0.49924523
0.4992451
0.49924475
0.499245
0.49924546
0.49924475
0.49924523
0.49924493
0.499245
0.4992445
0.499245
0.4992451
0.4992447
0.49924517
0.49924535
0.4992451
0.4992451
0.49924523
0.4992451
0.49924535
0.49924487
0.4992448
0.49924523
0.49924487
0.4992451
0.4992445
0.49924517
0.4992445
0.49924523
0.4992444
0.4992451
0.4992451
0.49924535
0.49924505
0.49924535
0.49924475
0.499245
0.499245
0.49924558
0.49924493
0.49924487
0.49924487
0.499245
0.4992445
0.49924487
0.49924523
0.49924523
0.49924505
0.4992444
0.499245
0.49924523
0.49924487
0.499245
0.49924517
0.49924505
0.49924505
0.49924576
0.49924487
0.49924523
0.4992451
0.4992451
0.49924475
0.499245
0.49924523
0.499245
0.49924517
0.49924505
0.49924523
0.4992453
0.49924493
0.49924523
0.49924487
0.499245
0.4992451
0.4992451
0.49924535
0.49924463
0.49924475
0.4992448
0.49924487
0.4992451
0.49924493
0.49924457
0.49924523
0.4992453
0.4992451
0.4992451
0.49924493
0.49924487
0.49924523
0.4992453
0.49924505
0.4992453
0.4992454
0.49924546
0.49924475
0.49924475
0.49924523
0.4992451
0.49924487
0.49924493
0.49924493
0.4992448
0.49924558
0.4992451
0.49924505
0.4992451
0.49924487
0.4992453
0.49924487
0.499245
0.49924523
0.499245
0.4992451
0.4992448
0.49924517
0.49924487
0.49924505
0.49924487
0.49924487
0.49924523
0.4992451
0.49924505
0.4992451
0.4992451
0.49924463
0.499245
0.4992445
0.49924463
0.49924493
0.49924487
0.49924523
0.49924523
0.499245
0.49924463
0.49924517
0.49924487
0.499245
0.4992451
0.49924505
0.4992453
0.49924475
0.499245
0.4992451
0.4992451
0.499245
0.49924487
0.49924517
0.49924487
0.499245
0.49924487
0.499245
0.49924487
0.49924487
0.499245
0.499245
0.4992445
0.49924523
0.499245
0.49924457
0.4992451
0.4992451
0.49924475
0.499245
0.4992448
0.499245
0.49924517
0.4992451
0.49924517
0.49924493
0.49924445
0.4992451
0.49924505
0.49924523
0.49924523
0.49924487
0.49924594
0.49924487
0.4992451
0.49924487
0.4992451
0.4992451
0.49924475
0.49924517
0.49924457
0.49924493
0.4992453
0.4992451
0.49924505
0.499245
0.4992451
0.49924505
0.499245
0.4992451
0.4992451
0.49924535
0.49924505
0.49924475
0.4992451
0.49924505
0.4992451
0.49924475
0.49924487
0.49924505
0.49924475
0.499245
0.49924475
0.4992448
0.49924523
0.49924487
0.49924517
0.49924523
0.4992451
0.499245
0.4992447
0.49924475
0.49924487
0.49924487
0.499245
0.49924523
0.4992451
0.49924535
0.49924517
0.49924487
0.4992445
0.49924523
0.49924487
0.499245
0.499245
0.49924523
0.49924523
0.4992445
0.49924523
0.4992444
0.49924535
0.49924475
0.4992444
0.49924487
0.49924487
0.49924403
0.4992447
0.499245
0.499245
0.49924523
0.49924523
0.49924523
0.49924475
0.49924457
0.49924517
0.49924523
0.49924523
0.49924493
0.49924487
0.49924487
0.49924475
0.499245
0.49924487
0.49924523
0.49924493
0.4992451
0.49924487
0.49924517
0.499245
0.49924523
0.49924505
0.4992451
0.49924475
0.49924523
0.49924535
0.49924505
0.49924523
0.4992445
0.49924487
0.499245
0.4992451
0.4992447
0.49924535
0.49924505
0.49924493
0.49924487
0.4992451
0.4992451
0.49924487
0.49924463
0.4992445
0.4992451
0.4992451
0.49924546
0.49924523
0.49924523
0.49924475
0.4992451
0.4992442
0.49924487
0.499245
0.49924487
0.49924403
0.499245
0.4992451
0.49924487
0.49924493
0.499245
0.49924463
0.4992448
0.49924487
0.49924487
0.49924487
0.49924487
0.4992451
0.49924487
0.499245
0.49924505
0.49924558
0.4992451
0.499245
0.4992451
0.49924415
0.499245
0.49924517
0.49924523
0.499245
0.499245
0.499245
0.49924487
0.49924487
0.49924535
0.49924517
0.49924487
0.499245
0.49924523
0.4992451
0.49924475
0.49924433
0.4992451
0.4992451
0.4992448
0.499245
0.4992451
0.49924487
0.4992451
0.49924433
0.49924463
0.49924475
0.49924487
0.49924552
0.4992451
0.4992451
0.4992451
0.4992451
0.49924523
0.49924523
0.4992444
0.49924463
0.499245
0.49924487
0.49924475
0.49924427
0.4992451
0.49924523
0.49924517
0.499245
0.49924546
0.4992451
0.49924535
0.49924463
0.49924535
0.499245
0.49924475
0.4992451
0.4992451
0.4992451
0.49924517
0.49924517
0.49924487
0.49924535
0.4992448
0.49924475
0.49924505
0.49924493
0.4992453
0.4992453
0.49924523
0.49924523
0.49924523
0.4992444
0.49924475
0.49924523
0.4992445
0.49924487
0.49924558
0.49924523
0.4992453
0.4992448
0.4992445
0.49924505
0.49924505
0.49924487
0.49924523
0.49924535
0.49924523
0.49924487
0.4992451
0.49924558
0.49924475
0.49924505
0.49924463
0.49924523
0.499245
0.49924517
0.49924505
0.499245
0.49924487
0.49924523
0.4992451
0.4992444
0.4992451
0.499245
0.49924523
0.4992451
0.49924487
0.49924487
0.499245
0.4992457
0.4992445
0.49924523
0.49924475
0.49924535
0.4992451
0.49924535
0.49924517
0.4992451
0.4992451
0.49924523
0.49924523
0.4992432
0.49924505
0.4992448
0.49924523
0.4992451
0.4992451
0.499245
0.49924523
0.49924493
0.4992451
0.4992444
0.4992451
0.49924523
0.49924523
0.49924523
0.4992451
0.49924493
0.49924588
0.4992451
0.4992451
0.4992447
0.499245
0.499245
0.49924517
0.4992453
0.49924535
0.49924546
0.4992451
0.499245
0.4992453
0.4992453
0.4992451
0.499245
0.49924487
0.49924523
0.49924523
0.49924535
0.499245
0.49924493
0.49924517
0.4992451
0.499245
0.49924475
0.49924487
0.49924487
0.4992451
0.49924535
0.4992453
0.49924475
0.4992451
0.49924517
0.49924487
0.49924463
0.49924487
0.4992448
0.49924535
0.4992451
0.49924517
0.49924505
0.4992451
0.499245
0.4992451
0.4992451
0.499245
0.49924517
0.49924535
0.49924505
0.499245
0.49924523
0.49924487
0.49924535
0.49924487
0.499245
0.49924535
0.4992451
0.49924523
0.49924505
0.49924493
0.4992451
0.49924493
0.499245
0.4992451
0.4992451
0.49924457
0.49924487
0.49924463
0.49924475
0.49924505
0.49924523
0.499245
0.49924535
0.4992451
0.49924487
0.49924535
0.4992451
0.49924475
0.49924487
0.49924523
0.49924475
0.4992448
0.49924487
0.49924487
0.4992447
0.4992447
0.49924475
0.49924463
0.49924493
0.49924493
0.4992451
0.49924523
0.49924403
0.49924546
0.4992451
0.4992451
0.49924523
0.49924493
0.499245
0.49924463
0.4992457
0.4992451
0.499245
0.49924505
0.49924493
0.499245
0.4992451
0.49924427
0.49924535
0.499245
0.4992453
0.49924535
0.49924475
0.49924487
0.49924523
0.4992445
0.49924487
0.49924523
0.4992448
0.49924523
0.4992445
0.49924523
0.4992448
0.49924523
0.499245
0.49924487
0.49924487
0.49924463
0.49924463
0.49924487
0.49924487
0.49924523
0.49924523
0.49924523
0.49924493
0.4992444
0.49924517
0.49924505
0.49924505
0.49924487
0.49924487
0.49924517
0.49924517
0.4992451
0.49924493
0.49924487
0.499245
0.49924517
0.499245
0.49924505
0.49924392
0.49924487
0.49924523
0.49924535
0.499245
0.49924475
0.49924475
0.49924523
0.49924427
0.4992451
0.4992451
0.49924493
0.49924505
0.4992448
0.4992451
0.4992453
0.4992438
0.499245
0.49924487
0.499245
0.4992451
0.4992451
0.499245
0.499245
0.4992447
0.49924487
0.4992447
0.499245
0.49924517
0.49924487
0.499245
0.4992445
0.4992444
0.49924523
0.49924487
0.49924523
0.4992453
0.4992451
0.49924475
0.499245
0.49924487
0.49924523
0.499245
0.499245
0.4992451
0.49924523
0.49924487
0.4992447
0.4992454
0.499245
0.49924523
0.4992445
0.49924523
0.499245
0.4992451
0.4992454
0.49924493
0.499245
0.4992451
0.499245
0.4992451
0.4992451
0.49924523
0.4992454
0.499245
0.49924517
0.4992453
0.49924505
0.4992447
0.49924523
0.49924487
0.49924546
0.4992451
0.49924558
0.4992451
0.4992451
0.49924523
0.49924535
0.4992451
0.49924475
0.49924487
0.49924523
0.499245
0.499245
0.4992451
0.49924517
0.4992451
0.4992451
0.49924463
0.49924517
0.49924487
0.49924523
0.4992451
0.49924463
0.49924535
0.49924487
0.499245
0.49924505
0.49924523
0.49924463
0.49924487
0.499245
0.4992451
0.49924493
0.49924463
0.49924517
0.49924487
0.49924523
0.4992451
0.499245
0.49924487
0.49924535
0.49924493
0.49924493
0.49924487
0.499245
0.49924487
0.4992451
0.49924487
0.49924517
0.49924535
0.499245
0.49924463
0.499245
0.49924475
0.4992454
0.49924487
0.49924487
0.49924475
0.4992451
0.4992444
0.49924487
0.49924523
0.49924535
0.49924475
0.4992451
0.49924487
0.4992451
0.49924487
0.4992451
0.4992445
0.49924523
0.49924487
0.49924487
0.4992444
0.49924517
0.49924475
0.49924487
0.49924523
0.49924517
0.4992451
0.4992454
0.49924523
0.4992451
0.4992451
0.4992444
0.49924475
0.49924487
0.4992451
0.49924487
0.49924487
0.49924523
0.4992451
0.49924487
0.49924546
0.4992451
0.49924475
0.49924487
0.49924523
0.4992448
0.4992451
0.499245
0.49924523
0.4992451
0.49924505
0.49924487
0.49924594
0.4992451
0.49924523
0.49924535
0.4992451
0.499245
0.49924558
0.49924493
0.49924487
0.49924505
0.49924523
0.49924523
0.49924523
0.499245
0.49924505
0.49924463
0.499245
0.49924475
0.49924487
0.4992451
0.4992453
0.4992448
0.499245
0.49924493
0.4992432
0.49924517
0.49924487
0.499245
0.499245
0.499245
0.499245
0.49924487
0.4992448
0.49924487
0.4992451
0.499245
0.49924535
0.4992451
0.4992445
0.49924487
0.49924386
0.49924487
0.4992454
0.49924487
0.49924487
0.49924523
0.49924523
0.4992451
0.49924475
0.49924487
0.4992445
0.49924487
0.4992451
0.4992451
0.49924475
0.49924487
0.49924463
0.49924517
0.49924517
0.499245
0.4992453
0.4992451
0.4992454
0.499245
0.49924505
0.49924487
0.49924523
0.49924475
0.4992445
0.49924517
0.499245
0.49924546
0.49924475
0.49924487
0.49924487
0.4992451
0.49924523
0.499245
0.49924535
0.49924487
0.49924523
0.49924523
0.4992448
0.49924517
0.499245
0.4992451
0.499245
0.49924487
0.49924535
0.4992448
0.49924517
0.4992451
0.49924487
0.4992451
0.4992451
0.49924523
0.49924487
0.49924475
0.49924505
0.499245
0.4992451
0.49924505
0.4992447
0.49924475
0.49924523
0.49924517
0.499245
0.4992444
0.49924505
0.4992451
0.49924523
0.499245
0.49924523
0.4992445
0.4992451
0.49924392
0.4992445
0.49924505
0.49924344
0.49924564
0.49924535
0.49924523
0.4992451
0.4992451
0.49924493
0.49924505
0.49924517
0.49924487
0.49924523
0.49924523
0.49924517
0.4992453
0.49924475
0.499245
0.499245
0.499245
0.4992447
0.4992453
0.4992448
0.49924523
0.49924493
0.49924558
0.4992451
0.49924457
0.49924505
0.49924523
0.49924493
0.499245
0.49924487
0.4992451
0.4992451
0.4992438
0.49924487
0.499245
0.49924517
0.49924546
0.4992445
0.4992451
0.49924487
0.49924493
0.499245
0.4992453
0.499245
0.49924493
0.499245
0.4992453
0.49924517
0.49924535
0.49924523
0.4992447
0.4992451
0.49924505
0.499245
0.49924564
0.499245
0.49924487
0.49924445
0.49924487
0.49924475
0.49924505
0.4992451
0.49924487
0.49924523
0.4992451
0.499245
0.499245
0.499245
0.4992447
0.49924523
0.49924535
0.4992451
0.4992451
0.49924487
0.499245
0.499245
0.4992451
0.49924475
0.49924493
0.499245
0.49924505
0.4992451
0.49924475
0.499245
0.49924463
0.4992451
0.49924457
0.49924505
0.499245
0.49924487
0.4992451
0.49924073
0.4992451
0.499245
0.49924517
0.49924523
0.49924517
0.49924505
0.49924523
0.4992451
0.49924558
0.49924517
0.4992451
0.499245
0.49924517
0.49924487
0.49924493
0.49924475
0.499245
0.4992451
0.49924463
0.499245
0.499245
0.499245
0.4992451
0.49924517
0.49924487
0.49924493
0.49924505
0.499245
0.499245
0.49924487
0.4992451
0.49924475
0.49924493
0.4992441
0.49924487
0.4992448
0.49924487
0.49924517
0.4992451
0.49924487
0.4992451
0.4992451
0.4992445
0.49924463
0.49924415
0.49924523
0.49924517
0.49924475
0.49924535
0.4992451
0.49924487
0.49924523
0.49924535
0.4992448
0.49924487
0.4992454
0.4992451
0.49924493
0.4992451
0.49924493
0.499245
0.49924415
0.49924487
0.49924523
0.49924493
0.49924517
0.4992448
0.49924546
0.4992448
0.499245
0.49924517
0.49924463
0.49924475
0.49924493
0.49924523
0.4992451
0.4992451
0.49924517
0.49924487
0.499245
0.49924535
0.49924493
0.4992447
0.49924505
0.49924523
0.49924523
0.49924475
0.4992451
0.49924433
0.49924475
0.49924505
0.49924535
0.49924493
0.499245
0.4992451
0.499245
0.499245
0.49924475
0.4992451
0.49924523
0.4992451
0.49924487
0.4992451
0.49924535
0.49924505
0.4992451
0.49924535
0.49924517
0.499245
0.49924475
0.49924523
0.4992453
0.49924493
0.49924475
0.49924517
0.4992453
0.49924487
0.49924493
0.4992451
0.49924535
0.49924475
0.4992457
0.4992447
0.49924535
0.4992453
0.49924493
0.4992451
0.49924505
0.4992445
0.49924487
0.49924546
0.49924475
0.49924487
0.4992454
0.49924475
0.499245
0.49924505
0.49924475
0.499245
0.49924523
0.499245
0.4992451
0.4992451
0.4992445
0.4992451
0.49924523
0.49924493
0.49924493
0.49924523
0.49924505
0.49924505
0.49924487
0.49924493
0.4992444
0.49924475
0.49924487
0.4992448
0.49924487
0.4992451
0.499245
0.499245
0.49924523
0.49924523
0.49924475
0.49924493
0.49924475
0.4992444
0.49924535
0.4992451
0.499245
0.4992451
0.49924487
0.49924523
0.4992451
0.49924463
0.49924487
0.4992453
0.4992448
0.49924505
0.49924487
0.49924505
0.499245
0.49924523
0.49924523
0.49924523
0.4992447
0.49924493
0.4992451
0.4992447
0.49924487
0.49924523
0.4992451
0.49924487
0.4992448
0.49924487
0.49924558
0.49924505
0.49924535
0.4992451
0.49924546
0.49924487
0.49924535
0.499245
0.49924475
0.49924523
0.499245
0.49924487
0.49924535
0.49924535
0.4992453
0.49924487
0.4992448
0.4992451
0.49924535
0.499245
0.49924535
0.499245
0.4992451
0.49924517
0.4992447
0.49924535
0.49924517
0.499245
0.49924523
0.49924523
0.4992453
0.49924457
0.499245
0.4992451
0.499245
0.4992457
0.4992438
0.49924523
0.4992445
0.49924487
0.4992451
0.499245
0.499245
0.49924475
0.49924523
0.4992451
0.49924487
0.4992451
0.49924475
0.49924517
0.49924552
0.499245
0.499245
0.49924523
0.4992447
0.499245
0.49924517
0.4992448
0.49924445
0.49924505
0.49924523
0.49924535
0.49924517
0.4992442
0.4992451
0.4992444
0.49924487
0.49924535
0.49924487
0.4992451
0.4992448
0.49924475
0.4992451
0.49924487
0.49924487
0.49924517
0.499245
0.49924493
0.4992444
0.49924523
0.4992454
0.49924487
0.4992451
0.49924475
0.49924487
0.4992451
0.4992451
0.49924487
0.49924505
0.4992451
0.49924475
0.49924523
0.49924523
0.49924517
0.49924505
0.4992453
0.49924487
0.499245
0.49924493
0.4992454
0.49924505
0.4992453
0.49924487
0.49924523
0.499245
0.49924517
0.4992448
0.49924487
0.49924523
0.499245
0.49924558
0.49924487
0.49924505
0.49924505
0.4992448
0.4992451
0.499245
0.49924535
0.499245
0.499245
0.49924487
0.49924523
0.49924535
0.49924487
0.49924523
0.49924523
0.4992448
0.49924523
0.49924475
0.49924505
0.49924487
0.49924523
0.499245
0.49924427
0.49924475
0.4992451
0.499245
0.49924535
0.499245
0.49924463
0.49924505
0.49924493
0.499245
0.4992451
0.49924487
0.49924487
0.49924475
0.4992451
0.49924523
0.4992451
0.499245
0.499245
0.4992451
0.49924487
0.49924493
0.4992447
0.49924505
0.4992451
0.49924535
0.49924487
0.4992451
0.499245
0.49924475
0.4992457
0.49924523
0.49924523
0.499245
0.49924475
0.499245
0.49924475
0.49924505
0.49924475
0.4992448
0.49924523
0.49924487
0.49924523
0.499245
0.49924517
0.49924493
0.49924475
0.49924487
0.49924523
0.49924487
0.49924487
0.499245
0.49924493
0.49924487
0.49924487
0.49924445
0.4992451
0.49924535
0.49924475
0.4992451
0.499245
0.4992451
0.49924505
0.49924475
0.49924505
0.4992451
0.49924493
0.49924535
0.49924535
0.49924487
0.49924505
0.49924505
0.49924475
0.49924523
0.499245
0.49924475
0.499245
0.49924505
0.49924475
0.49924475
0.49924505
0.49924463
0.49924403
0.4992453
0.49924487
0.49924523
0.4992453
0.499245
0.49924475
0.49924552
0.4992451
0.499245
0.4992451
0.49924493
0.49924487
0.499245
0.49924523
0.49924505
0.49924505
0.4992447
0.499245
0.4992451
0.49924463
0.499245
0.49924475
0.49924475
0.49924463
0.4992451
0.49924487
0.49924523
0.4992453
0.499245
0.49924493
0.499245
0.4992451
0.49924523
0.49924487
0.4992454
0.499245
0.49924463
0.4992451
0.4992451
0.4992451
0.49924493
0.49924487
0.4992451
0.4992457
0.49924427
0.49924523
0.4992451
0.4992448
0.49924505
0.4992451
0.49924517
0.4992448
0.49924505
0.4992448
0.49924535
0.49924487
0.4992453
0.4992451
0.4992454
0.49924505
0.4992451
0.499245
0.4992445
0.49924463
0.49924505
0.4992448
0.4992451
0.49924523
0.49924493
0.49924523
0.49924487
0.499245
0.49924475
0.49924535
0.4992453
0.4992457
0.4992451
0.4992442
0.49924523
0.49924517
0.49924523
0.4992441
0.49924523
0.49924535
0.49924535
0.49924535
0.4992448
0.49924546
0.49924505
0.49924493
0.49924535
0.49924493
0.49924523
0.49924523
0.4992453
0.49924487
0.49924535
0.4992448
0.4992447
0.49924392
0.4992451
0.49924523
0.4992451
0.49924475
0.499245
0.4992451
0.49924505
0.49924517
0.49924505
0.499245
0.499245
0.4992451
0.49924523
0.49924493
0.4992447
0.49924487
0.499245
0.499245
0.49924523
0.4992451
0.49924475
0.49924505
0.49924546
0.49924517
0.49924523
0.49924487
0.49924505
0.4992444
0.49924475
0.49924523
0.49924535
0.49924523
0.4992448
0.49924546
0.499245
0.49924487
0.49924493
0.4992451
0.49924493
0.499245
0.4992451
0.499245
0.49924487
0.4992451
0.4992451
0.49924493
0.49924517
0.49924493
0.49924487
0.49924535
0.49924487
0.49924493
0.49924493
0.49924493
0.4992451
0.49924475
0.49924546
0.49924487
0.49924505
0.4992447
0.49924523
0.499245
0.4992453
0.4992463
0.49924523
0.49924487
0.49924463
0.499245
0.49924487
0.499245
0.4992451
0.49924475
0.49924558
0.49924505
0.49924582
0.49924517
0.49924517
0.49924535
0.49924535
0.4992448
0.49924523
0.49924505
0.49924546
0.49924463
0.4992454
0.49924505
0.49924535
0.4992451
0.4992448
0.49924463
0.49924487
0.49924493
0.49924487
0.49924487
0.49924505
0.49924463
0.49924535
0.499245
0.49924487
0.4992451
0.4992451
0.499245
0.499245
0.49924523
0.4992438
0.4992453
0.49924523
0.499245
0.49924505
0.49924582
0.4992431
0.4992451
0.4992451
0.4992451
0.499245
0.49924487
0.49924535
0.49924463
0.499245
0.49924505
0.49924535
0.49924594
0.49924505
0.49924564
0.49924475
0.49924487
0.49924487
0.499245
0.499245
0.4992453
0.49924493
0.49924517
0.49924523
0.4992454
0.499245
0.49924523
0.49924505
0.49924475
0.4992451
0.49924463
0.49924475
0.4992451
0.4992453
0.49924487
0.49924582
0.4992451
0.4992451
0.49924487
0.49924523
0.49924487
0.49924618
0.49924475
0.49924487
0.4992451
0.4992447
0.4992451
0.49924445
0.49924523
0.4992451
0.4992451
0.49924487
0.49924582
0.49924523
0.4992451
0.49924523
0.4992451
0.49924487
0.4992451
0.49924493
0.499245
0.49924564
0.49924493
0.4992454
0.499245
0.4992444
0.49924523
0.49924445
0.49924487
0.499245
0.49924487
0.49924505
0.49924463
0.49924487
0.49924487
0.4992451
0.49924493
0.4992454
0.49924487
0.499245
0.4992451
0.49924475
0.49924505
0.49924475
0.49924523
0.49924487
0.49924475
0.49924263
0.4992453
0.49924475
0.499245
0.499245
0.49924535
0.499245
0.49924487
0.49924487
0.499245
0.49924487
0.49924475
0.49924517
0.4992451
0.49924475
0.4992451
0.4992451
0.49924487
0.499245
0.49924445
0.4992444
0.49924523
0.499245
0.4992451
0.49924463
0.4992451
0.4992448
0.499245
0.499245
0.499245
0.49924487
0.49924487
0.49924505
0.49924463
0.4992451
0.49924493
0.4992451
0.49924523
0.49924523
0.4992447
0.499245
0.4992451
0.49924493
0.49924493
0.49924445
0.4992451
0.49924463
0.4992451
0.49924523
0.49924493
0.49924487
0.4992451
0.49924487
0.49924403
0.49924457
0.49924487
0.499245
0.4992453
0.49924505
0.49924475
0.49924552
0.49924487
0.49924493
0.49924535
0.49924517
0.49924487
0.49924517
0.49924475
0.4992447
0.49924523
0.49924445
0.49924463
0.49924493
0.4992453
0.49924475
0.4992451
0.49924487
0.49924463
0.4992448
0.499245
0.49924475
0.499245
0.49924493
0.49924558
0.4992451
0.49924546
0.49924487
0.49924505
0.49924493
0.4992447
0.4992451
0.49924558
0.49924517
0.49924523
0.49924487
0.49924487
0.499245
0.4992451
0.49924493
0.499245
0.4992451
0.499245
0.499245
0.49924487
0.49924487
0.49924523
0.4992451
0.49924475
0.4992448
0.49924523
0.499245
0.49924523
0.49924475
0.49924475
0.499245
0.49924487
0.49924475
0.499245
0.49924517
0.4992451
0.49924517
0.4992448
0.4992451
0.49924505
0.49924475
0.4992451
0.49924505
0.49924523
0.49924523
0.49924487
0.4992451
0.49924493
0.49924475
0.49924457
0.4992445
0.4992451
0.49924523
0.4992451
0.49924487
0.49924493
0.49924535
0.49924523
0.49924475
0.49924523
0.4992454
0.4992447
0.4992451
0.4992451
0.49924505
0.49924475
0.4992451
0.4992451
0.49924463
0.49924475
0.4992451
0.49924487
0.4992451
0.49924523
0.49924505
0.49924487
0.49924475
0.49924487
0.4992451
0.49924463
0.49924523
0.49924523
0.49924505
0.49924493
0.49924487
0.49924487
0.4992451
0.499245
0.49924517
0.49924546
0.4992451
0.49924505
0.4992447
0.4992453
0.49924546
0.499245
0.499245
0.49924487
0.49924517
0.4992448
0.49924523
0.49924517
0.49924535
0.49924517
0.4992447
0.4992451
0.499245
0.49924457
0.499245
0.49924493
0.4992451
0.49924463
0.49924493
0.4992451
0.49924523
0.499245
0.4992425
0.49924487
0.4992448
0.49924332
0.499245
0.49924505
0.49924475
0.49924535
0.499245
0.49924523
0.49924457
0.49924523
0.49924535
0.49924475
0.499245
0.4992451
0.49924475
0.49924523
0.499245
0.49924523
0.49924517
0.49924505
0.4992445
0.49924535
0.4992453
0.49924505
0.4992451
0.4992451
0.49924517
0.49924523
0.49924535
0.49924487
0.49924475
0.49924475
0.49924487
0.4992451
0.499245
0.4992453
0.49924403
0.49924517
0.49924636
0.49924523
0.49924487
0.4992451
0.4992447
0.49924493
0.4992451
0.49924493
0.499245
0.49924487
0.4992451
0.49924475
0.49924487
0.49924487
0.49924505
0.4992453
0.49924475
0.4992453
0.4992454
0.4992448
0.4992447
0.499245
0.49924535
0.49924463
0.4992451
0.49924582
0.49924535
0.49924546
0.49924523
0.499245
0.4992453
0.49924427
0.49924475
0.49924523
0.4992453
0.49924487
0.49924427
0.4992453
0.49924517
0.49924523
0.49924523
0.49924535
0.49924487
0.49924493
0.49924523
0.49924493
0.49924174
0.49924374
0.49924535
0.49924558
0.49924535
0.4992451
0.4992451
0.49924463
0.4992451
0.4992451
0.49924523
0.499245
0.49924487
0.4992451
0.49924523
0.4992447
0.49924493
0.49924463
0.49924517
0.49924535
0.4992451
0.49924523
0.4992451
0.49924487
0.49924493
0.49924523
0.49924535
0.49924457
0.49924523
0.4992451
0.49924517
0.4992451
0.49924463
0.4992445
0.499245
0.49924517
0.49924535
0.49924523
0.49924487
0.49924475
0.49924523
0.49924523
0.4992454
0.49924523
0.49924475
0.499245
0.49924517
0.49924475
0.49924523
0.4992451
0.49924493
0.4992445
0.49924535
0.49924475
0.49924475
0.49924505
0.499245
0.49924523
0.49924523
0.49924523
0.49924475
0.4992444
0.49924487
0.49924505
0.49924523
0.49924517
0.499245
0.4992451
0.49924487
0.499245
0.49924487
0.49924546
0.49924535
0.49924463
0.49924535
0.499245
0.49924487
0.49924535
0.4992454
0.4992457
0.49924523
0.49924493
0.49924487
0.499245
0.4992451
0.49924618
0.499245
0.49924505
0.49924493
0.49924505
0.49924487
0.49924558
0.4992453
0.4992451
0.49924493
0.4992448
0.49924475
0.49924493
0.4992447
0.49924493
0.4992451
0.4992445
0.499245
0.49924493
0.499245
0.49924493
0.49924523
0.499245
0.49924487
0.49924505
0.4992448
0.49924487
0.49924493
0.49924487
0.4992451
0.499245
0.49924546
0.49924505
0.4992445
0.49924463
0.49924535
0.4992451
0.49924523
0.499245
0.499245
0.49924493
0.4992451
0.4992457
0.49924523
0.49924356
0.49924487
0.49924505
0.49924535
0.49924487
0.49924475
0.499245
0.4992457
0.49924463
0.4992451
0.49924487
0.49924535
0.499245
0.49924487
0.4992451
0.49924523
0.49924546
0.4992453
0.4992451
0.49924535
0.49924517
0.49924487
0.4992444
0.49924523
0.49924523
0.49924457
0.49924535
0.49924487
0.4992448
0.49924487
0.4992448
0.49924523
0.49924546
0.49924463
0.49924475
0.49924427
0.4992451
0.49924535
0.4992451
0.49924535
0.4992451
0.49924535
0.49924517
0.49924523
0.499245
0.49924523
0.49924487
0.49924505
0.4992448
0.499245
0.49924523
0.4992451
0.49924493
0.49924523
0.4992451
0.49924487
0.49924475
0.49924487
0.49924493
0.4992457
0.49924517
0.4992451
0.4992447
0.49924535
0.4992451
0.4992451
0.4992454
0.49924517
0.49924523
0.499245
0.4992451
0.499245
0.499245
0.499245
0.4992451
0.49924487
0.4992453
0.4992447
0.499245
0.499245
0.49924523
0.4992447
0.4992453
0.499245
0.49924475
0.49924487
0.4992451
0.49924487
0.4992451
0.4992445
0.49924487
0.49924523
0.49924523
0.49924487
0.4992451
0.499245
0.4992448
0.49924487
0.49924326
0.49924523
0.49924475
0.4992453
0.49924535
0.49924535
0.4992447
0.49924535
0.4992444
0.49924523
0.49924523
0.49924427
0.499245
0.49924535
0.49924475
0.49924487
0.49924487
0.49924487
0.4992451
0.499245
0.499245
0.49924517
0.49924487
0.49924487
0.49924427
0.49924463
0.49924523
0.49924517
0.4992451
0.4992451
0.499245
0.49924535
0.49924463
0.499245
0.49924463
0.4992451
0.4992445
0.49924487
0.4992451
0.499245
0.499245
0.49924493
0.49924523
0.49924523
0.499245
0.49924535
0.499245
0.49924523
0.4992451
0.49924558
0.49924558
0.49924552
0.49924588
0.499245
0.49924505
0.49924475
0.49924523
0.49924487
0.49924475
0.49924523
0.49924493
0.49924523
0.499243
0.49924523
0.49924475
0.4992451
0.49924523
0.499245
0.49924487
0.49924535
0.49924517
0.499245
0.49924487
0.49924487
0.4992448
0.49924487
0.49924523
0.49924582
0.49924475
0.499245
0.49924523
0.49924523
0.49924475
0.4992451
0.49924523
0.4992451
0.4992448
0.499245
0.49924475
0.4992451
0.49924493
0.49924523
0.4992445
0.49924546
0.499245
0.49924487
0.49924475
0.4992451
0.4992451
0.49924487
0.4992451
0.499245
0.49924487
0.4992451
0.49924523
0.49924475
0.49924523
0.499245
0.49924475
0.49924493
0.49924463
0.4992451
0.499245
0.49924523
0.499245
0.499245
0.4992445
0.4992451
0.499245
0.49924505
0.49924535
0.49924487
0.49924523
0.49924487
0.49924505
0.499245
0.49924523
0.49924445
0.49924517
0.4992457
0.499245
0.499245
0.49924523
0.4992451
0.49924523
0.49924445
0.49924535
0.4992448
0.49924493
0.49924493
0.49924517
0.4992447
0.49924535
0.49924523
0.4992448
0.49924535
0.49924535
0.49924403
0.499245
0.49924523
0.49924487
0.49924517
0.49924523
0.49924487
0.49924475
0.4992451
0.49924523
0.49924517
0.49924487
0.49924475
0.4992451
0.49924475
0.49924487
0.49924487
0.4992451
0.49924487
0.49924523
0.49924487
0.4992453
0.4992448
0.49924523
0.49924475
0.49924493
0.499245
0.49924493
0.499245
0.499245
0.4992451
0.4992448
0.49924487
0.49924535
0.49924487
0.49924505
0.499245
0.49924546
0.49924487
0.4992451
0.4992451
0.4992451
0.49924552
0.49924487
0.4992453
0.4992448
0.49924546
0.49924523
0.49924523
0.49924576
0.49924535
0.49924487
0.4992451
0.49924493
0.49924487
0.499245
0.49924535
0.49924487
0.49924523
0.49924517
0.4992448
0.4992451
0.49924535
0.4992451
0.4992454
0.49924475
0.4992453
0.49924487
0.499245
0.49924487
0.499245
0.49924535
0.49924487
0.49924475
0.49924368
0.499245
0.4992445
0.49924523
0.49924505
0.499245
0.4992451
0.49924463
0.49924493
0.4992451
0.49924517
0.49924493
0.49924517
0.499245
0.499245
0.49924487
0.49924493
0.499245
0.49924535
0.4992451
0.49924475
0.49924523
0.49924403
0.49924493
0.4992451
0.4992451
0.4992451
0.49924523
0.4992451
0.4992451
0.49924487
0.4992451
0.49924523
0.4992451
0.49924487
0.4992451
0.49924517
0.499245
0.49924487
0.4992448
0.49924505
0.49924487
0.4992453
0.49924487
0.49924517
0.49924487
0.499245
0.4992451
0.499245
0.499245
0.49924457
0.49924487
0.4992451
0.49924037
0.4992454
0.4992451
0.49924517
0.49924505
0.4992444
0.49924445
0.4992451
0.49924523
0.499245
0.49924523
0.4992448
0.49924546
0.49924493
0.4992451
0.499245
0.49924475
0.4992451
0.49924487
0.49924523
0.499245
0.49924475
0.4992451
0.4992451
0.49924487
0.4992451
0.49924535
0.49924475
0.49924493
0.49924487
0.499245
0.49924475
0.49924487
0.4992454
0.49924505
0.4992451
0.49924475
0.49924475
0.49924535
0.49924523
0.49924505
0.49924475
0.49924517
0.49924326
0.49924535
0.49924523
0.49924517
0.49924535
0.49924523
0.49924523
0.49924546
0.499245
0.4992451
0.49924487
0.4992451
0.4992448
0.49924505
0.49924505
0.49924475
0.499245
0.4992451
0.49924493
0.49924505
0.499245
0.49924523
0.4992451
0.49924457
0.4992451
0.49924523
0.49924517
0.49924487
0.4992451
0.4992451
0.499245
0.49924505
0.4992453
0.49924505
0.4992451
0.4992451
0.4992451
0.49924523
0.4992451
0.499245
0.4992447
0.49924475
0.49924493
0.4992451
0.49924505
0.49924475
0.4992447
0.4992451
0.49924433
0.499245
0.49924535
0.4992451
0.49924487
0.49924475
0.49924523
0.4992447
0.49924505
0.4992454
0.49924493
0.49924523
0.49924517
0.49924523
0.499245
0.49924475
0.49924517
0.49924445
0.49924564
0.4992454
0.49924535
0.499245
0.49924523
0.4992453
0.4992447
0.49924517
0.499245
0.49924505
0.499245
0.49924487
0.4992451
0.49924487
0.4992451
0.49924517
0.49924392
0.49924517
0.49924487
0.49924523
0.4992451
0.499245
0.49924517
0.4992448
0.49924487
0.49924493
0.49924505
0.4992451
0.49924487
0.49924517
0.49924535
0.49924493
0.4992451
0.49924475
0.4992445
0.49924523
0.4992451
0.49924475
0.499245
0.49924475
0.49924487
0.49924463
0.49924463
0.499245
0.49924558
0.49924463
0.4992451
0.499245
0.49924475
0.49924517
0.4992451
0.4992451
0.49924517
0.4992444
0.49924517
0.49924505
0.49924487
0.49924487
0.499245
0.4992451
0.49924487
0.49924493
0.4992451
0.499245
0.49924535
0.499245
0.4992451
0.499245
0.4992451
0.49924558
0.49924475
0.4992451
0.4992445
0.499245
0.49924487
0.49924523
0.49924475
0.4992451
0.49924487
0.49924523
0.4992448
0.4992451
0.4992448
0.499245
0.49924493
0.49924487
0.49924487
0.49924546
0.4992448
0.4992457
0.4992453
0.499245
0.49924517
0.49924487
0.49924523
0.499245
0.49924546
0.49924535
0.4992445
0.4992451
0.49924487
0.49924475
0.49924487
0.49924517
0.4992451
0.4992453
0.4992451
0.49924493
0.49924463
0.49924487
0.4992451
0.49924523
0.49924475
0.49924523
0.49924517
0.499245
0.49924463
0.49924493
0.49924457
0.49924523
0.4992448
0.49924493
0.4992451
0.49924505
0.49924535
0.4992453
0.49924523
0.49924427
0.49924517
0.49924487
0.4992445
0.4992451
0.4992444
0.49924475
0.49924523
0.49924552
0.49924523
0.4992451
0.49924487
0.49924493
0.4992448
0.49924505
0.49924827
0.499245
0.49924475
0.49924535
0.499245
0.49924505
0.4992448
0.49924487
0.49924493
0.49924535
0.49924487
0.49924487
0.499245
0.49924487
0.4992451
0.49924517
0.49924493
0.49924505
0.49924463
0.49924517
0.4992448
0.49924475
0.499245
0.4992451
0.4992447
0.49924505
0.499245
0.4992454
0.49924475
0.49924493
0.49924523
0.499245
0.49924487
0.499245
0.4992451
0.49924493
0.49924523
0.49924493
0.49924546
0.4992454
0.49924517
0.49924493
0.49924523
0.499245
0.49924523
0.4992453
0.49924475
0.49924517
0.499245
0.49924523
0.499245
0.499245
0.4992451
0.49924576
0.49924475
0.49924487
0.49924487
0.49924505
0.49924415
0.49924493
0.49924523
0.49924487
0.49924535
0.4992451
0.4992445
0.49924493
0.49924415
0.49924523
0.49924505
0.49924487
0.49924505
0.49924523
0.4992451
0.49924523
0.49924487
0.49924505
0.4992448
0.49924523
0.49924475
0.499245
0.499245
0.49924535
0.499245
0.499245
0.49924487
0.49924523
0.4992451
0.49924523
0.49924463
0.49924487
0.4992445
0.499245
0.49924505
0.49924475
0.4992447
0.49924505
0.49924523
0.499245
0.49924475
0.49924487
0.49924487
0.49924475
0.4992451
0.49924475
0.49924535
0.49924523
0.499245
0.49924493
0.4992445
0.49924487
0.49924523
0.49924415
0.49924523
0.4992453
0.49924523
0.49924493
0.4992448
0.49924493
0.499245
0.49924487
0.49924505
0.49924487
0.499245
0.4992445
0.49924523
0.49924463
0.49924433
0.4992444
0.49924487
0.49924463
0.499245
0.4992448
0.49924487
0.49924523
0.49924487
0.49924517
0.49924487
0.4992444
0.4992451
0.49924523
0.49924493
0.49924523
0.499245
0.49924517
0.49924517
0.499245
0.4992451
0.499245
0.49924487
0.49924493
0.499245
0.49924523
0.4992451
0.49924517
0.49924523
0.4992451
0.49924523
0.49924475
0.4992448
0.49924523
0.49924505
0.49924505
0.49924523
0.49924523
0.49924487
0.49924457
0.49924487
0.49924505
0.499245
0.49924487
0.49924475
0.49924523
0.49924517
0.49924535
0.49924475
0.49924493
0.49924487
0.4992451
0.49924505
0.49924517
0.49924487
0.4992451
0.49924552
0.4992444
0.49924475
0.49924558
0.49924523
0.49924523
0.4992451
0.4992445
0.49924487
0.49924487
0.49924546
0.49924487
0.4992448
0.49924487
0.49924523
0.4992451
0.49924505
0.4992451
0.4992448
0.49924487
0.49924487
0.499245
0.499245
0.49924505
0.49924493
0.49924487
0.49924475
0.49924523
0.4992451
0.4992451
0.49924523
0.49924487
0.49924517
0.4992451
0.499245
0.49924523
0.4992447
0.49924558
0.49924487
0.49924487
0.49924505
0.499245
0.49924523
0.49924517
0.49924487
0.4992445
0.49924517
0.49924475
0.499245
0.499245
0.499245
0.49924505
0.49924487
0.4992454
0.4992453
0.49924493
0.499245
0.499245
0.49924475
0.49924505
0.49924487
0.49924523
0.499245
0.4992451
0.499245
0.49924475
0.49924475
0.49924523
0.4992453
0.49924487
0.49924505
0.49924546
0.4992451
0.49924523
0.49924475
0.4992451
0.49924487
0.4992451
0.49924517
0.49924487
0.4992448
0.49924487
0.49924487
0.49924535
0.499245
0.49924517
0.4992451
0.49924463
0.499245
0.499245
0.49924487
0.49924487
0.49924523
0.49924475
0.4992451
0.49924523
0.49924487
0.49924535
0.499245
0.49924523
0.49924493
0.4992447
0.49924475
0.4992445
0.4992453
0.4992438
0.49924427
0.4992451
0.4992451
0.49924463
0.4992451
0.499245
0.49924487
0.49924487
0.49924523
0.49924487
0.499245
0.49924523
0.499245
0.4992451
0.49924487
0.4992451
0.499245
0.499245
0.4992444
0.49924487
0.49924535
0.49924523
0.4992448
0.49924523
0.499245
0.499245
0.49924523
0.49924523
0.49924505
0.49924493
0.49924493
0.49924487
0.49924487
0.49924523
0.499245
0.4992451
0.49924475
0.4992451
0.4992445
0.49924493
0.49924487
0.4992448
0.4992451
0.4992451
0.4992448
0.49924493
0.4992448
0.499245
0.49924487
0.4992451
0.49924523
0.49924523
0.49924433
0.499245
0.49924475
0.499245
0.4992451
0.49924523
0.4992445
0.4992451
0.49924517
0.49924487
0.4992451
0.499245
0.49924505
0.49924475
0.49924493
0.49924493
0.49924487
0.49924517
0.49924535
0.49924487
0.499245
0.49924487
0.49924517
0.49924493
0.499245
0.4992451
0.49924487
0.49924546
0.499245
0.49924505
0.49924517
0.49924523
0.49924433
0.49924487
0.49924487
0.4992453
0.49924558
0.49924493
0.49924487
0.499245
0.49924517
0.49924445
0.49924457
0.4992448
0.49924535
0.49924552
0.4992451
0.49924558
0.49924475
0.4992451
0.499245
0.49924535
0.4992453
0.499245
0.49924493
0.49924505
0.49924475
0.49924576
0.4992451
0.49924475
0.49924546
0.49924487
0.4992448
0.49924523
0.499245
0.4992451
0.499245
0.4992451
0.49924523
0.4992451
0.49924517
0.499245
0.49924523
0.499245
0.49924475
0.49924546
0.49924457
0.499245
0.49924475
0.49924487
0.49924487
0.49924535
0.49924487
0.49924493
0.49924546
0.49924552
0.499245
0.49924463
0.49924523
0.4992451
0.4992451
0.499245
0.499245
0.49924475
0.4992451
0.49924487
0.499245
0.49924487
0.4992448
0.49924535
0.49924475
0.49924493
0.49924523
0.499245
0.49924523
0.499245
0.49924535
0.49924517
0.499245
0.4992451
0.49924475
0.49924487
0.4992445
0.49924535
0.4992451
0.4992451
0.4992448
0.49924487
0.49924517
0.49924523
0.49924523
0.499245
0.49924517
0.49924475
0.4992451
0.4992451
0.4992451
0.4992451
0.49924487
0.49924487
0.49924523
0.49924505
0.49924487
0.4992451
0.49924546
0.49924535
0.49924487
0.499245
0.49924505
0.49924487
0.49924475
0.4992451
0.49924654
0.4992451
0.49924505
0.499245
0.499245
0.49924523
0.4992447
0.4992451
0.49924463
0.499245
0.4992448
0.49924487
0.49924523
0.499245
0.49924487
0.4992453
0.499245
0.499245
0.49924487
0.49924517
0.4992451
0.49924505
0.49924523
0.4992451
0.4992451
0.49924475
0.49924493
0.49924493
0.49924523
0.49924523
0.4992451
0.4992453
0.49924493
0.49924487
0.4992451
0.49924558
0.49924487
0.49924558
0.49924487
0.49924505
0.49924487
0.49924487
0.4992451
0.499245
0.49924517
0.49924517
0.49924475
0.49924487
0.49924505
0.49924523
0.49924487
0.49924463
0.49924475
0.4992451
0.4992448
0.49924505
0.499245
0.4992451
0.49924523
0.49924523
0.49924487
0.4992451
0.4992451
0.499245
0.49924487
0.499245
0.49924517
0.49924523
0.4992451
0.49924535
0.49924475
0.49924445
0.4992451
0.4992451
0.499245
0.4992445
0.49924463
0.499245
0.49924463
0.499245
0.49924546
0.49924457
0.49924523
0.49924475
0.49924463
0.49924487
0.49924523
0.4992451
0.4992451
0.49924487
0.49924523
0.49924517
0.49924523
0.49924517
0.49924523
0.49924475
0.49924487
0.499245
0.49924517
0.49924487
0.49924493
0.49924374
0.49924505
0.49924487
0.49924523
0.4992451
0.49924505
0.49924475
0.49924487
0.49924535
0.49924487
0.499245
0.4992451
0.4992451
0.4992451
0.49924523
0.49924475
0.49924517
0.499245
0.49924517
0.4992451
0.4992451
0.4992451
0.49924487
0.49924535
0.49924546
0.499245
0.49924475
0.49924403
0.49924505
0.49924523
0.49924475
0.49924487
0.4992451
0.49924546
0.4992453
0.4992451
0.499245
0.4992451
0.49924487
0.49924523
0.499245
0.49924523
0.4992453
0.49924523
0.4992451
0.49924487
0.4992451
0.49924535
0.49924582
0.4992451
0.49924475
0.49924535
0.49924517
0.49924517
0.499245
0.49924487
0.4992451
0.499245
0.4992451
0.4992451
0.49924523
0.49924523
0.49924523
0.49924463
0.49924517
0.499245
0.49924505
0.49924505
0.49924523
0.49924475
0.499245
0.49924487
0.499245
0.4992451
0.49924546
0.49924523
0.4992447
0.49924463
0.49924505
0.49924463
0.49924487
0.49924463
0.49924493
0.49924493
0.499245
0.49924487
0.49924523
0.4992451
0.4992447
0.4992453
0.49924505
0.49924505
0.49924523
0.499245
0.49924523
0.49924523
0.499245
0.4992454
0.49924517
0.49924487
0.4992451
0.49924493
0.49924487
0.499245
0.49924523
0.4992448
0.4992451
0.499245
0.4992451
0.49924487
0.49924535
0.4992451
0.49924493
0.49924552
0.49924505
0.49924517
0.49924535
0.49924505
0.49924505
0.49924505
0.499245
0.499245
0.49924505
0.49924535
0.49924245
0.49924487
0.4992451
0.4992445
0.49924523
0.4992451
0.49924523
0.4992451
0.49924487
0.49924523
0.49924475
0.499245
0.4992451
0.4992448
0.49924517
0.49924475
0.49924523
0.499245
0.49924546
0.49924463
0.49924487
0.49924523
0.49924523
0.49924487
0.49924487
0.49924523
0.49924523
0.4992451
0.49924487
0.499245
0.49924475
0.499245
0.4992444
0.49924463
0.4992451
0.4992451
0.4992451
0.49924523
0.49924523
0.499245
0.49924505
0.49924487
0.4992448
0.4992451
0.499245
0.49924523
0.4992451
0.4992451
0.49924463
0.4992451
0.4992444
0.49924517
0.49924517
0.4992451
0.4992451
0.49924487
0.49924523
0.49924505
0.49924535
0.499245
0.49924523
0.4992453
0.4992451
0.49924487
0.49924523
0.49924546
0.49924505
0.49924457
0.49924505
0.49924487
0.4992453
0.49924523
0.49924523
0.499245
0.4992451
0.49924535
0.4992451
0.49924463
0.499245
0.49924517
0.4992451
0.49924463
0.499245
0.49924493
0.49924535
0.4992451
0.49924523
0.49924523
0.4992451
0.49924517
0.49924517
0.49924535
0.4992451
0.49924523
0.49924535
0.49924523
0.49924487
0.49924523
0.49924487
0.49924493
0.4992444
0.49924487
0.49924487
0.49924433
0.49924523
0.49924475
0.49924535
0.499245
0.4992451
0.49924535
0.4992451
0.499245
0.49924672
0.49924463
0.499245
0.49924487
0.49924517
0.49924517
0.4992448
0.4992451
0.4992451
0.49924523
0.49924523
0.4992451
0.49924505
0.49924523
0.499245
0.4992448
0.49924487
0.499245
0.49924546
0.4992451
0.49924493
0.4992451
0.49924487
0.4992448
0.49924523
0.49924505
0.49924445
0.49924523
0.49924523
0.49924457
0.4992438
0.4992448
0.49924523
0.499245
0.4992451
0.4992451
0.49924517
0.49924517
0.49924535
0.4992451
0.49924493
0.4992453
0.4992451
0.49924475
0.49924523
0.499245
0.4992451
0.4992451
0.49924523
0.49924523
0.49924427
0.499245
0.49924463
0.4992451
0.49924523
0.4992445
0.49924487
0.4992451
0.49924546
0.49924475
0.4992451
0.49924517
0.4992451
0.49924487
0.49924487
0.49924487
0.49924606
0.49924463
0.499245
0.49924523
0.49924475
0.49924493
0.49924517
0.49924505
0.49924517
0.49924487
0.4992451
0.49924505
0.49924493
0.49924463
0.4992444
0.4992451
0.49924487
0.49924523
0.49924523
0.4992451
0.4992453
0.49924523
0.49924523
0.49924427
0.499245
0.4992453
0.499245
0.499245
0.4992451
0.49924558
0.4992448
0.4992448
0.49924487
0.49924517
0.49924505
0.49924505
0.49924517
0.4992445
0.49924505
0.4992453
0.49924523
0.49924475
0.49924493
0.49924517
0.49924523
0.49924493
0.499245
0.4992451
0.4992445
0.49924523
0.49924517
0.499245
0.49924475
0.49924546
0.49924487
0.49924475
0.499245
0.49924535
0.49924487
0.49924493
0.49924487
0.49924487
0.49924487
0.4992448
0.49924523
0.49924415
0.49924487
0.4992453
0.49924487
0.4992447
0.499245
0.49924487
0.499245
0.4992444
0.49924487
0.49924493
0.499245
0.49924523
0.49924487
0.49924505
0.4992451
0.49924552
0.4992453
0.49924523
0.499245
0.4992451
0.4992451
0.49924487
0.49924493
0.499245
0.4992448
0.4992451
0.49924505
0.4992451
0.49924487
0.4992451
0.499245
0.499245
0.49924535
0.49924517
0.4992451
0.49924558
0.49924517
0.49924523
0.49924487
0.49924493
0.499245
0.4992451
0.49924463
0.4992451
0.49924487
0.49924523
0.49924493
0.49924523
0.49924517
0.49924523
0.4992447
0.49924523
0.49924523
0.49924535
0.49924487
0.49924487
0.49924523
0.4992451
0.4992451
0.499245
0.4992451
0.499245
0.4992448
0.49924475
0.4992451
0.4992457
0.4992451
0.49924523
0.49924475
0.49924523
0.49924487
0.4992451
0.49924576
0.49924523
0.49924487
0.49924517
0.4992451
0.499245
0.49924523
0.49924523
0.49924505
0.49924505
0.4992451
0.49924552
0.49924523
0.49924415
0.4992444
0.499245
0.49924463
0.4992453
0.49924517
0.49924535
0.4992447
0.49924487
0.499245
0.49924505
0.49924505
0.49924523
0.499245
0.49924523
0.499245
0.4992451
0.49924505
0.49924517
0.49924612
0.49924552
0.4992448
0.49924487
0.4992448
0.4992451
0.49924523
0.4992444
0.49924535
0.499245
0.49924475
0.49924546
0.499245
0.4992448
0.4992451
0.499245
0.49924487
0.49924535
0.49924535
0.49924487
0.49924535
0.4992451
0.49924523
0.49924523
0.49924487
0.49924493
0.4992451
0.4992451
0.4992451
0.49924475
0.49924523
0.49924517
0.49924517
0.49924487
0.4992451
0.49924517
0.49924493
0.49924487
0.49924535
0.49924487
0.49924475
0.4992451
0.49924415
0.49924493
0.49924517
0.49924475
0.499246
0.49924493
0.4992451
0.49924463
0.499245
0.49924487
0.499245
0.4992451
0.4992451
0.49924475
0.49924493
0.49924487
0.4992448
0.49924517
0.49924505
0.49924487
0.499245
0.499245
0.49924427
0.49924475
0.4992451
0.499245
0.49924487
0.4992451
0.49924475
0.49924523
0.49924475
0.49924487
0.4992448
0.49924517
0.49924523
0.4992453
0.49924546
0.499245
0.49924546
0.4992451
0.49924523
0.49924493
0.499245
0.49924475
0.4992451
0.49924487
0.49924344
0.4992444
0.49924546
0.4992448
0.4992444
0.49924475
0.499245
0.49924487
0.499245
0.4992451
0.4992451
0.4992453
0.49924523
0.4992448
0.499245
0.499245
0.4992451
0.49924523
0.4992451
0.49924523
0.49924517
0.4992451
0.49924523
0.49924493
0.4992451
0.49924487
0.49924523
0.499245
0.49924487
0.4992448
0.499245
0.49924487
0.499245
0.49924427
0.49924475
0.499245
0.49924523
0.499245
0.49924427
0.499245
0.4992451
0.4992451
0.49924487
0.4992442
0.49924493
0.49924487
0.49924487
0.49924523
0.4992454
0.4992451
0.49924487
0.49924487
0.49924517
0.49924546
0.49924475
0.49924487
0.49924523
0.49924535
0.49924505
0.49924523
0.4992444
0.499245
0.49924505
0.499245
0.49924487
0.49924487
0.49924505
0.49924487
0.499245
0.4992451
0.499245
0.49924487
0.4992448
0.4992451
0.49924523
0.49924493
0.49924487
0.49924523
0.49924535
0.49924535
0.4992451
0.4992448
0.49924517
0.49924487
0.49924463
0.49924493
0.499245
0.49924523
0.49924558
0.49924517
0.49924558
0.49924463
0.499245
0.4992457
0.49924505
0.499245
0.49924523
0.49924523
0.49924487
0.4992451
0.49924505
0.49924546
0.49924535
0.49924523
0.499245
0.499245
0.49924505
0.49924523
0.499245
0.49924535
0.4992444
0.49924523
0.4992453
0.49924487
0.499245
0.49924517
0.499245
0.4992453
0.4992453
0.4992451
0.49924505
0.49924517
0.49924487
0.49924523
0.49924523
0.49924475
0.4992451
0.49924523
0.49924487
0.49924493
0.49924535
0.49924523
0.499245
0.49924493
0.4992451
0.49924457
0.49924475
0.49924523
0.4992451
0.49924487
0.49924487
0.49924517
0.4992451
0.4992444
0.49924523
0.49924517
0.4992451
0.4992451
0.499245
0.49924493
0.4992448
0.4992451
0.49924487
0.49924493
0.49924487
0.49924612
0.4992448
0.49924523
0.49924535
0.4992453
0.49924523
0.49924523
0.499245
0.499245
0.499245
0.4992454
0.4992451
0.49924505
0.49924505
0.4992451
0.4992453
0.499245
0.49924523
0.49924487
0.499245
0.49924505
0.4992451
0.49924463
0.49924487
0.4992451
0.49924487
0.499245
0.49924505
0.49924505
0.4992445
0.499245
0.49924487
0.49924523
0.4992451
0.499245
0.49924457
0.4992448
0.499245
0.49924493
0.49924523
0.499245
0.49924523
0.49924463
0.49924487
0.4992453
0.4992451
0.49924493
0.49924493
0.49924523
0.49924475
0.4992451
0.49924487
0.49924535
0.499245
0.4992454
0.49924535
0.49924523
0.499245
0.49924487
0.49924517
0.49924523
0.4992451
0.49924535
0.49924433
0.49924487
0.4992451
0.49924523
0.49924517
0.4992445
0.49924332
0.499245
0.49924487
0.4992451
0.49924535
0.49924445
0.49924487
0.4992454
0.4992451
0.49924487
0.49924457
0.49924415
0.4992451
0.49924487
0.49924564
0.49924576
0.49924463
0.4992451
0.499245
0.49924487
0.49924517
0.4992451
0.49924523
0.49924517
0.49924523
0.49924475
0.49924475
0.49924475
0.49924487
0.49924517
0.49924523
0.499245
0.49924487
0.499245
0.49924517
0.49924517
0.499245
0.49924493
0.49924535
0.49924523
0.49924493
0.4992451
0.49924275
0.4992451
0.49924523
0.49924523
0.49924523
0.49924487
0.4992451
0.49924487
0.499245
0.499245
0.49924558
0.4992451
0.499245
0.49924487
0.49924517
0.49924523
0.49924535
0.4992451
0.499245
0.4992448
0.4992451
0.49924493
0.499245
0.49924523
0.499245
0.49924546
0.49924535
0.49924523
0.4992451
0.49924546
0.49924523
0.499245
0.49924487
0.4992451
0.4992451
0.49924487
0.499245
0.4992453
0.49924552
0.49924558
0.499245
0.4992444
0.49924475
0.499245
0.49924487
0.4992451
0.49924505
0.499245
0.49924475
0.49924535
0.49924457
0.49924517
0.49924523
0.4992453
0.49924517
0.499245
0.4992451
0.49924517
0.4992451
0.4992451
0.49924475
0.4992447
0.499245
0.4992451
0.4992453
0.49924517
0.4992451
0.499245
0.49924487
0.49924523
0.49924463
0.49924523
0.49924487
0.49924523
0.499245
0.49924487
0.49924535
0.49924505
0.4992451
0.49924523
0.49924505
0.49924523
0.4992451
0.49924523
0.49924487
0.49924487
0.499245
0.499245
0.49924505
0.49924487
0.49924487
0.4992451
0.49924523
0.4992448
0.49924487
0.49924552
0.49924487
0.49924523
0.4992438
0.49924487
0.499245
0.499245
0.4992445
0.49924493
0.49924487
0.4992438
0.4992451
0.49924463
0.49924475
0.49924487
0.4992445
0.49924523
0.499245
0.49924523
0.49924493
0.49924493
0.4992451
0.49924475
0.49924535
0.49924475
0.49924523
0.49924475
0.49924487
0.49924463
0.49924493
0.49924546
0.4992448
0.499245
0.49924523
0.49924487
0.4992451
0.4992448
0.49924487
0.499245
0.49924487
0.49924523
0.49924517
0.4992445
0.4992451
0.4992451
0.49924523
0.49924493
0.49924475
0.499245
0.49924475
0.499245
0.49924487
0.4992447
0.49924487
0.499245
0.49924493
0.49924475
0.49924487
0.49924505
0.4992451
0.499245
0.499245
0.499245
0.4992447
0.4992457
0.4992451
0.4992451
0.49924523
0.49924487
0.49924487
0.49924493
0.49924487
0.49924523
0.49924487
0.49924487
0.49924475
0.49924523
0.49924535
0.49924493
0.49924475
0.499245
0.4992444
0.49924493
0.499245
0.4992448
0.4992451
0.49924535
0.49924493
0.499245
0.49924475
0.49924505
0.49924517
0.4992453
0.49924517
0.49924523
0.49924463
0.49924523
0.49924487
0.49924546
0.4992451
0.4992451
0.49924487
0.49924475
0.4992448
0.49924475
0.4992451
0.4992451
0.49924535
0.49924505
0.49924475
0.499245
0.499245
0.4992453
0.499245
0.49924523
0.499245
0.4992454
0.4992444
0.49924523
0.49924505
0.49924475
0.49924475
0.49924487
0.49924463
0.4992448
0.4992448
0.4992451
0.4992451
0.4992453
0.49924487
0.4992451
0.4992451
0.49924558
0.49924517
0.4992451
0.49924487
0.49924546
0.49924517
0.49924558
0.4992451
0.49924487
0.49924487
0.4992451
0.4992445
0.49924487
0.4992451
0.49924475
0.49924487
0.4992451
0.49924362
0.49924535
0.49924546
0.4992451
0.49924558
0.49924523
0.49924517
0.49924523
0.49924493
0.49924505
0.49924535
0.4992453
0.49924505
0.49924517
0.49924487
0.49924487
0.49924517
0.49924487
0.49924493
0.49924523
0.4992451
0.49924493
0.49924546
0.49924517
0.49924487
0.49924517
0.49924487
0.49924505
0.499245
0.4992447
0.49924475
0.4992451
0.499245
0.49924517
0.49924517
0.4992451
0.4992451
0.49924487
0.49924505
0.49924523
0.49924517
0.499245
0.4992451
0.49924517
0.49924475
0.49924535
0.49924493
0.4992448
0.499245
0.49924552
0.499245
0.4992451
0.4992451
0.4992451
0.49924523
0.4992453
0.49924523
0.4992448
0.49924475
0.49924517
0.499245
0.4992451
0.49924487
0.4992425
0.4992451
0.49924475
0.49924493
0.499245
0.49924493
0.49924523
0.499245
0.49924487
0.499245
0.49924475
0.499245
0.49924523
0.49924523
0.49924475
0.49924487
0.499245
0.499245
0.49924493
0.49924493
0.4992453
0.49924356
0.49924505
0.4992451
0.4992451
0.499245
0.49924487
0.49924523
0.49924493
0.49924493
0.4992451
0.49924535
0.4992451
0.49924463
0.49924403
0.4992451
0.49924475
0.4992451
0.4992448
0.499245
0.4992451
0.499247
0.49924475
0.49924463
0.4992454
0.49924654
0.49924475
0.499245
0.4992451
0.49924558
0.49924487
0.4992448
0.4992451
0.499245
0.49924463
0.499245
0.49924505
0.4992451
0.4992448
0.49924487
0.49924493
0.4992451
0.49924475
0.49924523
0.49924475
0.49924535
0.49924523
0.49924517
0.49924523
0.499245
0.49924505
0.49924475
0.49924463
0.49924493
0.4992453
0.49924523
0.49924487
0.49924475
0.49924427
0.49924487
0.49924535
0.49924523
0.499245
0.49924415
0.4992451
0.499245
0.49924487
0.49924463
0.49924487
0.4992451
0.4992451
0.49924517
0.49924487
0.499245
0.4992451
0.49924493
0.49924487
0.4992451
0.49924463
0.499245
0.499245
0.4992451
0.4992453
0.4992448
0.49924487
0.4992451
0.49924463
0.499245
0.49924487
0.4992451
0.49924523
0.499245
0.49924487
0.49924517
0.4992451
0.4992451
0.4992451
0.49924523
0.49924505
0.499245
0.4992451
0.49924493
0.49924493
0.49924523
0.49924487
0.499245
0.499245
0.4992447
0.49924523
0.49924523
0.49924535
0.49924403
0.4992451
0.49924475
0.49924445
0.499245
0.499245
0.49924493
0.4992445
0.49924546
0.49924523
0.49924523
0.4992448
0.49924475
0.49924475
0.4992454
0.49924636
0.499245
0.4992448
0.49924535
0.49924523
0.499245
0.49924487
0.4992451
0.49924523
0.499245
0.49924517
0.49924517
0.49924493
0.49924517
0.49924487
0.49924487
0.49924487
0.49924487
0.49924463
0.4992451
0.49924487
0.4992453
0.4992448
0.49924505
0.49924493
0.499245
0.499245
0.49924535
0.49924487
0.49924487
0.49924505
0.49924535
0.499245
0.49924475
0.49924487
0.4992451
0.499245
0.49924517
0.49924505
0.49924523
0.4992448
0.49924523
0.49924505
0.499245
0.49924517
0.49924535
0.499245
0.49924517
0.4992451
0.4992451
0.49924493
0.49924487
0.4992451
0.499245
0.49924523
0.49924463
0.49924517
0.49924415
0.4992445
0.49924403
0.4992445
0.49924535
0.49924487
0.49924523
0.49924475
0.49924427
0.4992447
0.49924487
0.4992451
0.4992451
0.49924523
0.49924475
0.49924517
0.49924535
0.49924523
0.4992453
0.4992441
0.49924517
0.49924523
0.49924487
0.49924517
0.499245
0.499245
0.4992445
0.49924535
0.499245
0.499246
0.499245
0.49924493
0.4992445
0.499245
0.4992448
0.49924493
0.4992451
0.4992444
0.49924523
0.49924493
0.49924463
0.4992447
0.4992451
0.49924487
0.49924487
0.49924487
0.4992453
0.49924523
0.4992448
0.49924523
0.4992448
0.49924505
0.49924523
0.4992451
0.49924487
0.4992451
0.4992451
0.499245
0.49924523
0.49924475
0.49924517
0.49924457
0.49924487
0.49924535
0.49924546
0.49924487
0.49924493
0.49924523
0.49924517
0.49924505
0.499245
0.49924523
0.49924523
0.49924505
0.49924475
0.49924523
0.49924487
0.49924517
0.4992451
0.4992454
0.49924535
0.49924487
0.4992451
0.49924517
0.4992453
0.4992448
0.49924475
0.49924493
0.49924505
0.49924475
0.49924523
0.49924546
0.49924517
0.49924505
0.4992451
0.49924535
0.4992451
0.49924517
0.499245
0.4992451
0.49924493
0.49924505
0.49924487
0.4992451
0.49924505
0.49924523
0.49924505
0.4992451
0.4992451
0.4992451
0.49924523
0.499245
0.4992451
0.49924523
0.49924487
0.49924535
0.49924505
0.49924505
0.49924535
0.49924523
0.49924523
0.49924463
0.49924517
0.49924505
0.4992448
0.499245
0.49924487
0.49924463
0.49924517
0.4992451
0.49924487
0.4992451
0.499245
0.49924517
0.499245
0.4992445
0.499245
0.4992451
0.4992448
0.49924487
0.49924546
0.49924505
0.49924487
0.4992454
0.499245
0.49924523
0.49924523
0.49924523
0.4992451
0.4992451
0.49924523
0.499245
0.49924463
0.49924457
0.49924487
0.49924475
0.4992448
0.499245
0.49924546
0.49924487
0.49924487
0.499245
0.499245
0.49924523
0.4992457
0.4992447
0.49924475
0.49924535
0.49924535
0.4992453
0.49924493
0.4992447
0.49924463
0.4992451
0.4992451
0.49924487
0.49924475
0.49924463
0.49924487
0.49924523
0.49924505
0.49924505
0.49924463
0.49924505
0.49924517
0.49924517
0.49924463
0.49924523
0.49924487
0.4992451
0.4992453
0.49924546
0.4992453
0.49924493
0.49924487
0.49924463
0.499245
0.49924517
0.49924463
0.49924487
0.49924415
0.49924523
0.49924487
0.49924523
0.49924517
0.49924487
0.4992453
0.499245
0.4992451
0.49924517
0.4992451
0.49924487
0.4992451
0.4992451
0.4992451
0.4992451
0.49924493
0.4992451
0.49924523
0.49924505
0.499245
0.499245
0.49924517
0.49924523
0.4992451
0.49924517
0.4992451
0.4992451
0.49924505
0.4992453
0.49924487
0.4992453
0.49924487
0.499245
0.49924535
0.49924487
0.49924487
0.49924463
0.4992454
0.4992451
0.49924487
0.49924535
0.49924475
0.49924517
0.49924487
0.49924523
0.49924487
0.49924523
0.499245
0.49924523
0.49924517
0.49924523
0.4992451
0.49924487
0.49924523
0.49924523
0.49924493
0.4992451
0.4992451
0.499245
0.499245
0.499245
0.49924535
0.4992444
0.49924517
0.49924445
0.4992451
0.49924517
0.49924475
0.49924487
0.4992451
0.49924427
0.499245
0.49924493
0.499245
0.499245
0.49924475
0.49924487
0.49924505
0.4992445
0.49924493
0.49924535
0.49924517
0.49924558
0.49924487
0.49924487
0.4992447
0.49924523
0.49924505
0.49924523
0.49924523
0.4992451
0.49924457
0.49924487
0.49924505
0.49924487
0.49924523
0.4992448
0.49924517
0.49924523
0.49924493
0.4992451
0.4992451
0.49924606
0.49924517
0.49924517
0.49924505
0.49924517
0.4992453
0.49924493
0.49924546
0.49924606
0.49924487
0.49924535
0.4992451
0.49924487
0.499245
0.49924487
0.4992451
0.4992451
0.4992451
0.499245
0.49924517
0.49924517
0.49924487
0.49924487
0.4992451
0.4992453
0.4992451
0.499245
0.4992451
0.49924475
0.49924475
0.4992448
0.49924457
0.49924535
0.49924463
0.49924523
0.4992451
0.499245
0.49924475
0.49924505
0.49924523
0.49924463
0.49924457
0.499245
0.49924523
0.499245
0.4992447
0.49924487
0.49924475
0.4992451
0.4992448
0.4992451
0.49924493
0.499245
0.49924493
0.4992451
0.49924523
0.49924517
0.49924475
0.49924374
0.49924535
0.4992454
0.49924523
0.499245
0.499245
0.4992445
0.49924517
0.49924487
0.4992448
0.4992451
0.4992453
0.4992447
0.49924487
0.4992451
0.49924546
0.49924523
0.49924523
0.49924487
0.49924564
0.49924523
0.4992451
0.4992451
0.49924546
0.4992451
0.49924523
0.4992453
0.49924523
0.49924523
0.4992448
0.49924505
0.49924475
0.49924517
0.49924463
0.49924487
0.49924523
0.4992453
0.49924493
0.49924523
0.4992444
0.4992442
0.49924475
0.49924475
0.4992451
0.4992451
0.4992448
0.499245
0.49924523
0.49924523
0.49924517
0.4992451
0.49924517
0.4992454
0.4992451
0.4992444
0.499245
0.49924487
0.49924493
0.4992447
0.49924517
0.49924493
0.49924535
0.49924523
0.49924475
0.4992447
0.499245
0.49924493
0.49924517
0.4992441
0.49924487
0.49924505
0.4992448
0.49924523
0.4992448
0.4992451
0.49924475
0.49924475
0.4992445
0.4992448
0.4992447
0.4992445
0.49924493
0.49924517
0.49924523
0.499245
0.4992451
0.49924457
0.4992451
0.4992453
0.49924487
0.4992451
0.49924204
0.49924523
0.49924487
0.49924594
0.4992448
0.49924523
0.49924517
0.4992451
0.499245
0.49924463
0.4992451
0.49924546
0.499245
0.4992451
0.49924487
0.4992451
0.49924523
0.4992445
0.4992451
0.49924558
0.4992454
0.49924275
0.4992451
0.4992451
0.4992447
0.49924523
0.499245
0.49924523
0.49924517
0.4992451
0.499245
0.49924475
0.499245
0.49924475
0.4992451
0.49924523
0.49924517
0.499243
0.49924475
0.49924523
0.49924475
0.49924523
0.49924475
0.49924517
0.49924505
0.49924535
0.49924517
0.49924475
0.4992453
0.4992451
0.49924487
0.499245
0.49924475
0.4992451
0.49924493
0.49924463
0.49924493
0.49924493
0.49924427
0.49924493
0.4992448
0.49924505
0.49924487
0.499246
0.4992451
0.49924463
0.4992453
0.499245
0.4992451
0.499245
0.49924463
0.4992447
0.4992451
0.49924487
0.4992453
0.49924493
0.499245
0.499245
0.49924487
0.49924487
0.49924493
0.4992447
0.499245
0.4992451
0.49924487
0.499245
0.49924546
0.4992451
0.499245
0.49924475
0.49924487
0.49924487
0.49924487
0.49924463
0.49924523
0.4992453
0.49924487
0.49924523
0.49924523
0.4992445
0.49924487
0.49924523
0.499245
0.49924463
0.4992451
0.499245
0.4992451
0.49924475
0.4992447
0.4992451
0.49924505
0.49924463
0.49924523
0.4992451
0.499245
0.49924546
0.4992451
0.49924457
0.49924517
0.4992451
0.499245
0.49924487
0.49924523
0.49924475
0.4992453
0.49924505
0.4992451
0.499245
0.4992454
0.49924535
0.499245
0.49924493
0.4992448
0.49924523
0.49924535
0.4992451
0.4992451
0.49924487
0.49924487
0.49924523
0.49924493
0.49924535
0.4992451
0.49924475
0.49924523
0.4992451
0.49924535
0.499245
0.49924517
0.4992451
0.49924493
0.4992453
0.49924487
0.49924487
0.49924523
0.4992447
0.4992451
0.4992451
0.49924487
0.49924487
0.49924475
0.499245
0.4992451
0.499245
0.499245
0.49924493
0.499245
0.49924493
0.49924517
0.4992451
0.49924505
0.499245
0.49924487
0.49924523
0.4992448
0.4992448
0.49924517
0.49924523
0.4992454
0.499245
0.4992451
0.49924535
0.499245
0.4992445
0.4992454
0.49924535
0.49924535
0.49924475
0.49924523
0.49924475
0.49924487
0.4992451
0.4992451
0.4992448
0.49924517
0.49924368
0.4992451
0.4992451
0.499245
0.49924505
0.49924487
0.49924475
0.4992453
0.499245
0.49924523
0.49924523
0.4992453
0.49924517
0.499245
0.49924535
0.49924523
0.4992451
0.49924487
0.4992451
0.49924487
0.49924463
0.4992445
0.4992451
0.49924535
0.49924487
0.49924463
0.49924475
0.49924475
0.4992451
0.4992451
0.49924475
0.49924517
0.4992451
0.49924535
0.49924523
0.49924523
0.49924517
0.4992457
0.49924487
0.49924523
0.49924523
0.49924517
0.49924535
0.49924523
0.499245
0.49924487
0.49924493
0.49924505
0.49924475
0.4992451
0.4992451
0.49924445
0.49924523
0.499245
0.4992451
0.49924523
0.49924463
0.4992451
0.49924523
0.4992448
0.49924487
0.4992447
0.4992453
0.49924523
0.49924487
0.4992451
0.49924523
0.49924493
0.49924535
0.49924415
0.49924523
0.49924475
0.49924493
0.499245
0.49924487
0.499245
0.49924535
0.499245
0.49924487
0.4992448
0.4992451
0.499245
0.49924505
0.49924487
0.499245
0.4992451
0.49924487
0.49924487
0.49924523
0.49924505
0.49924475
0.49924523
0.49924463
0.49924493
0.4992451
0.49924523
0.49924487
0.499245
0.4992453
0.49924475
0.49924523
0.4992451
0.4992451
0.49924487
0.49924558
0.49924505
0.49924463
0.499245
0.49924493
0.49924517
0.4992447
0.49924493
0.49924517
0.49924487
0.499245
0.49924535
0.49924493
0.49924523
0.49924517
0.4992451
0.49924505
0.499245
0.49924493
0.499245
0.49924523
0.4992451
0.4992451
0.49924475
0.49924535
0.4992451
0.49924475
0.49924523
0.499245
0.4992451
0.4992451
0.49924576
0.49924415
0.49924505
0.49924523
0.49924523
0.49924546
0.49924427
0.49924654
0.4992451
0.49924475
0.49924523
0.4992448
0.49924487
0.49924487
0.4992447
0.4992451
0.4992451
0.499246
0.4992451
0.49924505
0.4992451
0.4992448
0.49924517
0.49924517
0.499245
0.49924517
0.49924487
0.49924523
0.49924517
0.49924487
0.49924517
0.49924552
0.49924326
0.49924427
0.4992451
0.49924517
0.49924475
0.49924505
0.4992448
0.4992445
0.4992451
0.499245
0.49924535
0.499245
0.49924475
0.49924505
0.499245
0.49924487
0.49924535
0.4992451
0.49924535
0.49924576
0.49924487
0.499245
0.4992451
0.4992448
0.4992451
0.49924523
0.49924535
0.49924582
0.499245
0.49924517
0.49924558
0.4992451
0.4992448
0.49924487
0.49924523
0.499245
0.49924505
0.49924517
0.49924463
0.4992453
0.4992447
0.499245
0.499245
0.4992451
0.49924475
0.499245
0.49924463
0.499245
0.49924493
0.49924523
0.49924475
0.49924505
0.49924463
0.49924487
0.4992451
0.49924523
0.4992451
0.49924487
0.4992451
0.49924493
0.49924523
0.49924475
0.499245
0.49924487
0.49924535
0.49924678
0.49924517
0.499245
0.49924523
0.49924523
0.49924487
0.499245
0.49924487
0.49924505
0.4992445
0.4992447
0.499245
0.49924517
0.499245
0.499245
0.49924493
0.49924487
0.4992454
0.49924457
0.49924523
0.4992451
0.49924493
0.49924493
0.4992453
0.4992451
0.499245
0.4992447
0.4992451
0.4992451
0.49924523
0.4992451
0.49924523
0.49924487
0.49924475
0.49924487
0.49924523
0.49924493
0.49924487
0.4992451
0.49924475
0.49924517
0.4992453
0.49924505
0.4992451
0.499245
0.4992451
0.49924415
0.49924493
0.4992451
0.499245
0.499245
0.49924523
0.49924475
0.49924535
0.4992445
0.4992451
0.499245
0.49924523
0.49924505
0.49924475
0.4992451
0.49924523
0.49924487
0.49924487
0.49924463
0.49924535
0.4992451
0.49924523
0.49924463
0.499245
0.4992451
0.49924493
0.49924552
0.49924493
0.4992448
0.4992448
0.49924505
0.49924493
0.4992451
0.499245
0.49924523
0.4992438
0.49924505
0.499245
0.499245
0.49924475
0.49924493
0.49924475
0.499245
0.49924463
0.49924493
0.4992451
0.49924487
0.49924505
0.49924535
0.499245
0.49924475
0.49924463
0.49924535
0.49924535
0.49924523
0.49924505
0.4992451
0.49924493
0.4992447
0.499245
0.49924523
0.49924523
0.49924523
0.49924523
0.4992451
0.49924523
0.49924487
0.49924493
0.4992451
0.49924475
0.4992451
0.4992451
0.4992448
0.4992451
0.49924487
0.49924535
0.49924493
0.49924457
0.4992451
0.499245
0.49924523
0.499245
0.49924487
0.499245
0.499245
0.49924487
0.49924523
0.49924487
0.4992451
0.49924505
0.4992447
0.499245
0.49924487
0.49924493
0.49924517
0.49924475
0.49924505
0.4992448
0.4992448
0.49924523
0.49924493
0.49924445
0.4992445
0.499245
0.4992451
0.4992444
0.499245
0.49924523
0.4992453
0.499245
0.49924487
0.49924552
0.49924523
0.49924487
0.4992447
0.49924493
0.4992445
0.4992451
0.4992451
0.49924552
0.49924535
0.49924475
0.49924493
0.49924517
0.499245
0.49924475
0.4992445
0.49924487
0.499245
0.49924535
0.49924523
0.49924535
0.49924487
0.4992451
0.49924493
0.49924535
0.49924475
0.4992451
0.4992442
0.4992453
0.4992451
0.4992451
0.49924535
0.4992448
0.49924493
0.49924487
0.49924493
0.499245
0.49924558
0.4992451
0.49924487
0.4992451
0.49924535
0.49924523
0.49924487
0.49924517
0.49924487
0.49924517
0.49924493
0.49924487
0.49924487
0.49924505
0.4992451
0.49924487
0.49924445
0.49924535
0.49924523
0.49924505
0.49924517
0.4992451
0.4992451
0.49924523
0.4992454
0.49924493
0.49924493
0.49924487
0.49924505
0.4992451
0.49924523
0.49924475
0.49924517
0.4992451
0.49924517
0.49924523
0.499245
0.49924487
0.4992451
0.49924517
0.4992453
0.4992451
0.4992451
0.4992448
0.4992445
0.49924475
0.49924517
0.49924463
0.49924535
0.499245
0.499245
0.4992451
0.49924535
0.49924487
0.49924475
0.49924558
0.499245
0.49924523
0.49924517
0.49924523
0.49924517
0.49924523
0.4992451
0.4992451
0.4992453
0.49924505
0.49924463
0.49924475
0.49924523
0.4992451
0.4992448
0.49924523
0.49924463
0.49924487
0.499245
0.499245
0.4992451
0.49924487
0.49924535
0.49924505
0.49924505
0.49924493
0.4992453
0.49924523
0.49924493
0.499245
0.49924487
0.49924523
0.49924457
0.49924505
0.49924517
0.49924535
0.4992451
0.499245
0.49924475
0.49924517
0.4992451
0.499245
0.49924523
0.49924475
0.4992451
0.49924463
0.49924517
0.4992453
0.499245
0.4992453
0.49924457
0.49924487
0.49924487
0.4992448
0.49924475
0.499245
0.499245
0.49924523
0.4992451
0.49924523
0.49924523
0.49924487
0.49924487
0.4992448
0.4992451
0.49924445
0.499245
0.49924493
0.49924487
0.4992448
0.4992448
0.499245
0.4992451
0.49924475
0.499245
0.49924368
0.49924648
0.49924493
0.499245
0.499245
0.49924493
0.4992451
0.49924487
0.49924505
0.49924475
0.49924523
0.49924475
0.49924487
0.499245
0.4992451
0.49924457
0.49924517
0.49924523
0.49924475
0.49924487
0.49924487
0.499245
0.49924517
0.49924523
0.4992451
0.49924523
0.49924487
0.49924523
0.4992453
0.49924475
0.4992448
0.49924517
0.49924535
0.499245
0.49924475
0.49924523
0.49924546
0.49924505
0.49924517
0.4992448
0.499245
0.49924487
0.49924535
0.49924505
0.499245
0.49924523
0.49924523
0.4992451
0.49924487
0.4992451
0.499245
0.4992451
0.49924487
0.49924433
0.49924523
0.49924493
0.49924517
0.4992453
0.49924493
0.49924517
0.49924487
0.49924487
0.499245
0.4992453
0.4992451
0.4992444
0.4992451
0.4992451
0.49924475
0.49924493
0.499245
0.49924487
0.4992451
0.4992451
0.49924523
0.49924475
0.4992451
0.49924523
0.49924535
0.49924493
0.4992451
0.4992453
0.49924463
0.49924487
0.499245
0.499245
0.499245
0.499245
0.499245
0.49924517
0.49924475
0.49924558
0.49924517
0.49924523
0.49924475
0.4992453
0.499245
0.49924523
0.49924475
0.49924493
0.49924457
0.49924535
0.49924523
0.49924487
0.49924517
0.49924505
0.4992451
0.49924505
0.4992451
0.49924523
0.49924523
0.49924523
0.49924505
0.49924493
0.49924523
0.49924523
0.49924505
0.49924523
0.4992451
0.49924475
0.49924487
0.49924487
0.4992451
0.49924552
0.499245
0.49924493
0.49924523
0.4992447
0.4992451
0.4992448
0.4992451
0.49924535
0.4992451
0.499245
0.499245
0.4992451
0.49924523
0.4992445
0.49924505
0.499245
0.49924493
0.4992448
0.499245
0.49924523
0.49924487
0.49924463
0.49924523
0.49924487
0.499245
0.4992448
0.49924475
0.4992448
0.49924475
0.4992453
0.49924487
0.4992451
0.49924523
0.499245
0.499245
0.4992451
0.49924523
0.49924517
0.499245
0.4992448
0.4992451
0.49924535
0.49924523
0.499245
0.49924535
0.4992448
0.49924505
0.49924475
0.499245
0.49924523
0.49924475
0.4992451
0.49924517
0.49924493
0.4992451
0.49924505
0.4992451
0.4992451
0.49924463
0.4992451
0.49924535
0.49924457
0.49924535
0.499245
0.49924475
0.49924487
0.49924463
0.49924517
0.49924475
0.499245
0.49924523
0.4992453
0.4992451
0.49924517
0.4992448
0.4992451
0.49924493
0.4992451
0.49924523
0.4992451
0.4992448
0.49924535
0.499245
0.4992451
0.4992451
0.499245
0.4992451
0.4992451
0.49924475
0.499245
0.49924546
0.4992454
0.49924487
0.4992451
0.49924427
0.49924523
0.49924457
0.4992451
0.49924493
0.499245
0.49924505
0.4992451
0.4992451
0.49924487
0.49924517
0.499245
0.4992451
0.49924517
0.49924487
0.49924427
0.499245
0.49924517
0.4992451
0.4992451
0.4992453
0.49924505
0.49924475
0.4992448
0.49924475
0.49924505
0.49924523
0.49924552
0.49924487
0.4992448
0.49924463
0.49924505
0.49924517
0.4992447
0.4992453
0.49924505
0.49924487
0.4992448
0.49924517
0.49924558
0.499245
0.49924535
0.4992451
0.4992451
0.4992445
0.49924517
0.49924392
0.49924475
0.499245
0.49924487
0.4992454
0.49924546
0.4992448
0.49924475
0.49924487
0.49924505
0.4992451
0.4992451
0.49924403
0.49924523
0.49924374
0.49924535
0.499245
0.49924475
0.49924505
0.49924487
0.4992448
0.49924505
0.49924505
0.499245
0.49924523
0.49924523
0.4992451
0.499245
0.499245
0.49924535
0.49924517
0.49924523
0.49924523
0.4992448
0.4992454
0.4992448
0.49924463
0.49924487
0.49924487
0.49924505
0.49924535
0.49924517
0.49924558
0.49924505
0.4992451
0.4992447
0.499245
0.49924523
0.4992451
0.499245
0.4992451
0.49924493
0.49924505
0.49924368
0.49924487
0.4992451
0.4992445
0.4992451
0.49924535
0.4992451
0.49924487
0.4992448
0.499245
0.49924523
0.4992451
0.4992451
0.49924475
0.49924487
0.49924535
0.49924487
0.49924475
0.499245
0.49924487
0.499245
0.4992451
0.49924517
0.49924517
0.49924523
0.499245
0.49924487
0.499245
0.49924535
0.4992447
0.49924517
0.49924582
0.49924487
0.49924487
0.4992451
0.49924475
0.49924493
0.49924523
0.49924475
0.49924487
0.49924463
0.4992451
0.49924493
0.4992454
0.49924487
0.49924606
0.49924523
0.49924517
0.49924618
0.49924487
0.4992454
0.49924517
0.499245
0.4992453
0.49924535
0.499245
0.49924392
0.499245
0.499245
0.4992448
0.4992451
0.49924546
0.499245
0.4992453
0.49924523
0.499245
0.4992448
0.49924475
0.4992451
0.4992453
0.49924523
0.4992448
0.49924463
0.4992453
0.499245
0.4992447
0.499245
0.499245
0.49924487
0.499245
0.49924505
0.49924535
0.4992445
0.4992451
0.4992451
0.49924487
0.499245
0.4992451
0.49924487
0.49924517
0.49924475
0.49924475
0.49924558
0.49924463
0.499245
0.49924517
0.49924487
0.49924517
0.49924487
0.49924493
0.4992445
0.49924517
0.4992448
0.49924487
0.49924523
0.499245
0.4992453
0.49924505
0.4992451
0.49924535
0.499245
0.49924493
0.4992451
0.49924535
0.49924523
0.49924505
0.499245
0.4992445
0.499245
0.49924552
0.4992451
0.49924487
0.49924523
0.49924475
0.49924582
0.49924523
0.499245
0.49924523
0.49924523
0.49924546
0.49924523
0.49924523
0.4992451
0.499245
0.49924457
0.499245
0.4992451
0.49924523
0.499245
0.49924517
0.49924493
0.49924588
0.49924535
0.49924523
0.499245
0.499245
0.4992453
0.49924487
0.49924487
0.49924463
0.4992451
0.49924505
0.49924517
0.49924505
0.4992451
0.499245
0.49924487
0.49924487
0.49924505
0.4992445
0.49924505
0.49924535
0.49924487
0.4992448
0.49924475
0.499245
0.49924523
0.49924487
0.4992445
0.49924487
0.49924493
0.49924487
0.49924523
0.4992451
0.49924487
0.49924535
0.499245
0.49924535
0.499245
0.49924487
0.49924487
0.49924433
0.49924463
0.499245
0.49924463
0.49924487
0.49924487
0.49924523
0.49924523
0.49924523
0.499245
0.4992448
0.49924523
0.49924523
0.49924487
0.4992451
0.49924517
0.4992451
0.49924558
0.49924487
0.4992451
0.49924523
0.4992448
0.499245
0.49924505
0.499245
0.499245
0.49924523
0.49924493
0.4992451
0.4992451
0.4992451
0.4992453
0.49924505
0.4992451
0.499245
0.4992457
0.49924505
0.49924487
0.49924517
0.499245
0.49924505
0.4992451
0.49924487
0.499245
0.49924487
0.49924523
0.49924517
0.49924487
0.49924475
0.49924523
0.49924505
0.4992451
0.4992451
0.49924523
0.49924505
0.4992451
0.49924558
0.499245
0.499245
0.49924535
0.49924517
0.499245
0.49924463
0.49924475
0.4992451
0.49924523
0.49924535
0.4992445
0.49924475
0.49924546
0.49924487
0.49924356
0.49924523
0.49924487
0.49924475
0.4992451
0.49924487
0.49924475
0.4992451
0.49924523
0.4992457
0.49924493
0.49924487
0.4992451
0.49924487
0.49924463
0.4992451
0.49924493
0.49924493
0.49924505
0.49924463
0.49924523
0.499245
0.499245
0.4992451
0.4992454
0.49924535
0.49924558
0.49924487
0.49924517
0.49924523
0.49924523
0.4992451
0.49924523
0.499245
0.499245
0.4992451
0.4992448
0.49924523
0.49924475
0.4992448
0.4992448
0.4992451
0.4992451
0.49924493
0.49924463
0.49924505
0.49924487
0.499245
0.49924475
0.49924475
0.4992448
0.499245
0.49924517
0.49924487
0.49924493
0.4992445
0.499245
0.49924493
0.49924517
0.4992453
0.4992451
0.49924487
0.49924523
0.49924523
0.4992444
0.49924523
0.49924523
0.49924475
0.4992451
0.4992451
0.49924487
0.4992451
0.4992451
0.49924487
0.4992451
0.4992451
0.49924523
0.4992451
0.4992451
0.49924487
0.4992451
0.49924535
0.49924487
0.499245
0.4992453
0.4992451
0.49924517
0.4992451
0.49924523
0.4992451
0.49924487
0.49924457
0.49924523
0.499245
0.4992442
0.4992451
0.49924475
0.499245
0.49924487
0.499245
0.4992451
0.4992451
0.4992451
0.49924523
0.49924487
0.49924493
0.49924487
0.49924523
0.49924523
0.49924487
0.4992454
0.49924523
0.4992448
0.49924546
0.4992451
0.49924535
0.49924445
0.49924523
0.49924535
0.49924523
0.499245
0.49924487
0.4992451
0.499245
0.499245
0.49924505
0.49924523
0.49924523
0.49924505
0.49924505
0.49924517
0.499245
0.49924487
0.49924505
0.49924517
0.4992451
0.49924523
0.49924552
0.49924523
0.4992454
0.49924833
0.49924535
0.49924475
0.4992451
0.49924463
0.49924493
0.49924576
0.49924535
0.4992451
0.49924487
0.4992451
0.49924546
0.49924505
0.4992447
0.4992463
0.499245
0.49924487
0.4992445
0.49924535
0.49924463
0.499245
0.49924487
0.49924463
0.4992453
0.4992454
0.4992451
0.49924535
0.499245
0.499245
0.49924517
0.49924535
0.49924487
0.49924487
0.49924487
0.49924445
0.49924493
0.4992448
0.49924493
0.4992445
0.499245
0.49924535
0.499245
0.49924487
0.49924523
0.49924523
0.49924487
0.49924487
0.4992453
0.49924523
0.4992453
0.49924487
0.49924517
0.49924523
0.49924523
0.49924505
0.49924558
0.499245
0.49924505
0.49924523
0.49924523
0.49924457
0.4992448
0.499245
0.4992451
0.49924493
0.49924517
0.4992451
0.4992447
0.49924493
0.49924487
0.4992444
0.4992451
0.49924487
0.499245
0.4992445
0.49924505
0.4992453
0.49924487
0.4992448
0.49924487
0.499245
0.499245
0.4992453
0.49924523
0.4992453
0.49924493
0.4992451
0.49924457
0.4992451
0.49924463
0.49924487
0.499245
0.49924487
0.4992454
0.49924517
0.49924493
0.49924487
0.49924487
0.499245
0.4992451
0.49924505
0.4992448
0.49924487
0.49924505
0.49924427
0.49924523
0.4992451
0.4992451
0.4992451
0.4992451
0.4992451
0.499245
0.4992451
0.499245
0.49924546
0.49924487
0.49924546
0.499245
0.49924505
0.49924487
0.49924397
0.4992453
0.49924535
0.4992451
0.49924523
0.49924463
0.4992451
0.499245
0.499245
0.49924487
0.4992454
0.49924487
0.4992447
0.49924487
0.499245
0.49924487
0.4992451
0.4992447
0.49924523
0.49924475
0.49924523
0.4992448
0.4992451
0.4992445
0.499245
0.49924523
0.4992451
0.49924487
0.49924487
0.49924475
0.49924463
0.49924523
0.49924475
0.4992445
0.499245
0.49924517
0.49924523
0.499245
0.49924487
0.49924487
0.49924523
0.499245
0.4992451
0.4992454
0.499245
0.4992448
0.499245
0.4992451
0.49924487
0.499245
0.499245
0.49924487
0.49924332
0.4992445
0.49924558
0.4992451
0.49924535
0.49924523
0.49924505
0.499245
0.49924558
0.49924505
0.4992451
0.49924487
0.4992451
0.49924487
0.49924487
0.499245
0.49924493
0.499245
0.49924505
0.49924535
0.49924523
0.49924487
0.49924493
0.499245
0.499245
0.4992448
0.49924523
0.49924535
0.49924487
0.49924487
0.49924475
0.49924523
0.49924493
0.4992451
0.4992451
0.499245
0.49924505
0.49924487
0.49924487
0.49924493
0.49924505
0.49924487
0.49924546
0.49924475
0.4992457
0.49924493
0.49924517
0.4992453
0.499245
0.49924487
0.49924487
0.49924487
0.49924505
0.4992451
0.49924505
0.49924487
0.4992454
0.49924475
0.499245
0.49924582
0.4992451
0.4992451
0.49924487
0.49924523
0.4992451
0.49924475
0.4992451
0.49924505
0.4992451
0.4992448
0.4992447
0.499245
0.49924523
0.49924582
0.499245
0.49924463
0.49924546
0.49924523
0.49924523
0.4992442
0.4992454
0.4992451
0.49924523
0.49924463
0.4992451
0.49924564
0.4992447
0.49924505
0.49924287
0.4992451
0.49924517
0.49924505
0.49924457
0.4992453
0.49924475
0.49924546
0.49924487
0.49924505
0.49924445
0.49924493
0.49924618
0.49924517
0.49924505
0.4992447
0.49924493
0.49924487
0.49924475
0.49924523
0.49924535
0.49924463
0.49924475
0.4992445
0.49924517
0.4992451
0.49924487
0.49924546
0.49924463
0.4992454
0.49924505
0.49924493
0.49924523
0.49924487
0.49924546
0.49924523
0.4992453
0.49924368
0.49924487
0.4992448
0.49924493
0.49924523
0.499245
0.4992451
0.49924523
0.49924487
0.49924523
0.4992454
0.49924517
0.49924523
0.49924505
0.49924546
0.49924427
0.49924475
0.49924517
0.4992448
0.49924475
0.49924487
0.49924517
0.499245
0.4992451
0.4992451
0.49924457
0.49924523
0.499245
0.4992451
0.49924487
0.49924523
0.4992451
0.49924493
0.4992445
0.4992451
0.49924493
0.49924487
0.49924487
0.4992451
0.4992445
0.49924517
0.499245
0.49924487
0.49924487
0.49924523
0.49924493
0.4992453
0.4992453
0.4992451
0.49924487
0.4992451
0.49924392
0.4992453
0.499245
0.49924517
0.49924517
0.499245
0.4992448
0.499245
0.49924517
0.49924493
0.4992448
0.49924475
0.499245
0.4992453
0.49924523
0.4992451
0.49924493
0.49924535
0.49924523
0.4992445
0.4992453
0.49924523
0.4992451
0.4992447
0.49924475
0.4992454
0.499245
0.49924463
0.4992447
0.49924475
0.4992451
0.499245
0.49924523
0.49924523
0.4992453
0.499245
0.49924523
0.49924493
0.4992451
0.4992451
0.49924487
0.49924487
0.49924475
0.49924535
0.4992451
0.49924564
0.49924535
0.49924517
0.49924523
0.49924487
0.4992451
0.4992451
0.4992448
0.49924493
0.499245
0.4992451
0.49924487
0.499245
0.4992448
0.499245
0.49924475
0.49924517
0.49924523
0.49924523
0.49924523
0.49924475
0.49924493
0.49924535
0.4992451
0.49924505
0.49924487
0.49924487
0.4992453
0.4992451
0.4992451
0.4992451
0.49924517
0.4992445
0.499245
0.4992451
0.49924493
0.49924523
0.49924475
0.4992448
0.49924457
0.499245
0.49924475
0.499245
0.49924535
0.4992451
0.499245
0.49924523
0.49924487
0.4992451
0.4992451
0.49924546
0.49924475
0.49924535
0.49924523
0.49924523
0.4992451
0.499245
0.49924487
0.49924487
0.49924517
0.49924535
0.4992451
0.4992451
0.49924535
0.4992451
0.4992447
0.49924535
0.4992451
0.49924487
0.49924523
0.4992453
0.499245
0.49924493
0.49924505
0.49924493
0.49924475
0.49924463
0.49924487
0.4992453
0.49924523
0.4992447
0.49924463
0.49924487
0.49924487
0.49924487
0.49924457
0.49924505
0.4992448
0.49924445
0.49924517
0.4992454
0.499245
0.4992451
0.4992451
0.49924523
0.49924523
0.499245
0.49924475
0.499245
0.499245
0.499245
0.499245
0.4992451
0.49924457
0.49924523
0.49924457
0.49924535
0.49924487
0.49924463
0.49924493
0.4992451
0.49924523
0.499245
0.499245
0.49924523
0.4992463
0.49924487
0.4992448
0.49924445
0.499245
0.49924463
0.49924517
0.499245
0.4992451
0.4992451
0.4992451
0.4992451
0.49924523
0.4992451
0.49924487
0.499245
0.4992451
0.49924588
0.49924523
0.499245
0.499245
0.49924505
0.499245
0.49924493
0.4992448
0.49924535
0.49924487
0.49924487
0.4992451
0.49924505
0.499245
0.499245
0.4992451
0.4992445
0.4992451
0.49924493
0.499245
0.4992453
0.49924493
0.4992451
0.49924523
0.4992451
0.4992451
0.499245
0.4992451
0.49924546
0.49924523
0.49924475
0.49924523
0.4992451
0.49924523
0.49924487
0.49924487
0.49924493
0.4992451
0.49924535
0.49924535
0.49924523
0.4992448
0.4992448
0.49924487
0.49924487
0.4992451
0.49924535
0.49924523
0.4992453
0.49924475
0.4992448
0.499245
0.49924487
0.49924546
0.49924517
0.49924546
0.4992451
0.49924487
0.49924493
0.49924523
0.4992451
0.49924523
0.4992453
0.49924487
0.49924487
0.49924487
0.4992453
0.49924487
0.4992451
0.49924517
0.4992447
0.49924523
0.4992448
0.49924523
0.4992451
0.49924535
0.49924517
0.49924505
0.499245
0.49924463
0.49924523
0.49924517
0.4992451
0.49924475
0.4992451
0.4992451
0.499245
0.4992451
0.499245
0.49924523
0.49924546
0.499245
0.499245
0.49924487
0.49924535
0.49924475
0.499245
0.4992451
0.49924523
0.4992451
0.49924523
0.49924517
0.49924487
0.49924487
0.49924475
0.49924487
0.49924487
0.49924475
0.49924487
0.49924517
0.49924487
0.4992445
0.499245
0.49924487
0.49924523
0.49924463
0.49924523
0.49924463
0.49924535
0.49924523
0.49924487
0.4992451
0.49924487
0.49924523
0.49924517
0.49924517
0.4992445
0.49924517
0.4992451
0.49924487
0.4992454
0.49924517
0.49924505
0.4992447
0.499245
0.49924517
0.49924487
0.4992451
0.49924487
0.49924493
0.499245
0.49924487
0.49924487
0.49924487
0.49924523
0.49924523
0.49924546
0.4992451
0.4992454
0.499245
0.49924535
0.4992448
0.49924487
0.49924523
0.499245
0.49924505
0.4992453
0.4992451
0.49924523
0.49924475
0.49924517
0.4992451
0.4992451
0.49924493
0.4992451
0.4992438
0.4992445
0.49924493
0.49924487
0.499245
0.49924475
0.4992451
0.499245
0.49924487
0.49924523
0.4992447
0.49924517
0.499245
0.49924493
0.49924517
0.499245
0.49924475
0.49924487
0.4992451
0.49924475
0.49924475
0.49924523
0.4992451
0.4992451
0.49924546
0.49924505
0.49924487
0.49924487
0.49924475
0.4992451
0.49924505
0.49924493
0.49924493
0.499245
0.49924487
0.4992451
0.49924487
0.49924505
0.49924487
0.49924505
0.49924517
0.49924487
0.49924535
0.49924558
0.49924493
0.49924463
0.49924475
0.4992451
0.49924535
0.4992445
0.49924475
0.49924523
0.499245
0.49924523
0.49924475
0.49924505
0.49924487
0.49924523
0.49924493
0.49924505
0.49924523
0.499245
0.499245
0.49924487
0.499245
0.49924487
0.499245
0.49924487
0.4992448
0.49924523
0.4992451
0.49924523
0.499245
0.499245
0.4992448
0.4992451
0.4992448
0.499245
0.499245
0.49924505
0.49924523
0.49924517
0.4992453
0.499245
0.4992444
0.499245
0.49924487
0.499245
0.49924523
0.4992451
0.49924505
0.4992445
0.49924523
0.49924475
0.49924475
0.49924648
0.4992451
0.49924517
0.4992451
0.49924487
0.49924523
0.49924487
0.499245
0.4992451
0.4992451
0.49924535
0.4992448
0.4992451
0.49924535
0.49924535
0.49924463
0.4992448
0.499245
0.499245
0.49924475
0.4992448
0.49924487
0.49924535
0.4992448
0.49924523
0.4992451
0.499245
0.49924523
0.4992454
0.49924475
0.49924523
0.4992451
0.49924487
0.49924546
0.49924487
0.49924463
0.49924487
0.49924487
0.4992447
0.49924463
0.49924523
0.49924523
0.49924493
0.4992451
0.4992451
0.49924523
0.49924475
0.49924594
0.49924505
0.49924314
0.49924487
0.499245
0.49924552
0.49924487
0.49924487
0.49924523
0.49924493
0.4992451
0.4992453
0.499245
0.499245
0.49924487
0.49924505
0.4992451
0.49924523
0.4992451
0.49924475
0.4992453
0.49924523
0.499245
0.4992442
0.4992453
0.49924523
0.499245
0.49924475
0.499245
0.49924523
0.4992451
0.499245
0.499245
0.49924505
0.4992448
0.4992451
0.49924487
0.49924612
0.49924493
0.49924493
0.4992451
0.49924523
0.49924523
0.49924487
0.499245
0.49924523
0.49924505
0.49924523
0.49924487
0.49924493
0.4992453
0.49924523
0.49924618
0.49924523
0.4992451
0.4992445
0.4992453
0.49924487
0.49924523
0.49924487
0.49924475
0.49924487
0.49924546
0.49924475
0.4992451
0.49924546
0.49924487
0.49924535
0.49924535
0.49924523
0.4992453
0.49924463
0.4992453
0.49924332
0.49924475
0.49924463
0.49924523
0.49924535
0.4992451
0.49924523
0.49924475
0.4992451
0.49924523
0.49924493
0.49924427
0.49924487
0.49924546
0.499245
0.49924487
0.49924523
0.49924523
0.4992448
0.499245
0.49924475
0.4992445
0.49924487
0.49924475
0.499245
0.49924487
0.499245
0.49924493
0.49924517
0.4992451
0.499245
0.499245
0.499245
0.49924493
0.4992451
0.49924546
0.49924493
0.49924523
0.4992445
0.49924487
0.49924493
0.4992451
0.49924487
0.499245
0.49924505
0.499245
0.49924523
0.49924487
0.4992451
0.49924517
0.4992448
0.49924523
0.49924463
0.49924487
0.4992451
0.49924505
0.49924493
0.49924505
0.49924463
0.49924463
0.49924558
0.49924487
0.49924523
0.499245
0.49924475
0.49924606
0.499245
0.4992451
0.49924487
0.4992445
0.4992451
0.49924487
0.49924523
0.49924517
0.49924397
0.49924523
0.49924505
0.4992451
0.49924475
0.49924535
0.49924493
0.4992451
0.4992444
0.4992448
0.499245
0.49924517
0.4992451
0.49924523
0.4992448
0.49924487
0.4992451
0.49924523
0.49924523
0.49924487
0.49924523
0.49924493
0.4992454
0.499245
0.4992451
0.499245
0.4992451
0.49924487
0.49924517
0.49924523
0.4992451
0.49924493
0.4992448
0.4992451
0.49924475
0.499245
0.49924475
0.499245
0.49924505
0.499245
0.4992448
0.499245
0.49924535
0.49924475
0.4992447
0.4992451
0.499245
0.49924517
0.49924475
0.49924505
0.49924487
0.49924475
0.49924505
0.4992444
0.4992444
0.49924487
0.49924523
0.499245
0.49924535
0.49924493
0.4992451
0.4992451
0.49924517
0.4992451
0.49924457
0.49924487
0.49924475
0.4992454
0.49924517
0.4992451
0.49924487
0.4992451
0.499245
0.49924517
0.49924475
0.49924487
0.499245
0.49924523
0.49924505
0.499245
0.49924523
0.49924487
0.49924475
0.49924487
0.49924505
0.49924517
0.4992451
0.4992451
0.49924475
0.49924493
0.49924535
0.499245
0.499245
0.4992451
0.49924523
0.49924487
0.49924445
0.49924505
0.4992448
0.49924517
0.499245
0.49924535
0.499245
0.4992451
0.4992451
0.499245
0.49924523
0.4992451
0.49924505
0.49924487
0.4992451
0.499245
0.49924523
0.499245
0.4992451
0.49924505
0.4992451
0.49924487
0.4992451
0.4992451
0.4992453
0.499245
0.4992451
0.49924487
0.49924523
0.49924523
0.49924505
0.49924457
0.49924487
0.4992451
0.49924523
0.4992451
0.4992454
0.49924523
0.49924487
0.49924475
0.4992451
0.49924535
0.49924338
0.49924523
0.49924487
0.49924487
0.499245
0.49924517
0.49924523
0.49924523
0.49924517
0.499245
0.4992453
0.49924487
0.49924487
0.49924475
0.4992447
0.49924517
0.49924475
0.49924475
0.49924517
0.4992451
0.49924517
0.499245
0.49924475
0.49924546
0.4992451
0.49924523
0.499245
0.4992451
0.49924463
0.49924523
0.499245
0.49924505
0.4992451
0.499245
0.4992445
0.499245
0.4992451
0.49924475
0.49924523
0.499245
0.4992453
0.49924475
0.4992451
0.49924517
0.49924523
0.49924523
0.499245
0.49924523
0.4992451
0.4992451
0.49924517
0.499245
0.49924505
0.49924487
0.4992451
0.49924493
0.49924493
0.4992453
0.49924487
0.49924475
0.49924487
0.49924493
0.499245
0.49924576
0.499245
0.49924523
0.49924475
0.4992448
0.49924487
0.4992451
0.499245
0.49924523
0.49924487
0.4992451
0.49924523
0.49924517
0.4992447
0.49924487
0.49924487
0.49924427
0.499245
0.49924523
0.4992463
0.4992451
0.49924445
0.49924523
0.49924475
0.49924523
0.499245
0.49924487
0.499245
0.49924523
0.49924535
0.4992448
0.49924535
0.49924487
0.49924624
0.49924523
0.49924463
0.499245
0.499245
0.49924535
0.49924493
0.49924523
0.49924594
0.49924523
0.49924475
0.49924487
0.49924487
0.49924475
0.4992451
0.49924546
0.49924487
0.499245
0.4992454
0.49924505
0.49924517
0.49924487
0.499245
0.49924523
0.4992448
0.49924415
0.4992451
0.49924517
0.49924463
0.4992451
0.49924457
0.4992451
0.49924546
0.49924505
0.49924475
0.4992444
0.4992451
0.499245
0.49924523
0.49924493
0.49924517
0.49924463
0.4992451
0.49924487
0.499245
0.4992448
0.4992451
0.4992454
0.49924523
0.4992445
0.4992445
0.49924523
0.4992444
0.49924487
0.49924487
0.499245
0.49924517
0.499245
0.49924487
0.49924487
0.499245
0.499245
0.4992451
0.499245
0.4992451
0.4992447
0.49924546
0.4992454
0.4992447
0.4992451
0.49924523
0.4992451
0.49924517
0.49924523
0.49924487
0.49924487
0.49924523
0.49924505
0.49924523
0.4992448
0.49924487
0.49924487
0.499245
0.499245
0.49924487
0.49924493
0.49924487
0.49924517
0.49924487
0.49924475
0.49924487
0.49924487
0.499245
0.49924487
0.4992454
0.49924535
0.49924558
0.4992463
0.4992451
0.49924505
0.49924523
0.49924487
0.49924535
0.4992451
0.4992451
0.4992451
0.49924487
0.49924487
0.49924523
0.49924487
0.49924475
0.49924475
0.49924415
0.4992451
0.49924558
0.49924523
0.49924523
0.49924505
0.49924535
0.49924523
0.49924523
0.4992451
0.4992451
0.499245
0.49924523
0.4992454
0.49924523
0.4992454
0.49924487
0.4992428
0.4992451
0.49924463
0.49924487
0.49924475
0.49924427
0.49924517
0.4992444
0.49924523
0.4992451
0.49924487
0.4992451
0.49924523
0.49924487
0.49924523
0.4992451
0.4992457
0.4992447
0.499245
0.49924487
0.49924546
0.499245
0.4992451
0.499245
0.49924517
0.499245
0.49924493
0.49924487
0.49924523
0.49924505
0.49924487
0.499245
0.49924427
0.4992451
0.49924517
0.49924457
0.49924517
0.499245
0.4992445
0.49924523
0.49924517
0.49924487
0.4992451
0.4992454
0.499245
0.4992448
0.49924487
0.4992445
0.49924487
0.49924475
0.49924487
0.49924475
0.4992451
0.49924535
0.4992444
0.49924475
0.49924487
0.4992451
0.49924517
0.4992451
0.4992448
0.49924535
0.499245
0.49924523
0.49924517
0.49924487
0.499245
0.49924487
0.4992451
0.4992451
0.49924523
0.499245
0.49924523
0.49924523
0.49924523
0.49924487
0.49924517
0.4992447
0.49924487
0.4992453
0.49924475
0.4992451
0.49924475
0.49924517
0.49924505
0.4992448
0.49924487
0.499245
0.49924487
0.4992448
0.4992448
0.499245
0.49924487
0.4992453
0.49924523
0.4992451
0.49924523
0.49924493
0.4992451
0.4992453
0.4992453
0.4992451
0.4992418
0.49924487
0.49924463
0.4992448
0.49924523
0.4992451
0.4992453
0.49924523
0.49924523
0.4992451
0.49924523
0.49924505
0.49924517
0.4992451
0.49924493
0.49924558
0.4992457
0.4992451
0.4992453
0.49924523
0.4992451
0.4992451
0.49924493
0.499245
0.49924523
0.4992447
0.4992451
0.49924713
0.49924517
0.49924493
0.49924427
0.499245
0.49924535
0.49924475
0.49924463
0.49924517
0.49924517
0.4992451
0.49924457
0.49924517
0.49924505
0.49924487
0.49924558
0.499245
0.4992453
0.49924546
0.4992453
0.4992451
0.4992448
0.49924523
0.499245
0.499245
0.49924523
0.49924392
0.49924523
0.49924535
0.4992445
0.49924517
0.49924523
0.49924487
0.49924546
0.4992451
0.49924523
0.49924487
0.4992448
0.4992451
0.49924546
0.499245
0.49924475
0.49924594
0.4992448
0.4992453
0.49924606
0.49924523
0.49924493
0.49924505
0.49924505
0.499245
0.499245
0.4992451
0.49924487
0.49924576
0.499245
0.49924546
0.49924463
0.499245
0.49924505
0.49924487
0.4992444
0.49924487
0.49924487
0.49924546
0.49924493
0.49924487
0.4992447
0.4992451
0.4992451
0.4992451
0.49924505
0.49924523
0.4992454
0.4992451
0.49924463
0.4992445
0.4992451
0.499245
0.49924505
0.49924523
0.4992451
0.49924523
0.49924487
0.49924475
0.49924487
0.4992448
0.4992451
0.499245
0.49924505
0.499245
0.49924505
0.499245
0.49924523
0.49924523
0.499245
0.49924487
0.49924594
0.49924475
0.49924493
0.49924523
0.49924546
0.49924392
0.499245
0.499245
0.49924487
0.49924523
0.4992451
0.49924487
0.499245
0.49924523
0.49924517
0.499245
0.4992451
0.4992447
0.4992451
0.499245
0.49924427
0.499245
0.4992447
0.49924487
0.4992451
0.499245
0.49924505
0.49924493
0.499245
0.49924505
0.49924523
0.49924523
0.49924523
0.4992448
0.49924523
0.4992451
0.49924487
0.49924505
0.499245
0.4992451
0.4992453
0.4992451
0.49924523
0.4992451
0.49924546
0.499245
0.49924487
0.49924475
0.49924475
0.49924523
0.4992451
0.49924535
0.49924523
0.49924457
0.4992454
0.499245
0.49924332
0.4992453
0.49924487
0.499245
0.499245
0.499245
0.4992453
0.499245
0.49924523
0.49924523
0.499245
0.499245
0.49924558
0.4992448
0.49924487
0.49924493
0.49924463
0.49924487
0.49924523
0.499245
0.49924523
0.49924493
0.49924523
0.4992453
0.49924523
0.499245
0.4992451
0.49924523
0.4992451
0.49924487
0.49924475
0.49924487
0.49924475
0.4992451
0.49924475
0.49924523
0.499245
0.49924523
0.4992451
0.49924487
0.49924487
0.49924523
0.49924546
0.499245
0.49924493
0.49924505
0.4992451
0.49924523
0.49924523
0.49924535
0.49924487
0.49924594
0.49924463
0.4992451
0.49924523
0.4992447
0.49924475
0.49924517
0.4992451
0.49924535
0.499245
0.4992451
0.49924487
0.49924558
0.49924535
0.49924517
0.49924523
0.49924493
0.499245
0.4992448
0.49924463
0.4992448
0.49924487
0.49924487
0.49924487
0.4992451
0.49924505
0.49924517
0.4992451
0.4992451
0.49924523
0.49924535
0.49924505
0.499245
0.49924493
0.49924535
0.49924475
0.49924493
0.49924487
0.49924535
0.49924463
0.49924523
0.49924552
0.4992451
0.49924487
0.49924517
0.4992451
0.4992451
0.49924535
0.499245
0.4992454
0.49924463
0.49924523
0.4992454
0.49924487
0.499245
0.49924487
0.49924487
0.4992451
0.4992451
0.49924523
0.49924523
0.4992448
0.4992451
0.49924517
0.49924558
0.49924523
0.49924505
0.49924552
0.49924523
0.49924493
0.499245
0.4992451
0.49924558
0.49924487
0.49924475
0.499245
0.49924505
0.49924475
0.49924523
0.4992445
0.4992453
0.49924558
0.49924517
0.49924505
0.49924535
0.499245
0.49924493
0.4992453
0.499245
0.49924475
0.499245
0.49924475
0.49924535
0.49924487
0.499245
0.499245
0.49924475
0.499243
0.49924487
0.49924535
0.4992451
0.49924535
0.4992448
0.49924463
0.4992453
0.4992453
0.4992451
0.49924523
0.49924475
0.4992451
0.49924505
0.499245
0.4992451
0.4992451
0.49924493
0.4992444
0.49924535
0.4992448
0.49924475
0.49924517
0.49924403
0.49924487
0.49924505
0.499245
0.49924523
0.4992451
0.49924487
0.49924517
0.4992451
0.49924427
0.49924517
0.49924546
0.49924487
0.499245
0.49924493
0.49924505
0.4992454
0.4992451
0.49924487
0.49924487
0.499245
0.49924487
0.49924535
0.49924505
0.499245
0.49924517
0.4992445
0.49924493
0.4992457
0.49924487
0.49924445
0.4992447
0.4992447
0.49924517
0.49924505
0.4992451
0.49924517
0.4992451
0.49924487
0.4992453
0.4992445
0.49924546
0.49924475
0.49924493
0.499245
0.49924535
0.499245
0.4992451
0.499245
0.49924475
0.4992451
0.499245
0.49924463
0.49924535
0.49924487
0.4992451
0.4992451
0.4992451
0.4992451
0.49924463
0.49924475
0.499245
0.4992447
0.49924493
0.49924475
0.49924517
0.499245
0.499245
0.49924523
0.4992453
0.4992451
0.49924487
0.49924523
0.49924517
0.499245
0.49924487
0.4992451
0.49924594
0.4992448
0.49924546
0.499245
0.49924475
0.49924517
0.49924517
0.49924523
0.499245
0.49924487
0.4992448
0.4992451
0.499245
0.49924523
0.4992451
0.49924505
0.49924523
0.49924517
0.49924505
0.49924517
0.499245
0.4992448
0.49924427
0.49924517
0.499245
0.4992445
0.49924487
0.49924475
0.49924523
0.49924546
0.49924487
0.49924487
0.49924487
0.49924535
0.49924487
0.4992438
0.49924493
0.49924475
0.49924475
0.49924487
0.4992451
0.499245
0.49924475
0.49924475
0.49924535
0.49924493
0.49924535
0.4992457
0.49924415
0.49924535
0.49924475
0.4992451
0.49924505
0.49924403
0.49924463
0.49924505
0.49924487
0.4992451
0.49924523
0.49924493
0.4992448
0.49924487
0.4992451
0.49924523
0.49924523
0.49924517
0.499245
0.49924517
0.49924558
0.4992451
0.49924505
0.499245
0.49924475
0.4992451
0.49924493
0.49924487
0.49924546
0.49924475
0.49924517
0.49924487
0.49924487
0.4992451
0.49924517
0.49924523
0.4992451
0.49924487
0.4992451
0.499245
0.499245
0.4992451
0.4992451
0.4992445
0.499245
0.49924523
0.49924523
0.49924457
0.49924523
0.4992451
0.4992451
0.49924487
0.4992451
0.49924487
0.499245
0.49924523
0.499245
0.49924517
0.49924517
0.49924475
0.499245
0.49924505
0.499245
0.4992451
0.49924517
0.49924523
0.49924487
0.4992451
0.49924517
0.49924487
0.49924487
0.49924487
0.49924523
0.4992448
0.49924523
0.49924487
0.49924475
0.49924463
0.4992451
0.4992447
0.49924505
0.49924487
0.4992454
0.49924505
0.49924487
0.4992447
0.4992447
0.49924523
0.49924523
0.49924505
0.4992444
0.49924427
0.49924487
0.4992453
0.49924493
0.499245
0.49924487
0.4992445
0.4992451
0.49924487
0.4992451
0.49924493
0.49924523
0.499245
0.49924552
0.4992451
0.4992448
0.49924505
0.49924487
0.49924517
0.49924523
0.49924535
0.49924523
0.499245
0.49924505
0.499245
0.49924582
0.4992451
0.4992453
0.49924487
0.49924487
0.49924493
0.49924475
0.49924523
0.49924493
0.49924475
0.4992451
0.4992448
0.4992451
0.49924523
0.49924487
0.49924487
0.499245
0.49924535
0.4992444
0.49924487
0.49924487
0.49924403
0.49924523
0.499245
0.49924475
0.49924535
0.49924523
0.49924463
0.4992451
0.49924487
0.49924475
0.4992451
0.4992451
0.49924487
0.499245
0.4992447
0.49924487
0.49924535
0.49924487
0.49924487
0.4992453
0.49924523
0.49924523
0.49924386
0.49924535
0.499245
0.499245
0.49924475
0.49924523
0.49924523
0.49924493
0.4992453
0.4992451
0.4992451
0.49924523
0.4992454
0.499245
0.49924487
0.49924487
0.49924493
0.49924487
0.49924475
0.49924523
0.499245
0.49924517
0.4992451
0.4992451
0.49924487
0.49924487
0.49924535
0.49924535
0.49924475
0.49924523
0.499245
0.4992444
0.499245
0.4992444
0.4992447
0.49924493
0.49924505
0.4992451
0.49924558
0.49924487
0.499245
0.4992453
0.49924523
0.49924517
0.49924487
0.49924505
0.49924493
0.49924535
0.499245
0.4992451
0.49924475
0.49924475
0.49924487
0.499245
0.49924487
0.49924523
0.4992442
0.499245
0.49924487
0.499245
0.49924475
0.49924523
0.499245
0.4992451
0.499245
0.49924517
0.499245
0.4992451
0.49924505
0.4992454
0.49924487
0.4992451
0.49924523
0.499245
0.4992451
0.49924535
0.499245
0.49924523
0.49924517
0.499245
0.4992451
0.499245
0.49924487
0.4992453
0.49924475
0.4992451
0.499245
0.49924475
0.49924487
0.49924457
0.49924475
0.49924505
0.49924517
0.49924487
0.49924535
0.499245
0.49924487
0.49924475
0.49924493
0.4992453
0.49924535
0.49924463
0.4992445
0.49924552
0.49924493
0.4992451
0.49924457
0.4992451
0.499245
0.4992451
0.49924487
0.4992451
0.49924517
0.49924523
0.49924535
0.49924505
0.49924642
0.49924415
0.4992451
0.49924487
0.4992445
0.499245
0.49924535
0.49924517
0.49924487
0.49924523
0.49924493
0.49924517
0.49924487
0.49924487
0.49924493
0.4992451
0.49924475
0.4992451
0.4992451
0.4992453
0.4992457
0.49924517
0.49924493
0.49924493
0.4992448
0.4992444
0.499245
0.49924552
0.49924487
0.49924386
0.499245
0.4992451
0.499245
0.4992451
0.49924546
0.49924523
0.499245
0.49924546
0.49924487
0.49924535
0.49924535
0.4992451
0.49924493
0.49924487
0.49924463
0.49924415
0.49924523
0.4992451
0.49924523
0.49924475
0.499245
0.49924505
0.4992451
0.49924487
0.49924487
0.49924505
0.49924475
0.49924475
0.4992451
0.49924523
0.4992454
0.49924535
0.49924523
0.49924505
0.49924523
0.49924475
0.4992451
0.49924487
0.49924535
0.4992451
0.49924517
0.49924517
0.4992448
0.499245
0.49924535
0.4992448
0.49924535
0.4992451
0.49924493
0.49924487
0.4992447
0.49924493
0.49924493
0.499245
0.49924523
0.49924487
0.499245
0.4992454
0.499245
0.49924535
0.4992447
0.49924505
0.4992451
0.499245
0.49924463
0.49924535
0.4992445
0.49924475
0.4992445
0.49924535
0.4992447
0.49924517
0.4992451
0.499245
0.49924558
0.4992453
0.49924475
0.49924487
0.49924523
0.4992451
0.49924523
0.4992453
0.49924517
0.4992451
0.49924475
0.49924505
0.49924517
0.49924535
0.4992448
0.499245
0.49924523
0.4992451
0.49924523
0.49924505
0.499245
0.49924523
0.49924493
0.49924505
0.49924517
0.49924535
0.49924582
0.49924535
0.4992457
0.49924463
0.49924475
0.49924523
0.49924517
0.49924487
0.49924505
0.49924493
0.49924517
0.499245
0.4992444
0.499245
0.49924505
0.49924475
0.49924475
0.4992451
0.4992451
0.499245
0.49924523
0.49924487
0.49924487
0.4992451
0.4992451
0.49924517
0.4992454
0.49924505
0.49924493
0.49924535
0.499245
0.49924463
0.49924535
0.49924493
0.49924487
0.49924493
0.4992451
0.49924493
0.49924546
0.49924475
0.49924487
0.4992466
0.49924487
0.49924517
0.49924487
0.49924487
0.49924523
0.4992451
0.49924493
0.49924523
0.49924535
0.49924463
0.49924487
0.49924493
0.49924517
0.49924523
0.49924475
0.4992451
0.49924546
0.49924475
0.49924487
0.49924517
0.49924475
0.49924487
0.49924523
0.499245
0.49924576
0.4992453
0.49924487
0.49924523
0.49924475
0.49924487
0.49924457
0.49924523
0.49924558
0.49924505
0.49924463
0.49924487
0.4992457
0.49924487
0.49924487
0.4992451
0.49924487
0.4992451
0.49924582
0.49924487
0.49924546
0.4992451
0.49924487
0.49924493
0.49924457
0.49924487
0.49924487
0.4992448
0.49924523
0.49924535
0.49924493
0.4992451
0.4992451
0.49924505
0.49924523
0.49924493
0.49924475
0.499245
0.49924505
0.4992448
0.49924523
0.499245
0.4992451
0.4992451
0.4992451
0.499245
0.49924546
0.49924487
0.49924463
0.4992441
0.49924475
0.49924487
0.49924535
0.49924523
0.49924535
0.499245
0.49924517
0.49924523
0.49924517
0.49924523
0.49924523
0.4992451
0.49924558
0.49924505
0.4992451
0.49924546
0.49924475
0.499245
0.4992447
0.49924475
0.49924487
0.49924505
0.4992453
0.49924517
0.49924546
0.499245
0.49924523
0.4992445
0.4992451
0.49924487
0.49924427
0.49924463
0.49924546
0.49924493
0.49924487
0.4992448
0.49924523
0.49924403
0.4992453
0.4992451
0.49924535
0.4992451
0.49924523
0.4992448
0.49924523
0.49924535
0.49924535
0.49924535
0.49924475
0.4992445
0.4992451
0.49924517
0.4992451
0.4992451
0.49924517
0.49924535
0.499245
0.49924463
0.4992451
0.49924523
0.499245
0.49924463
0.4992453
0.499245
0.4992451
0.4992451
0.49924487
0.49924457
0.49924523
0.499245
0.49924475
0.49924535
0.4992451
0.499245
0.49924475
0.49924523
0.49924517
0.49924487
0.4992451
0.4992451
0.49924517
0.49924493
0.4992454
0.49924505
0.49924487
0.4992451
0.4992448
0.4992447
0.49924523
0.49924475
0.49924493
0.49924487
0.49924535
0.49924523
0.49924505
0.49924475
0.49924415
0.49924523
0.49924535
0.49924523
0.49924487
0.49924523
0.49924487
0.499245
0.49924475
0.499245
0.49924517
0.4992451
0.49924463
0.49924487
0.49924493
0.499245
0.4992451
0.4992453
0.49924523
0.49924523
0.49924475
0.4992448
0.49924523
0.49924493
0.49924535
0.49924523
0.49924523
0.49924475
0.4992451
0.49924487
0.49924427
0.4992451
0.499245
0.49924535
0.49924463
0.49924523
0.4992445
0.4992457
0.499245
0.49924523
0.499245
0.4992454
0.4992451
0.499245
0.49924487
0.49924463
0.4992447
0.49924517
0.49924505
0.49924487
0.49924493
0.4992451
0.49924517
0.4992451
0.4992453
0.49924505
0.4992451
0.49924487
0.49924487
0.49924558
0.499245
0.49924505
0.49924523
0.49924505
0.49924493
0.4992445
0.49924487
0.4992451
0.49924475
0.49924517
0.49924487
0.49924487
0.4992448
0.49924475
0.499245
0.4992451
0.4992447
0.49924457
0.4992451
0.4992451
0.499245
0.4992451
0.49924487
0.49924487
0.49924523
0.49924475
0.4992451
0.49924487
0.49924523
0.49924487
0.49924487
0.4992451
0.49924523
0.49924523
0.49924493
0.499245
0.49924505
0.4992447
0.49924523
0.49924523
0.49924505
0.49924582
0.4992451
0.4992469
0.49924487
0.49924487
0.49924487
0.4992448
0.49924523
0.49924505
0.49924523
0.49924487
0.49924475
0.4992453
0.4992451
0.49924493
0.499245
0.49924487
0.49924523
0.49924535
0.49924505
0.49924523
0.49924463
0.49924487
0.4992448
0.49924487
0.49924535
0.49924362
0.49924535
0.49924535
0.49924523
0.49924505
0.49924564
0.4992451
0.4992451
0.499245
0.49924487
0.49924517
0.49924535
0.499245
0.49924552
0.49924487
0.49924523
0.4992448
0.49924487
0.49924523
0.49924475
0.49924546
0.49924463
0.4992444
0.4992453
0.4992453
0.49924582
0.4992453
0.49924493
0.49924493
0.4992451
0.49924535
0.49924475
0.49924463
0.49924523
0.49924558
0.49924463
0.49924487
0.499245
0.49924523
0.49924505
0.49924517
0.49924535
0.4992451
0.49924487
0.4992453
0.49924535
0.4992451
0.4992451
0.49924523
0.499245
0.499245
0.49924546
0.49924517
0.4992451
0.499245
0.49924487
0.49924505
0.49924505
0.49924475
0.49924517
0.49924535
0.4992453
0.49924517
0.4992448
0.49924475
0.49924463
0.49924487
0.499245
0.499245
0.499245
0.49924523
0.4992448
0.49924558
0.49924523
0.4992453
0.49924523
0.4992451
0.4992445
0.49924582
0.4992454
0.4992451
0.499245
0.49924523
0.4992451
0.4992451
0.499245
0.4992447
0.49924505
0.4992448
0.4992453
0.49924487
0.49924487
0.4992448
0.4992451
0.49924552
0.49924487
0.49924493
0.49924517
0.499245
0.49924445
0.49924523
0.4992451
0.49924523
0.4992451
0.49924546
0.49924487
0.4992451
0.4992451
0.4992451
0.49924523
0.49924517
0.49924487
0.499245
0.499245
0.4992451
0.49924475
0.49924523
0.49924636
0.4992451
0.49924523
0.49924517
0.4992451
0.49924487
0.49924487
0.4992451
0.4992451
0.4992451
0.49924487
0.49924463
0.49924517
0.499245
0.49924505
0.49924535
0.49924487
0.499245
0.4992444
0.4992445
0.49924487
0.49924493
0.49924493
0.49924505
0.49924517
0.499245
0.4992451
0.4992451
0.49924505
0.49924517
0.49924517
0.4992448
0.49924493
0.49924475
0.49924535
0.4992451
0.49924487
0.49924493
0.49924505
0.49924487
0.49924475
0.49924558
0.499245
0.49924505
0.49924523
0.49924552
0.499245
0.499245
0.4992445
0.4992438
0.4992451
0.4992445
0.49924523
0.49924517
0.49924523
0.49924523
0.49924475
0.49924517
0.49924463
0.4992448
0.499245
0.49924487
0.49924475
0.49924684
0.49924475
0.49924523
0.49924535
0.4992447
0.4992451
0.49924558
0.49924505
0.49924523
0.4992451
0.499245
0.49924493
0.49924475
0.49924523
0.49924517
0.499245
0.499245
0.499245
0.499245
0.499245
0.49924487
0.499245
0.499245
0.499245
0.4992453
0.4992457
0.49924517
0.49924523
0.49924475
0.4992451
0.49924463
0.4992453
0.4992451
0.4992451
0.4992451
0.49924487
0.49924523
0.49924523
0.499245
0.4992447
0.49924463
0.499245
0.499245
0.49924475
0.49924463
0.49924487
0.4992451
0.4992454
0.4992454
0.4992451
0.499245
0.49924487
0.49924523
0.49924463
0.49924523
0.4992451
0.4992451
0.49924487
0.499245
0.4992451
0.4992451
0.499245
0.49924493
0.4992451
0.49924487
0.49924552
0.49924487
0.49924546
0.49924487
0.49924523
0.49924475
0.4992444
0.49924487
0.4992451
0.49924523
0.499245
0.499245
0.49924505
0.49924523
0.499245
0.49924493
0.49924523
0.4992441
0.4992441
0.499245
0.4992451
0.49924505
0.499245
0.49924523
0.49924523
0.4992451
0.4992451
0.49924234
0.499245
0.4992451
0.49924463
0.4992444
0.499245
0.49924493
0.49924523
0.49924523
0.49924523
0.49924487
0.49924517
0.49924517
0.49924493
0.49924505
0.49924487
0.49924523
0.49924523
0.499245
0.4992451
0.49924558
0.4992453
0.499245
0.499245
0.49924523
0.49924475
0.4992451
0.49924475
0.49924475
0.4992445
0.4992444
0.49924517
0.4992444
0.49924445
0.499245
0.4992451
0.49924487
0.49924535
0.49924517
0.4992451
0.4992447
0.49924535
0.4992453
0.4992451
0.499245
0.49924535
0.4992451
0.49924493
0.49924535
0.4992453
0.49924475
0.4992453
0.49924487
0.49924517
0.499245
0.4992447
0.4992451
0.4992451
0.49924475
0.49924487
0.499245
0.4992451
0.499245
0.49924475
0.49924505
0.49924445
0.49924475
0.49924457
0.49924535
0.49924517
0.49924487
0.4992451
0.4992451
0.49924523
0.49924546
0.4992451
0.4992451
0.499245
0.49924505
0.49924517
0.49924546
0.49924523
0.49924523
0.499245
0.49924505
0.49924487
0.49924487
0.49924493
0.49924535
0.4992445
0.499245
0.499245
0.49924523
0.49924487
0.4992451
0.49924427
0.49924523
0.499245
0.49924517
0.49924517
0.49924505
0.49924487
0.49924523
0.49924493
0.4992453
0.49924505
0.49924517
0.49924535
0.49924523
0.49924427
0.49924558
0.49924517
0.4992451
0.49924535
0.49924487
0.49924505
0.4992447
0.4992447
0.49924546
0.49924523
0.49924463
0.499245
0.49924493
0.49924487
0.49924523
0.49924475
0.4992451
0.499245
0.49924487
0.49924487
0.49924523
0.4992454
0.49924523
0.499245
0.49924487
0.49924463
0.49924487
0.4992447
0.49924523
0.49924523
0.499245
0.49924523
0.49924487
0.49924445
0.49924487
0.49924487
0.4992451
0.49924523
0.49924517
0.49924535
0.49924475
0.49924493
0.4992444
0.49924475
0.4992451
0.49924523
0.49924523
0.4992451
0.49924475
0.499245
0.49924475
0.4992448
0.49924523
0.49924487
0.499245
0.49924517
0.4992451
0.49924475
0.49924487
0.49924523
0.499245
0.49924493
0.49924493
0.49924523
0.49924487
0.49924487
0.499245
0.49924523
0.49924523
0.49924487
0.49924535
0.4992448
0.49924517
0.49924487
0.499245
0.49924487
0.4992451
0.49924463
0.499245
0.499245
0.499245
0.49924475
0.49924493
0.4992448
0.49924523
0.4992448
0.4992448
0.49924475
0.4992448
0.49924505
0.49924535
0.49924517
0.49924523
0.49924493
0.49924546
0.49924475
0.49924487
0.4992451
0.499245
0.4992451
0.49924487
0.49924517
0.49924535
0.4992448
0.49924487
0.49924487
0.49924487
0.499245
0.49924487
0.49924546
0.49924523
0.49924487
0.49924356
0.4992451
0.499245
0.4992451
0.49924535
0.49924493
0.49924505
0.499245
0.49924535
0.499245
0.4992451
0.4992451
0.49924523
0.49924487
0.4992451
0.49924535
0.4992451
0.49924505
0.4992444
0.49924517
0.49924517
0.49924487
0.49924487
0.4992445
0.49924475
0.49924487
0.49924535
0.49924517
0.49924475
0.499245
0.49924523
0.49924546
0.4992448
0.49924564
0.49924535
0.499245
0.4992453
0.49924523
0.49924546
0.49924487
0.49924523
0.499246
0.49924487
0.49924517
0.49924535
0.49924493
0.49924487
0.4992448
0.4992451
0.4992451
0.49924505
0.49924517
0.4992451
0.49924546
0.499245
0.49924606
0.49924505
0.49924445
0.4992451
0.49924487
0.4992453
0.49924517
0.4992451
0.4992451
0.4992451
0.49924463
0.4992451
0.4992447
0.4992445
0.4992451
0.4992451
0.4992451
0.49924582
0.4992447
0.499245
0.49924487
0.4992453
0.4992451
0.49924523
0.4992451
0.49924523
0.49924505
0.49924493
0.4992451
0.49924463
0.499245
0.4992451
0.49924517
0.49924487
0.499245
0.499245
0.49924523
0.49924493
0.49924517
0.49924487
0.4992453
0.4992451
0.499245
0.4992451
0.499245
0.49924493
0.4992447
0.499245
0.4992447
0.49924523
0.49924487
0.49924344
0.49924475
0.49924463
0.4992453
0.49924493
0.499245
0.4992451
0.49924505
0.4992451
0.499245
0.49924475
0.499245
0.49924487
0.4992451
0.499245
0.499245
0.49924493
0.499245
0.49924517
0.49924463
0.49924487
0.49924517
0.4992451
0.49924487
0.49924523
0.49924523
0.49924523
0.49924523
0.49924493
0.49924546
0.4992451
0.4992451
0.49924487
0.49924463
0.49924535
0.4992451
0.49924487
0.49924535
0.49924487
0.49924493
0.49924523
0.49924505
0.49924463
0.4992448
0.49924487
0.49924535
0.4992453
0.49924535
0.4992451
0.4992448
0.49924493
0.49924487
0.4992451
0.49924535
0.49924618
0.4992448
0.4992451
0.4992453
0.4992451
0.49924216
0.499245
0.49924535
0.499245
0.4992451
0.49924523
0.4992451
0.49924487
0.49924487
0.499245
0.499245
0.4992444
0.4992448
0.4992451
0.49924523
0.49924487
0.499245
0.4992451
0.49924493
0.49924523
0.4992451
0.49924558
0.49924475
0.49924493
0.4992447
0.4992448
0.49924487
0.49924493
0.49924523
0.4992453
0.4992448
0.4992451
0.499245
0.4992448
0.49924475
0.49924523
0.49924523
0.49924493
0.49924475
0.4992453
0.49924487
0.499245
0.4992453
0.499245
0.49924535
0.49924505
0.4992448
0.49924517
0.4992441
0.4992448
0.499245
0.49924517
0.49924517
0.49924487
0.49924505
0.49924523
0.49924523
0.4992448
0.499245
0.499245
0.499245
0.49924523
0.4992451
0.49924487
0.49924356
0.4992451
0.49924487
0.49924475
0.4992451
0.49924517
0.4992451
0.4992451
0.499245
0.49924487
0.49924523
0.4992445
0.4992451
0.4992451
0.49924523
0.49924505
0.49924487
0.49924517
0.49924517
0.49924487
0.499245
0.49924463
0.49924475
0.499245
0.4992451
0.49924523
0.499245
0.4992448
0.4992451
0.49924535
0.49924523
0.49924523
0.499245
0.4992451
0.4992453
0.4992451
0.49924505
0.49924487
0.4992451
0.49924594
0.49924505
0.49924487
0.49924505
0.499245
0.4992453
0.49924487
0.49924487
0.4992448
0.49924523
0.49924487
0.4992451
0.49924487
0.499245
0.49924505
0.49924535
0.49924523
0.49924493
0.49924475
0.4992438
0.4992451
0.4992447
0.4992451
0.4992451
0.49924523
0.49924523
0.49924523
0.49924475
0.49924517
0.4992451
0.4992451
0.4992448
0.49924487
0.49924487
0.499245
0.49924487
0.49924487
0.49924463
0.499245
0.49924487
0.4992451
0.49924523
0.49924535
0.4992451
0.4992451
0.49924487
0.4992451
0.49924463
0.4992451
0.4992451
0.49924523
0.49924523
0.4992453
0.4992451
0.49924523
0.4992454
0.4992447
0.499245
0.49924487
0.49924493
0.49924523
0.4992445
0.49924505
0.49924493
0.49924505
0.499245
0.49924487
0.49924487
0.499245
0.499245
0.49924523
0.4992453
0.49924487
0.49924546
0.4992453
0.49924523
0.49924463
0.49924523
0.49924487
0.4992453
0.4992448
0.49924535
0.49924475
0.49924535
0.49924517
0.499245
0.4992448
0.49924487
0.499245
0.49924487
0.49924487
0.49924523
0.499245
0.49924493
0.49924487
0.49924523
0.49924475
0.4992451
0.499245
0.4992451
0.4992451
0.4992448
0.49924517
0.499245
0.499245
0.499245
0.49924505
0.49924517
0.49924517
0.49924487
0.499245
0.4992451
0.4992451
0.49924475
0.4992451
0.49924475
0.49924475
0.49924463
0.499245
0.49924463
0.49924535
0.4992448
0.49924487
0.499245
0.499245
0.4992451
0.49924463
0.49924493
0.4992451
0.49924517
0.4992451
0.49924582
0.499245
0.4992448
0.499245
0.49924505
0.49924535
0.49924463
0.4992451
0.49924475
0.49924475
0.49924517
0.49924403
0.499245
0.4992444
0.49924546
0.49924523
0.49924487
0.49924487
0.49924523
0.4992421
0.49924523
0.4992451
0.49924523
0.49924523
0.499245
0.49924517
0.499245
0.49924517
0.4992451
0.49924505
0.49924463
0.49924457
0.4992448
0.49924535
0.4992451
0.499245
0.49924493
0.4992451
0.49924582
0.49924493
0.4992447
0.4992451
0.499245
0.49924558
0.4992451
0.4992451
0.4992451
0.49924535
0.499245
0.4992451
0.4992451
0.4992453
0.499245
0.499245
0.4992451
0.49924505
0.49924517
0.49924463
0.499245
0.4992451
0.49924475
0.49924457
0.49924487
0.499245
0.49924523
0.49924666
0.49924487
0.49924475
0.49924475
0.4992453
0.49924487
0.49924487
0.49924523
0.49924493
0.49924487
0.49924523
0.4992451
0.4992451
0.49924523
0.49924517
0.499245
0.49924523
0.49924392
0.49924487
0.49924564
0.49924517
0.4992451
0.4992451
0.49924493
0.49924457
0.4992444
0.49924475
0.49924523
0.49924505
0.49924517
0.4992444
0.49924487
0.49924463
0.4992453
0.4992454
0.499245
0.4992451
0.49924475
0.49924552
0.4992451
0.4992451
0.49924463
0.49924523
0.49924517
0.49924427
0.49924475
0.49924523
0.499245
0.49924487
0.499245
0.49924523
0.49924535
0.4992448
0.49924505
0.4992451
0.49924535
0.4992451
0.4992451
0.49924523
0.49924523
0.49924535
0.49924505
0.49924487
0.49924487
0.49924487
0.49924505
0.49924475
0.49924475
0.49924523
0.49924523
0.4992451
0.49924517
0.49924517
0.4992451
0.49924523
0.49924517
0.49924505
0.4992451
0.4992451
0.4992451
0.4992445
0.49924487
0.49924487
0.499245
0.49924505
0.499245
0.4992451
0.49924523
0.49924517
0.49924552
0.4992451
0.49924523
0.499245
0.4992451
0.49924463
0.49924523
0.49924487
0.49924523
0.49924463
0.49924487
0.49924517
0.49924505
0.4992447
0.499245
0.49924576
0.49924523
0.49924523
0.49924523
0.49924523
0.4992448
0.49924546
0.49924487
0.49924475
0.49924523
0.49924487
0.49924493
0.49924523
0.49924505
0.49924493
0.4992451
0.49924523
0.49924487
0.49924523
0.49924523
0.499245
0.49924487
0.49924487
0.49924523
0.499245
0.4992451
0.49924535
0.49924523
0.49924517
0.499245
0.499245
0.49924487
0.49924487
0.499245
0.49924517
0.499245
0.4992451
0.49924648
0.49924463
0.4992451
0.49924523
0.49924535
0.4992451
0.49924487
0.49924493
0.499245
0.4992448
0.49924487
0.499245
0.4992451
0.499245
0.49924535
0.49924546
0.49924493
0.4992451
0.4992448
0.49924457
0.4992453
0.49924535
0.49924475
0.49924487
0.4992451
0.4992445
0.4992451
0.499245
0.49924517
0.499245
0.49924523
0.49924487
0.4992451
0.49924535
0.49924487
0.49924523
0.49924505
0.4992444
0.4992431
0.4992448
0.49924445
0.4992445
0.4992451
0.49924505
0.49924463
0.49924487
0.4992454
0.49924475
0.49924493
0.49924523
0.49924618
0.49924487
0.4992454
0.49924552
0.49924535
0.499245
0.4992453
0.49924546
0.499245
0.49924517
0.49924463
0.4992448
0.49924523
0.49924517
0.49924523
0.4992451
0.49924546
0.499245
0.499245
0.49924535
0.4992451
0.49924493
0.49924487
0.49924505
0.49924505
0.4992447
0.4992453
0.499245
0.49924517
0.4992447
0.49924475
0.49924475
0.49924234
0.49924475
0.49924487
0.499245
0.499245
0.49924535
0.499245
0.499245
0.49924493
0.4992451
0.49924457
0.4992451
0.49924493
0.4992451
0.499245
0.499245
0.4992451
0.4992448
0.49924487
0.4992453
0.49924475
0.4992451
0.49924493
0.49924505
0.4992447
0.49924523
0.4992454
0.49924523
0.49924475
0.4992451
0.4992451
0.49924475
0.49924487
0.49924493
0.49924403
0.499245
0.499245
0.49924368
0.4992451
0.49924487
0.49924487
0.49924523
0.4992448
0.49924487
0.499245
0.49924463
0.49924487
0.4992451
0.4992451
0.499245
0.499245
0.49924487
0.499245
0.49924523
0.49924493
0.49924487
0.49924475
0.499245
0.49924475
0.49924523
0.49924475
0.49924523
0.49924487
0.49924487
0.49924517
0.49924517
0.49924493
0.49924546
0.4992451
0.49924517
0.49924523
0.499245
0.49924427
0.4992453
0.49924517
0.49924475
0.4992448
0.49924535
0.49924523
0.49924475
0.49924475
0.49924475
0.4992451
0.49924475
0.49924487
0.49924493
0.49924535
0.49924427
0.49924505
0.49924493
0.49924517
0.49924505
0.49924445
0.4992453
0.49924523
0.49924475
0.49924487
0.499245
0.49924523
0.499245
0.49924535
0.499245
0.49924433
0.4992448
0.49924523
0.499245
0.49924487
0.49924535
0.4992453
0.4992454
0.49924427
0.49924535
0.49924523
0.49924475
0.49924487
0.49924475
0.4992445
0.499245
0.49924535
0.4992453
0.49924546
0.4992454
0.4992448
0.49924523
0.49924523
0.49924493
0.4992451
0.49924517
0.49924523
0.49924505
0.49924475
0.49924487
0.49924535
0.49924523
0.499245
0.4992451
0.4992448
0.49924546
0.499245
0.49924493
0.4992451
0.49924523
0.499245
0.4992451
0.49924487
0.499245
0.4992451
0.49924487
0.49924487
0.49924493
0.49924487
0.49924487
0.49924487
0.499245
0.49924487
0.4992451
0.49924535
0.49924523
0.4992445
0.49924535
0.4992451
0.49924487
0.49924493
0.4992451
0.499245
0.4992451
0.49924475
0.49924523
0.4992453
0.499245
0.4992451
0.4992447
0.499245
0.4992448
0.49924517
0.49924517
0.4992451
0.49924505
0.4992451
0.49924463
0.49924487
0.4992451
0.4992451
0.49924523
0.49924523
0.49924523
0.49924487
0.49924546
0.49924487
0.499245
0.49924523
0.4992448
0.49924457
0.49924523
0.4992451
0.4992444
0.4992448
0.49924505
0.49924487
0.49924505
0.49924517
0.49924505
0.4992451
0.49924475
0.49924487
0.4992451
0.4992451
0.49924487
0.49924582
0.4992447
0.49924487
0.49924475
0.499245
0.4992451
0.49924523
0.49924582
0.49924523
0.49924505
0.4992448
0.4992444
0.49924505
0.4992451
0.49924535
0.4992448
0.4992453
0.499245
0.4992451
0.49924487
0.499245
0.49924517
0.4992451
0.49924505
0.49924535
0.49924463
0.49924487
0.49924463
0.499245
0.4992451
0.4992453
0.499245
0.4992451
0.49924535
0.49924487
0.499245
0.499245
0.49924535
0.49924523
0.49924505
0.499245
0.49924493
0.49924487
0.499245
0.4992453
0.49924523
0.4992451
0.49924517
0.4992453
0.49924457
0.499245
0.499245
0.49924487
0.499245
0.49924475
0.49924475
0.4992451
0.49924588
0.4992451
0.49924523
0.49924475
0.49924493
0.49924505
0.499245
0.4992451
0.49924552
0.49924546
0.49924535
0.49924475
0.49924523
0.4992451
0.49924487
0.4992451
0.49924523
0.4992453
0.49924493
0.4992451
0.49924487
0.49924475
0.4992451
0.499245
0.49924475
0.49924487
0.49924487
0.49924493
0.49924287
0.49924493
0.49924535
0.49924523
0.49924487
0.4992451
0.4992451
0.49924517
0.49924517
0.499245
0.499245
0.4992451
0.4992451
0.49924523
0.49924475
0.49924475
0.49924427
0.4992447
0.49924332
0.4992451
0.49924463
0.49924487
0.49924487
0.4992453
0.4992451
0.49924493
0.49924487
0.49924505
0.499245
0.49924523
0.49924517
0.499245
0.49924463
0.49924487
0.499245
0.49924523
0.49924517
0.49924546
0.49924487
0.49924505
0.49924475
0.49924475
0.499245
0.499245
0.4992445
0.49924517
0.49924493
0.49924558
0.49924475
0.4992453
0.49924505
0.49924523
0.4992444
0.49924487
0.4992451
0.49924415
0.4992453
0.499245
0.49924487
0.499245
0.499245
0.49924445
0.4992448
0.49924475
0.49924505
0.49924517
0.49924517
0.49924523
0.49924535
0.49924505
0.49924475
0.49924517
0.49924535
0.49924523
0.49924487
0.49924523
0.4992451
0.4992451
0.49924475
0.499245
0.4992451
0.49924505
0.49924523
0.49924535
0.4992451
0.49924487
0.49924463
0.4992448
0.4992448
0.499245
0.49924523
0.49924487
0.49924505
0.49924487
0.4992444
0.4992451
0.49924463
0.49924475
0.49924523
0.49924546
0.49924535
0.49924493
0.4992447
0.49924487
0.499245
0.499245
0.499245
0.4992451
0.4992453
0.4992451
0.49924523
0.49924487
0.499245
0.49924517
0.49924487
0.4992451
0.49924535
0.499245
0.49924517
0.49924487
0.4992445
0.49924517
0.49924475
0.49924487
0.49924517
0.49924487
0.4992453
0.49924445
0.4992451
0.49924523
0.499245
0.4992445
0.49924558
0.49924493
0.49924487
0.49924523
0.49924475
0.49924356
0.49924475
0.4992451
0.49924517
0.4992444
0.49924463
0.49924433
0.49924505
0.4992453
0.49924487
0.49924523
0.49924505
0.49924517
0.4992451
0.4992453
0.49924487
0.49924523
0.49924546
0.4992445
0.4992453
0.4992448
0.4992451
0.499245
0.4992448
0.49924523
0.49924487
0.49924487
0.4992447
0.49924487
0.49924487
0.4992451
0.4992448
0.49924523
0.499245
0.499245
0.49924475
0.4992451
0.499245
0.49924523
0.4992451
0.4992444
0.499245
0.49924523
0.49924505
0.49924517
0.4992448
0.4992444
0.4992454
0.49924523
0.4992451
0.499245
0.49924463
0.4992451
0.49924505
0.4992451
0.49924505
0.4992447
0.49924475
0.49924463
0.4992451
0.49924475
0.49924475
0.499245
0.49924523
0.49924487
0.49924546
0.49924517
0.4992451
0.4992451
0.4992444
0.49924463
0.49924487
0.49924523
0.49924505
0.4992451
0.49924403
0.49924475
0.4992451
0.49924523
0.49924475
0.499245
0.499245
0.4992445
0.49924523
0.49924493
0.4992451
0.4992451
0.49924505
0.49924523
0.4992454
0.4992444
0.499245
0.49924487
0.49924517
0.49924487
0.4992451
0.4992457
0.49924517
0.49924523
0.49924523
0.49924427
0.49924546
0.49924493
0.499245
0.499245
0.49924535
0.4992451
0.499245
0.49924517
0.49924487
0.49924517
0.49924487
0.49924487
0.4992451
0.49924576
0.49924427
0.4992451
0.49924487
0.4992451
0.49924487
0.49924475
0.499245
0.49924487
0.49924546
0.49924433
0.49924546
0.49924517
0.4992453
0.4992451
0.4992451
0.49924517
0.4992451
0.499245
0.49924493
0.49924535
0.49924523
0.4992448
0.4992451
0.4992451
0.499245
0.4992451
0.49924475
0.49924523
0.49924463
0.49924403
0.49924523
0.4992453
0.49924475
0.4992453
0.49924505
0.49924517
0.49924546
0.49924475
0.49924535
0.49924475
0.49924546
0.49924487
0.49924475
0.49924475
0.499245
0.4992451
0.4992451
0.49924493
0.49924487
0.4992445
0.4992448
0.49924493
0.499245
0.4992448
0.499245
0.499245
0.4992451
0.49924505
0.49924505
0.4992451
0.49924475
0.4992448
0.499245
0.4992453
0.49924517
0.49924487
0.4992451
0.4992451
0.49924493
0.49924487
0.49924523
0.49924475
0.4992451
0.49924535
0.49924487
0.4992453
0.49924475
0.49924505
0.49924558
0.4992447
0.4992448
0.49924374
0.4992451
0.49924493
0.49924535
0.4992448
0.49924487
0.4992451
0.49924457
0.49924523
0.49924546
0.4992453
0.49924535
0.499245
0.49924523
0.49924427
0.49924487
0.49924523
0.49924535
0.49924535
0.49924475
0.49924523
0.49924493
0.4992451
0.49924475
0.49924463
0.4992453
0.49924487
0.49924535
0.4992451
0.49924475
0.49924505
0.49924517
0.4992451
0.499245
0.49924487
0.4992451
0.49924487
0.499245
0.499245
0.49924523
0.49924445
0.49924505
0.49924535
0.49924517
0.49924517
0.49924463
0.49924505
0.49924463
0.499245
0.49924523
0.4992451
0.4992451
0.49924475
0.4992447
0.49924475
0.49924487
0.4992451
0.49924415
0.49924475
0.49924517
0.49924487
0.499245
0.49924493
0.4992453
0.4992451
0.49924475
0.4992451
0.4992448
0.4992438
0.499245
0.499245
0.49924487
0.499245
0.49924475
0.49924523
0.4992451
0.49924487
0.499245
0.4992451
0.4992454
0.49924505
0.4992453
0.49924487
0.49924487
0.499245
0.49924535
0.49924505
0.49924463
0.499245
0.49924523
0.49924523
0.499245
0.49924523
0.49924546
0.49924487
0.49924523
0.49924493
0.4992451
0.49924523
0.4992451
0.49924535
0.49924392
0.4992451
0.49924493
0.4992448
0.49924582
0.49924493
0.49924523
0.49924487
0.49924475
0.49924445
0.49924475
0.49924558
0.4992448
0.49924523
0.499245
0.49924535
0.49924463
0.49924487
0.49924517
0.4992451
0.49924523
0.49924487
0.49924487
0.4992453
0.49924487
0.49924493
0.49924487
0.4992451
0.49924517
0.4992451
0.49924475
0.499245
0.4992453
0.499245
0.49924493
0.49924493
0.49924546
0.4992448
0.4992448
0.49924564
0.49924475
0.49924695
0.499245
0.49924475
0.49924523
0.49924475
0.4992448
0.4992453
0.49924463
0.49924475
0.499245
0.49924535
0.499245
0.49924535
0.4992451
0.49924475
0.49924546
0.49924546
0.4992451
0.49924523
0.4992451
0.49924523
0.49924487
0.49924523
0.4992447
0.4992451
0.49924505
0.49924487
0.499245
0.49924523
0.49924535
0.49924558
0.4992451
0.4992451
0.49924517
0.49924517
0.499245
0.4992448
0.4992451
0.4992451
0.499245
0.49924475
0.49924523
0.49924517
0.49924535
0.4992451
0.49924493
0.49924535
0.49924558
0.49924546
0.49924523
0.49924523
0.4992451
0.49924475
0.4992451
0.4992453
0.4992451
0.4992457
0.49924487
0.49924505
0.49924463
0.49924344
0.4992451
0.4992451
0.499245
0.49924517
0.49924523
0.4992448
0.4992453
0.4992453
0.4992445
0.49924523
0.4992447
0.49924523
0.49924523
0.49924463
0.4992451
0.49924517
0.49924475
0.49924487
0.4992451
0.49924505
0.49924517
0.4992451
0.499245
0.49924487
0.4992447
0.499245
0.4992451
0.49924415
0.49924523
0.499245
0.49924523
0.499245
0.49924517
0.499245
0.49924487
0.49924487
0.4992451
0.4992451
0.49924487
0.49924493
0.49924487
0.49924463
0.49924487
0.49924517
0.4992451
0.49924535
0.49924433
0.4992444
0.4992454
0.49924475
0.49924535
0.49924535
0.49924517
0.49924475
0.49924535
0.4992447
0.49924487
0.49924475
0.49924487
0.4992451
0.4992451
0.499245
0.499245
0.4992453
0.499245
0.49924517
0.4992451
0.4992448
0.49924505
0.49924475
0.4992453
0.49924463
0.49924487
0.49924523
0.499245
0.49924523
0.49924397
0.4992451
0.4992451
0.4992451
0.49924523
0.49924523
0.49924487
0.4992451
0.49924487
0.49924523
0.49924517
0.4992445
0.499245
0.49924535
0.4992451
0.49924487
0.49924493
0.49924475
0.4992451
0.49924487
0.49924505
0.49924487
0.49924535
0.49924487
0.499245
0.4992451
0.49924517
0.49924505
0.49924517
0.499245
0.49924517
0.49924517
0.49924487
0.499245
0.499245
0.49924523
0.49924523
0.49924493
0.49924523
0.49924487
0.49924475
0.499245
0.49924505
0.49924487
0.49924558
0.4992451
0.49924517
0.49924493
0.4992451
0.49924475
0.499245
0.49924517
0.4992451
0.499245
0.4992451
0.49924546
0.49924523
0.49924523
0.4992451
0.499245
0.4992448
0.4992447
0.49924493
0.4992444
0.49924523
0.4992448
0.49924523
0.49924487
0.49924505
0.499245
0.49924475
0.4992453
0.499245
0.49924487
0.49924493
0.4992453
0.4992453
0.49924487
0.49924517
0.4992451
0.4992453
0.49924463
0.49924523
0.49924535
0.4992451
0.49924517
0.49924475
0.49924517
0.49924523
0.49924535
0.4992451
0.49924535
0.4992451
0.49924523
0.49924493
0.4992451
0.49924475
0.499245
0.4992448
0.49924475
0.49924517
0.4992451
0.49924475
0.49924517
0.49924475
0.4992448
0.49924523
0.4992451
0.49924523
0.49924523
0.4992451
0.499245
0.49924475
0.4992451
0.4992451
0.4992451
0.49924415
0.49924505
0.49924523
0.49924523
0.4992451
0.49924487
0.49924475
0.4992451
0.4992451
0.49924463
0.49924493
0.49924487
0.49924505
0.499245
0.4992451
0.49924487
0.49924535
0.49924487
0.4992448
0.49924487
0.49924493
0.49924475
0.49924505
0.49924535
0.4992451
0.49924535
0.499245
0.49924493
0.49924487
0.49924535
0.4992451
0.49924517
0.49924523
0.49924487
0.49924535
0.4992448
0.49924517
0.4992451
0.49924397
0.49924535
0.4992447
0.49924463
0.49924523
0.49924457
0.499245
0.49924523
0.49924523
0.499245
0.49924523
0.4992445
0.49924475
0.499245
0.4992448
0.499245
0.49924523
0.499245
0.49924523
0.4992451
0.49924505
0.49924535
0.499245
0.4992453
0.49924535
0.49924523
0.499245
0.49924523
0.4992448
0.499245
0.499245
0.499245
0.49924487
0.4992453
0.49924457
0.49924487
0.49924487
0.499245
0.49924487
0.499245
0.499245
0.499245
0.49924505
0.499245
0.4992445
0.49924517
0.49924523
0.499245
0.4992451
0.49924523
0.49924523
0.4992445
0.4992451
0.49924505
0.499245
0.4992451
0.4992448
0.49924523
0.4992445
0.49924517
0.4992447
0.49924523
0.49924546
0.49924487
0.4992451
0.49924475
0.4992451
0.49924487
0.49924505
0.49924493
0.499245
0.49924487
0.49924427
0.49924523
0.49924487
0.49924487
0.49924535
0.49924493
0.4992451
0.499245
0.4992451
0.49924523
0.4992451
0.49924487
0.4992451
0.49924546
0.499245
0.4992448
0.49924475
0.49924523
0.4992448
0.4992451
0.49924463
0.49924535
0.49924517
0.49924487
0.49924505
0.49924487
0.49924523
0.49924517
0.49924517
0.49924487
0.499245
0.499245
0.499245
0.499245
0.49924517
0.4992444
0.49924493
0.4992451
0.49924457
0.499245
0.4992445
0.4992451
0.4992445
0.49924523
0.49924523
0.49924487
0.49924523
0.49924505
0.49924487
0.499245
0.49924475
0.49924487
0.49924475
0.4992451
0.49924517
0.49924427
0.4992451
0.4992451
0.4992448
0.4992445
0.49924475
0.49924463
0.49924517
0.4992451
0.49924475
0.49924487
0.49924517
0.4992451
0.499245
0.49924535
0.4992451
0.49924523
0.499245
0.49924415
0.49924523
0.4992451
0.49924517
0.4992451
0.49924487
0.49924463
0.499245
0.4992445
0.499245
0.49924493
0.49924552
0.49924523
0.4992451
0.49924535
0.499245
0.4992448
0.49924505
0.4992445
0.49924642
0.49924475
0.49924493
0.499245
0.49924505
0.49924546
0.49924457
0.49924475
0.49924505
0.49924487
0.499245
0.499245
0.49924463
0.4992451
0.49924487
0.49924487
0.4992451
0.49924505
0.4992448
0.4992451
0.49924552
0.49924457
0.49924487
0.49924523
0.499245
0.49924523
0.49924523
0.49924487
0.49924493
0.49924475
0.49924463
0.499245
0.49924475
0.49924475
0.49924493
0.49924415
0.49924535
0.49924487
0.49924487
0.499245
0.49924487
0.4992451
0.499245
0.49924487
0.499245
0.4992451
0.49924487
0.4992451
0.4992451
0.49924487
0.499245
0.4992451
0.4992451
0.49924535
0.49924475
0.49924475
0.499245
0.499245
0.499245
0.4992451
0.499245
0.4992451
0.49924523
0.4992451
0.4992457
0.4992451
0.49924535
0.49924493
0.49924535
0.499245
0.499245
0.4992453
0.4992451
0.49924475
0.4992451
0.4992451
0.49924475
0.49924523
0.49924487
0.49924493
0.49924487
0.4992444
0.49924922
0.49924493
0.49924505
0.49924523
0.4992448
0.49924487
0.49924505
0.4992451
0.49924535
0.499245
0.4992451
0.49924523
0.49924523
0.49924487
0.4992451
0.4992448
0.49924403
0.4992451
0.49924523
0.499245
0.4992451
0.49924457
0.499245
0.49924487
0.49924546
0.49924475
0.4992451
0.49924463
0.49924517
0.4992451
0.49924517
0.49924493
0.49924487
0.49924487
0.499245
0.4992451
0.4992451
0.4992451
0.49924546
0.4992451
0.4992451
0.49924523
0.49924463
0.49924523
0.499245
0.49924505
0.49924475
0.49924523
0.49924535
0.49924505
0.49924463
0.49924505
0.49924517
0.49924558
0.4992451
0.4992451
0.49924546
0.49924505
0.49924517
0.4992451
0.49924505
0.4992451
0.49924523
0.4992451
0.49924535
0.4992451
0.4992448
0.499245
0.49924523
0.49924505
0.499245
0.49924523
0.49924493
0.49924535
0.4992448
0.49924535
0.4992451
0.4992451
0.49924505
0.49924493
0.499245
0.49924487
0.49924487
0.49924523
0.499245
0.4992451
0.4992451
0.49924493
0.49924523
0.4992445
0.49924535
0.49924487
0.49924505
0.49924558
0.49924672
0.49924517
0.4992448
0.49924517
0.499245
0.49924535
0.49924487
0.4992451
0.49924523
0.49924535
0.4992454
0.49924475
0.49924487
0.49924517
0.499245
0.4992451
0.499245
0.49924493
0.49924523
0.49924487
0.4992448
0.4992451
0.4992451
0.49924487
0.49924558
0.499245
0.4992451
0.4992445
0.499245
0.499245
0.499245
0.49924487
0.49924523
0.49924475
0.49924517
0.49924487
0.4992453
0.4992451
0.499245
0.4992451
0.4992451
0.49924517
0.4992451
0.49924505
0.4992451
0.49924475
0.4992447
0.49924475
0.49924487
0.49924517
0.49924505
0.4992448
0.49924546
0.4992451
0.499245
0.49924475
0.499245
0.499245
0.4992451
0.4992451
0.499245
0.49924523
0.499245
0.49924535
0.4992445
0.4992451
0.49924427
0.49924523
0.49924535
0.49924493
0.49924523
0.499245
0.49924523
0.49924505
0.4992448
0.4992451
0.4992448
0.4992451
0.49924523
0.499245
0.4992451
0.4992453
0.49924505
0.49924487
0.49924523
0.49924535
0.49924523
0.49924517
0.49924523
0.49924523
0.49924487
0.49924505
0.4992451
0.49924523
0.49924505
0.4992451
0.49924487
0.4992451
0.499245
0.499245
0.4992451
0.49924523
0.49924487
0.49924523
0.49924505
0.49924487
0.4992451
0.49924475
0.49924463
0.499245
0.49924487
0.4992448
0.49924517
0.49924463
0.4992444
0.49924493
0.49924535
0.4992445
0.4992451
0.499245
0.49924487
0.49924523
0.49924523
0.49924535
0.4992448
0.499245
0.49924505
0.49924546
0.49924475
0.49924487
0.499245
0.49924475
0.499245
0.49924487
0.4992451
0.49924487
0.4992451
0.49924523
0.49924523
0.49924463
0.49924487
0.49924475
0.4992453
0.49924475
0.4992451
0.49924493
0.49924463
0.49924463
0.49924493
0.4992451
0.49924487
0.499245
0.4992451
0.49924517
0.49924493
0.499245
0.49924523
0.49924487
0.4992451
0.49924517
0.49924517
0.4992448
0.49924403
0.49924487
0.49924487
0.49924487
0.4992457
0.4992451
0.49924523
0.499245
0.49924475
0.49924493
0.49924523
0.49924535
0.499245
0.4992448
0.49924523
0.4992451
0.4992451
0.499245
0.49924487
0.49924517
0.499245
0.49924523
0.49924475
0.49924487
0.499245
0.499245
0.4992451
0.499245
0.4992451
0.49924475
0.49924487
0.4992445
0.49924517
0.4992453
0.49924493
0.49924558
0.49924475
0.49924487
0.49924523
0.49924487
0.49924523
0.49924487
0.49924475
0.4992451
0.49924523
0.49924487
0.49924487
0.49924517
0.49924487
0.49924517
0.49924505
0.4992451
0.4992451
0.4992454
0.4992451
0.49924505
0.499245
0.499245
0.499245
0.49924505
0.49924475
0.49924582
0.49924487
0.49924487
0.49924433
0.49924487
0.49924487
0.49924523
0.49924505
0.4992451
0.4992453
0.49924523
0.49924487
0.49924523
0.49924523
0.4992451
0.49924487
0.49924523
0.49924493
0.4992451
0.499245
0.49924493
0.49924487
0.49924523
0.4992451
0.499245
0.49924523
0.49924523
0.49924362
0.49924475
0.49924535
0.49924523
0.4992454
0.49924505
0.4992448
0.49924523
0.49924493
0.4992447
0.49924475
0.499245
0.49924523
0.49924487
0.49924487
0.49924523
0.4992451
0.49924475
0.49924535
0.4992451
0.4992453
0.49924558
0.4992451
0.49924487
0.499245
0.49924505
0.4992451
0.499245
0.49924487
0.4992438
0.49924523
0.49924558
0.49924463
0.49924523
0.49924523
0.49924517
0.49924487
0.49924517
0.499245
0.4992448
0.49924523
0.499245
0.49924517
0.49924535
0.49924463
0.49924487
0.499245
0.49924487
0.49924487
0.49924552
0.49924475
0.49924487
0.49924487
0.4992448
0.49924535
0.49924535
0.499245
0.49924558
0.49924493
0.49924546
0.499245
0.49924487
0.4992451
0.49924487
0.49924487
0.49924535
0.499245
0.49924493
0.49924523
0.4992453
0.49924457
0.4992453
0.499245
0.499245
0.4992451
0.49924523
0.4992457
0.4992451
0.499245
0.4992444
0.49924505
0.49924558
0.4992453
0.49924523
0.49924487
0.4992451
0.49924493
0.4992451
0.49924475
0.499245
0.49924475
0.4992453
0.49924475
0.4992451
0.49924517
0.49924487
0.49924487
0.49924487
0.4992451
0.49924487
0.49924463
0.4992451
0.49924505
0.49924487
0.4992448
0.4992451
0.49924487
0.4992451
0.49924487
0.49924487
0.49924493
0.49924535
0.499245
0.49924517
0.4992447
0.49924523
0.49924523
0.49924475
0.49924517
0.49924487
0.49924487
0.49924475
0.49924523
0.49924582
0.49924523
0.4992451
0.49924523
0.4992451
0.49924517
0.49924523
0.49924517
0.49924517
0.4992451
0.499245
0.499245
0.49924344
0.49924463
0.499245
0.49924475
0.4992432
0.499245
0.49924487
0.499245
0.49924517
0.49924463
0.4992451
0.49924517
0.4992451
0.4992451
0.49924505
0.49924475
0.4992448
0.49924558
0.4992451
0.49924493
0.49924445
0.49924493
0.49924487
0.49924517
0.4992451
0.49924487
0.4992451
0.49924523
0.4992444
0.49924523
0.49924517
0.49924523
0.4992451
0.49924487
0.49924517
0.499245
0.4992451
0.499245
0.49924505
0.49924475
0.4992451
0.499245
0.49924493
0.49924523
0.49924475
0.49924487
0.49924463
0.49924493
0.4992448
0.49924475
0.49924523
0.49924546
0.49924523
0.49924523
0.49924523
0.4992451
0.49924523
0.49924475
0.4992451
0.49924457
0.4992451
0.49924505
0.49924475
0.49924535
0.49924505
0.49924523
0.4992451
0.4992448
0.4992451
0.4992451
0.4992451
0.49924463
0.499245
0.49924487
0.49924505
0.49924552
0.4992451
0.4992448
0.49924535
0.49924535
0.49924403
0.49924475
0.49924487
0.499245
0.499245
0.49924487
0.499245
0.4992448
0.49924517
0.4992451
0.4992451
0.4992451
0.499245
0.4992453
0.49924517
0.49924487
0.499245
0.49924475
0.4992451
0.49924487
0.4992445
0.499245
0.4992453
0.4992451
0.49924517
0.49924493
0.4992451
0.49924487
0.4992451
0.49924523
0.49924517
0.49924493
0.499245
0.49924505
0.499245
0.49924475
0.4992447
0.49924523
0.49924546
0.4992451
0.4992448
0.4992451
0.4992447
0.499245
0.49924523
0.499245
0.49924523
0.49924487
0.4992454
0.4992451
0.4992451
0.49924487
0.49924523
0.499245
0.49924475
0.499245
0.499245
0.4992451
0.49924427
0.4992451
0.4992451
0.4992451
0.49924487
0.4992453
0.4992448
0.49924475
0.49924517
0.49924475
0.49924475
0.49924445
0.49924487
0.49924558
0.49924523
0.49924535
0.4992451
0.49924505
0.4992451
0.49924523
0.49924666
0.49924523
0.49924326
0.4992451
0.4992453
0.49924463
0.4992448
0.4992451
0.4992451
0.4992451
0.49924523
0.499245
0.49924535
0.49924535
0.4992451
0.49924475
0.49924475
0.49924475
0.4992453
0.49924505
0.49924523
0.4992451
0.499245
0.49924463
0.49924475
0.49924487
0.49924493
0.49924487
0.499245
0.49924475
0.49924523
0.49924517
0.4992451
0.49924463
0.49924517
0.49924523
0.4992451
0.49924433
0.49924523
0.4992451
0.49924475
0.499245
0.49924475
0.499245
0.4992444
0.49924475
0.4992451
0.49924523
0.49924463
0.49924523
0.49924523
0.4992453
0.4992451
0.4992451
0.499245
0.49924523
0.49924523
0.49924517
0.49924487
0.49924523
0.49924505
0.4992451
0.4992451
0.4992451
0.49924487
0.49924523
0.4992454
0.4992451
0.4992453
0.49924535
0.499245
0.4992457
0.49924487
0.49924523
0.49924505
0.4992448
0.49924535
0.49924535
0.49924487
0.49924517
0.49924487
0.4992448
0.4992445
0.49924463
0.49924493
0.49924415
0.49924558
0.4992451
0.4992454
0.4992444
0.49924463
0.49924517
0.49924523
0.4992451
0.49924487
0.49924535
0.499245
0.49924475
0.49924487
0.49924523
0.49924523
0.4992451
0.4992451
0.49924505
0.49924505
0.49924505
0.4992451
0.4992453
0.49924487
0.49924523
0.49924487
0.49924487
0.4992451
0.49924457
0.499245
0.49924433
0.49924517
0.49924546
0.49924475
0.4992451
0.49924427
0.4992451
0.49924493
0.49924487
0.4992451
0.49924535
0.49924505
0.4992451
0.499245
0.49924523
0.499245
0.499245
0.49924505
0.49924493
0.49924475
0.4992451
0.4992451
0.4992453
0.4992451
0.499245
0.4992451
0.4992451
0.49924493
0.499245
0.4992448
0.4992453
0.4992451
0.49924523
0.49924493
0.499246
0.499245
0.49924517
0.49924487
0.49924535
0.499245
0.499245
0.49924535
0.4992444
0.4992447
0.4992451
0.4992451
0.49924475
0.4992451
0.4992451
0.499245
0.49924546
0.4992451
0.49924463
0.49924487
0.4992451
0.499245
0.4992451
0.49924523
0.49924523
0.49924475
0.49924523
0.49924523
0.499245
0.49924487
0.4992451
0.4992444
0.4992451
0.499245
0.49924517
0.49924493
0.49924475
0.49924475
0.49924517
0.49924475
0.4992451
0.49924517
0.4992451
0.49924505
0.49924487
0.49924535
0.49924487
0.49924493
0.49924535
0.49924523
0.4992451
0.49924523
0.49924493
0.499245
0.4992451
0.49924535
0.49924487
0.4992453
0.499245
0.49924487
0.499245
0.49924535
0.49924487
0.49924487
0.4992451
0.4992451
0.49924535
0.49924523
0.4992451
0.49924523
0.4992448
0.49924517
0.49924546
0.49924392
0.499245
0.49924493
0.49924517
0.499245
0.49924487
0.49924487
0.499245
0.49924487
0.49924523
0.4992453
0.49924475
0.499245
0.4992451
0.49924505
0.49924475
0.49924517
0.4992451
0.4992454
0.49924463
0.4992451
0.49924475
0.499245
0.49924505
0.49924523
0.499245
0.49924475
0.49924535
0.4992451
0.49924505
0.49924487
0.49924493
0.49924487
0.4992447
0.49924505
0.49924523
0.49924535
0.499245
0.4992451
0.4992448
0.49924463
0.499245
0.4992447
0.4992445
0.49924523
0.499245
0.49924475
0.49924546
0.49924535
0.499245
0.49924523
0.49924558
0.49924487
0.499245
0.4992445
0.49924523
0.4992444
0.49924576
0.49924535
0.49924523
0.49924487
0.49924475
0.49924487
0.499245
0.49924523
0.4992448
0.49924517
0.4992448
0.49924523
0.4992451
0.49924487
0.4992451
0.49924487
0.49924475
0.4992451
0.4992453
0.49924523
0.49924487
0.49924463
0.49924463
0.49924475
0.49924523
0.49924523
0.49924487
0.499245
0.49924505
0.49924535
0.49924523
0.49924475
0.4992453
0.49924523
0.4992451
0.49924463
0.49924505
0.49924523
0.499245
0.49924487
0.49924546
0.49924523
0.4992448
0.49924487
0.49924487
0.499245
0.499245
0.49924493
0.49924487
0.4992453
0.49924487
0.49924463
0.499245
0.49924505
0.49924523
0.49924475
0.4992451
0.49924552
0.4992454
0.49924523
0.4992451
0.49924487
0.49924523
0.49924523
0.49924517
0.49924517
0.499245
0.49924403
0.499245
0.49924487
0.49924487
0.49924493
0.49924487
0.499245
0.49924493
0.49924517
0.499245
0.49924475
0.49924505
0.4992451
0.49924517
0.4992448
0.49924505
0.49924475
0.4992451
0.49924523
0.49924517
0.4992444
0.4992451
0.499245
0.4992451
0.49924517
0.49924535
0.4992451
0.49924487
0.4992451
0.49924487
0.499245
0.49924457
0.49924535
0.4992451
0.49924517
0.49924493
0.49924475
0.49924523
0.4992451
0.499245
0.49924505
0.49924487
0.49924535
0.499245
0.4992454
0.4992451
0.49924517
0.49924517
0.49924517
0.49924475
0.49924546
0.499245
0.49924487
0.4992457
0.49924517
0.49924475
0.4992451
0.4992451
0.49924475
0.499245
0.4992451
0.499245
0.49924523
0.49924493
0.49924535
0.4992451
0.49924487
0.49924523
0.4992448
0.49924517
0.4992451
0.499245
0.49924523
0.49924487
0.4992451
0.499245
0.49924594
0.4992447
0.49924475
0.4992451
0.49924517
0.49924475
0.4992451
0.49924523
0.49924505
0.49924487
0.49924523
0.49924487
0.49924487
0.4992451
0.499245
0.4992448
0.499245
0.49924493
0.49924487
0.499245
0.49924505
0.49924505
0.49924523
0.49924487
0.49924505
0.4992453
0.49924535
0.4992451
0.4992451
0.49924493
0.499245
0.49924475
0.49924475
0.499245
0.499245
0.4992451
0.49924523
0.499245
0.49924487
0.49924535
0.499245
0.4992451
0.4992447
0.49924487
0.499245
0.499245
0.4992451
0.499245
0.49924463
0.49924505
0.49924517
0.49924505
0.49924487
0.49924517
0.49924523
0.4992445
0.49924445
0.49924523
0.49924535
0.49924493
0.49924505
0.49924523
0.499245
0.499245
0.4992451
0.49924535
0.49924487
0.4992451
0.49924523
0.49924493
0.4992451
0.49924487
0.49924475
0.49924535
0.49924523
0.4992453
0.499245
0.49924535
0.49924487
0.4992453
0.4992451
0.49924523
0.499245
0.49924487
0.499245
0.4992444
0.49924523
0.4992451
0.49924475
0.499245
0.4992451
0.49924463
0.49924475
0.499245
0.4992451
0.49924493
0.4992447
0.49924415
0.4992448
0.4992451
0.49924493
0.4992448
0.49924523
0.49924463
0.49924517
0.49924523
0.4992451
0.4992444
0.4992457
0.49924475
0.49924523
0.49924487
0.4992451
0.499245
0.49924475
0.499245
0.499245
0.49924505
0.49924487
0.49924493
0.4992444
0.49924487
0.49924523
0.4992445
0.49924493
0.4992451
0.49924523
0.49924493
0.49924523
0.499245
0.49924546
0.49924463
0.4992451
0.49924523
0.49924535
0.499245
0.4992451
0.499245
0.4992451
0.499245
0.499245
0.49924487
0.49924487
0.49924493
0.49924523
0.4992451
0.4992451
0.49924463
0.49924493
0.49924505
0.49924535
0.4992451
0.4992451
0.49924475
0.499245
0.49924523
0.49924523
0.49924517
0.4992453
0.4992451
0.4992451
0.4992451
0.49924523
0.499245
0.49924523
0.4992453
0.49924487
0.49924535
0.49924535
0.4992451
0.4992451
0.49924535
0.4992453
0.49924523
0.4992445
0.49924475
0.49924523
0.49924523
0.49924493
0.49924463
0.4992451
0.4992441
0.49924523
0.4992451
0.49924487
0.4992457
0.49924517
0.4992451
0.4992451
0.49924505
0.4992451
0.49924546
0.49924505
0.499245
0.49924517
0.49924505
0.49924517
0.4992448
0.4992451
0.49924523
0.4992451
0.499245
0.499245
0.49924523
0.49924546
0.499245
0.49924535
0.49924523
0.49924523
0.49924523
0.49924505
0.49924487
0.49924505
0.49924535
0.4992454
0.49924493
0.4992451
0.49924505
0.49924523
0.499245
0.49924535
0.49924517
0.49924487
0.49924523
0.4992451
0.49924505
0.4992447
0.49924487
0.4992451
0.4992451
0.499245
0.49924535
0.49924505
0.499245
0.4992453
0.4992444
0.4992451
0.4992451
0.49924558
0.49924505
0.49924523
0.49924475
0.4992451
0.49924487
0.49924487
0.49924523
0.49924517
0.49924427
0.49924517
0.49924523
0.4992451
0.49924535
0.49924523
0.4992451
0.49924517
0.49924535
0.49924505
0.49924517
0.49924487
0.4992453
0.49924535
0.49924463
0.499245
0.4992451
0.49924517
0.4992451
0.49924487
0.499245
0.499245
0.499245
0.49924523
0.499245
0.49924505
0.499245
0.49924487
0.49924523
0.49924523
0.49924475
0.49924463
0.49924487
0.49924475
0.49924493
0.49924487
0.4992451
0.49924535
0.49924523
0.49924487
0.49924505
0.49924535
0.4992447
0.49924505
0.4992451
0.4992451
0.49924523
0.49924546
0.4992451
0.49924475
0.49924523
0.4992442
0.49924487
0.49924487
0.49924517
0.49924523
0.49924535
0.49924505
0.49924487
0.4992451
0.499245
0.49924523
0.49924487
0.49924523
0.499245
0.49924505
0.49924523
0.499245
0.49924535
0.49924505
0.49924493
0.49924487
0.49924487
0.49924493
0.49924535
0.4992457
0.49924415
0.49924487
0.49924487
0.49924487
0.49924487
0.499245
0.49924487
0.4992447
0.4992448
0.49924517
0.49924523
0.49924517
0.4992453
0.49924523
0.499245
0.4992451
0.49924535
0.49924487
0.4992451
0.49924487
0.49924535
0.499245
0.49924475
0.4992453
0.49924397
0.4992451
0.4992451
0.4992451
0.499245
0.49924558
0.49924517
0.49924487
0.49924523
0.499245
0.49924475
0.49924505
0.4992451
0.4992451
0.49924487
0.49924463
0.49924487
0.49924517
0.49924523
0.4992451
0.49924505
0.4992451
0.49924463
0.4992451
0.499245
0.4992451
0.499245
0.49924505
0.49924517
0.49924475
0.49924487
0.4992451
0.4992453
0.49924487
0.49924558
0.49924517
0.49924463
0.49924535
0.49924523
0.49924517
0.49924487
0.49924427
0.499245
0.499245
0.49924523
0.49924535
0.4992453
0.49924487
0.4992451
0.49924523
0.4992451
0.4992451
0.4992453
0.4992451
0.499245
0.49924487
0.499245
0.49924475
0.49924505
0.49924517
0.49924535
0.49924535
0.4992451
0.49924523
0.49924523
0.49924505
0.49924475
0.4992451
0.49924517
0.4992451
0.49924535
0.49924517
0.4992453
0.4992451
0.49924475
0.49924523
0.499245
0.49924463
0.49924517
0.499245
0.4992444
0.49924487
0.499245
0.4992451
0.4992451
0.49924523
0.49924493
0.49924487
0.4992451
0.49924487
0.49924487
0.499245
0.4992442
0.49924523
0.49924463
0.49924546
0.49924523
0.49924517
0.4992445
0.499245
0.49924535
0.4992453
0.4992451
0.499245
0.4992448
0.49924487
0.4992448
0.49924475
0.4992451
0.49924535
0.49924493
0.49924493
0.49924487
0.49924493
0.4992451
0.49924523
0.49924523
0.4992451
0.4992447
0.499245
0.49924558
0.49924517
0.49924517
0.49924487
0.49924493
0.499245
0.4992451
0.49924523
0.49924463
0.49924517
0.49924374
0.49924487
0.4992451
0.49924475
0.49924487
0.499245
0.49924475
0.49924517
0.4992451
0.49924523
0.4992451
0.49924523
0.49924475
0.49924517
0.49924517
0.49924487
0.49924546
0.49924523
0.4992445
0.4992451
0.49924415
0.49924487
0.4992451
0.49924523
0.49924487
0.499245
0.49924392
0.499245
0.49924487
0.49924457
0.499245
0.49924546
0.49924505
0.4992444
0.49924475
0.49924523
0.49924487
0.49924564
0.49924487
0.49924523
0.4992451
0.49924523
0.4992453
0.49924523
0.49924487
0.49924487
0.49924546
0.4992451
0.49924493
0.4992451
0.49924523
0.49924546
0.49924487
0.49924523
0.499245
0.49924517
0.4992451
0.4992447
0.4992445
0.49924493
0.49924523
0.49924463
0.49924517
0.4992448
0.49924517
0.499245
0.4992448
0.49924475
0.49924505
0.4992463
0.4992451
0.49924493
0.49924493
0.49924493
0.49924445
0.499245
0.499245
0.499245
0.499245
0.499245
0.4992451
0.49924523
0.49924523
0.4992453
0.4992447
0.49924517
0.49924487
0.4992448
0.4992451
0.49924487
0.499245
0.4992451
0.49924523
0.4992445
0.4992451
0.49924558
0.49924493
0.49924487
0.49924535
0.49924505
0.49924487
0.49924535
0.499245
0.499245
0.49924535
0.49924463
0.49924535
0.49924475
0.4992432
0.499245
0.499245
0.4992448
0.49924493
0.49924535
0.4992453
0.4992453
0.49924523
0.4992442
0.4992454
0.4992453
0.49924523
0.4992451
0.49924523
0.49924546
0.49924493
0.49924487
0.49924523
0.49924505
0.499245
0.49924487
0.49924487
0.4992444
0.49924463
0.49924475
0.49924523
0.4992451
0.499245
0.49924493
0.4992451
0.49924493
0.49924493
0.4992445
0.49924475
0.4992454
0.49924517
0.49924427
0.49924493
0.49924505
0.49924523
0.499245
0.49924487
0.49924523
0.49924487
0.49924493
0.49924493
0.49924523
0.49924487
0.49924535
0.4992451
0.49924535
0.499245
0.4992451
0.499245
0.4992451
0.4992448
0.49924523
0.4992451
0.49924588
0.49924517
0.49924523
0.4992451
0.4992451
0.49924546
0.499245
0.49924517
0.499245
0.49924487
0.49924487
0.49924523
0.49924558
0.4992445
0.49924475
0.49924505
0.49924475
0.4992451
0.499245
0.49924636
0.49924487
0.49924523
0.49924386
0.49924606
0.499245
0.49924505
0.499245
0.49924475
0.49924523
0.49924546
0.49924487
0.49924535
0.49924523
0.49924517
0.4992451
0.4992445
0.49924505
0.499245
0.4992451
0.49924487
0.499245
0.49924493
0.49924517
0.49924523
0.499245
0.49924475
0.49924487
0.49924517
0.499245
0.49924517
0.4992453
0.49924403
0.49924517
0.49924493
0.499245
0.49924487
0.4992451
0.49924546
0.4992448
0.49924523
0.49924493
0.4992444
0.49924517
0.499245
0.49924493
0.4992451
0.49924523
0.4992451
0.49924463
0.49924493
0.49924523
0.4992445
0.4992451
0.499245
0.49924415
0.49924487
0.49924523
0.49924535
0.49924487
0.49924487
0.49924523
0.49924463
0.49924487
0.49924493
0.499245
0.499245
0.49924487
0.4992451
0.49924475
0.49924493
0.4992451
0.4992451
0.49924487
0.49924493
0.499245
0.49924523
0.499245
0.499245
0.499245
0.49924475
0.49924535
0.49924523
0.4992444
0.49924493
0.4992448
0.49924475
0.499245
0.49924523
0.49924517
0.4992451
0.49924505
0.49924535
0.4992444
0.49924523
0.499245
0.49924517
0.4992451
0.49924535
0.4992451
0.49924523
0.4992451
0.49924463
0.49924523
0.4992451
0.49924487
0.49924523
0.49924487
0.49924487
0.49924517
0.49924505
0.49924523
0.49924475
0.499245
0.49924493
0.49924463
0.49924523
0.4992451
0.4992451
0.49924487
0.499245
0.49924523
0.49924523
0.49924523
0.4992445
0.49924475
0.49924487
0.4992451
0.4992451
0.4992451
0.4992447
0.4992451
0.499245
0.49924523
0.499245
0.49924475
0.49924505
0.49924475
0.4992451
0.49924582
0.49924535
0.4992448
0.499245
0.499245
0.499245
0.49924493
0.49924517
0.49924493
0.49924463
0.49924487
0.49924493
0.4992448
0.49924564
0.49924546
0.49924415
0.49924493
0.4992454
0.49924523
0.49924517
0.499245
0.4992447
0.4992451
0.49924487
0.4992451
0.4992451
0.49924463
0.49924487
0.49924487
0.4992448
0.49924535
0.499245
0.499245
0.49924493
0.49924332
0.4992451
0.499245
0.4992444
0.49924523
0.49924493
0.4992451
0.49924517
0.49924582
0.4992451
0.499245
0.49924487
0.4992453
0.499245
0.49924523
0.49924487
0.4992451
0.4992451
0.4992451
0.49924523
0.49924523
0.4992451
0.4992451
0.499245
0.4992451
0.499245
0.4992448
0.49924475
0.499245
0.499245
0.499245
0.4992448
0.49924493
0.4992451
0.49924487
0.49924487
0.49924445
0.49924487
0.4992448
0.49924487
0.49924493
0.49924487
0.49924523
0.49924493
0.4992453
0.49924463
0.49924475
0.499245
0.4992451
0.4992451
0.4992445
0.499245
0.499245
0.4992451
0.4992447
0.4992451
0.49924594
0.4992451
0.4992453
0.49924535
0.49924517
0.4992451
0.49924517
0.49924517
0.49924487
0.4992451
0.499245
0.499245
0.4992451
0.49924505
0.499245
0.49924487
0.4992451
0.499245
0.499245
0.49924487
0.49924535
0.49924487
0.49924487
0.4992448
0.49924505
0.49924535
0.49924475
0.49924523
0.49924523
0.4992453
0.499245
0.4992448
0.49924523
0.499245
0.4992451
0.49924546
0.49924475
0.499245
0.49924558
0.4992454
0.49924427
0.499245
0.4992444
0.49924475
0.499245
0.49924523
0.49924487
0.499245
0.4992451
0.49924505
0.49924535
0.49924523
0.49924505
0.499245
0.49924523
0.499245
0.49924523
0.4992451
0.49924523
0.499245
0.499245
0.49924487
0.49924487
0.4992444
0.49924535
0.49924487
0.49924487
0.4992448
0.499245
0.49924523
0.4992451
0.499245
0.4992445
0.49924505
0.4992445
0.49924505
0.4992451
0.4992454
0.499245
0.4992448
0.499245
0.49924523
0.49924523
0.49924487
0.49924475
0.4992457
0.49924493
0.4992454
0.49924487
0.49924445
0.4992448
0.49924517
0.49924535
0.49924487
0.4992447
0.49924535
0.4992451
0.499245
0.499245
0.499245
0.49924523
0.49924517
0.49924546
0.49924487
0.49924523
0.499245
0.499245
0.49924523
0.49924463
0.4992453
0.4992447
0.49924487
0.4992444
0.49924493
0.49924523
0.49924475
0.49924487
0.4992451
0.49924546
0.4992451
0.49924475
0.49924558
0.49924505
0.499245
0.49924487
0.49924487
0.4992447
0.49924552
0.49924535
0.49924505
0.499245
0.49924475
0.49924487
0.4992451
0.49924523
0.499245
0.49924487
0.4992451
0.4992451
0.499245
0.4992451
0.4992451
0.4992454
0.49924493
0.49924487
0.49924493
0.499245
0.499245
0.49924505
0.49924505
0.49924487
0.49924535
0.4992453
0.49924505
0.499245
0.49924493
0.49924517
0.49924523
0.49924487
0.4992451
0.4992448
0.49924493
0.499245
0.49924535
0.4992451
0.49924505
0.499245
0.49924505
0.49924535
0.49924505
0.49924517
0.49924493
0.4992451
0.49924463
0.4992451
0.499245
0.49924558
0.499245
0.4992451
0.4992448
0.49924523
0.4992451
0.499245
0.49924475
0.49924493
0.49924523
0.49924475
0.4992451
0.49924475
0.4992445
0.4992451
0.4992451
0.49924487
0.49924493
0.49924523
0.49924517
0.499245
0.499245
0.49924475
0.49924535
0.4992445
0.49924487
0.49924463
0.49924475
0.49924487
0.4992451
0.49924475
0.499245
0.4992451
0.4992451
0.4992451
0.49924517
0.49924487
0.4992445
0.4992453
0.49924475
0.4992453
0.49924523
0.49924487
0.49924487
0.499245
0.49924523
0.49924558
0.49924475
0.4992451
0.49924535
0.49924535
0.49924535
0.49924523
0.4992454
0.4992451
0.49924535
0.499245
0.499245
0.4992451
0.4992451
0.4992448
0.4992451
0.49924493
0.49924517
0.4992451
0.4992453
0.49924505
0.49924475
0.49924487
0.499245
0.49924475
0.49924475
0.49924505
0.4992448
0.49924535
0.49924475
0.4992451
0.4992451
0.49924487
0.49924415
0.49924487
0.4992432
0.49924493
0.49924517
0.4992451
0.4992451
0.499245
0.49924487
0.49924517
0.49924505
0.499245
0.499245
0.4992454
0.499245
0.4992448
0.4992451
0.4992444
0.49924546
0.49924463
0.49924523
0.4992447
0.499245
0.4992454
0.49924505
0.499245
0.4992451
0.49924433
0.49924487
0.49924594
0.4992451
0.49924433
0.49924517
0.49924564
0.49924475
0.4992451
0.49924517
0.49924517
0.49924487
0.49924487
0.499245
0.49924523
0.49924493
0.49924475
0.49924493
0.49924463
0.49924523
0.49924457
0.49924493
0.49924535
0.49924475
0.499245
0.49924505
0.49924487
0.499245
0.49924487
0.4992451
0.499245
0.49924475
0.499245
0.49924505
0.49924517
0.49924517
0.4992451
0.4992451
0.49924475
0.4992453
0.49924463
0.4992451
0.49924546
0.49924487
0.49924523
0.49924517
0.499245
0.49924475
0.4992451
0.4992445
0.49924505
0.4992448
0.499245
0.49924517
0.499245
0.4992453
0.49924475
0.49924505
0.4992451
0.49924475
0.49924475
0.499245
0.49924487
0.4992444
0.49924546
0.49924505
0.4992453
0.499245
0.4992451
0.499245
0.49924475
0.49924487
0.49924493
0.49924535
0.49924505
0.49924517
0.4992451
0.49924552
0.49924535
0.4992454
0.49924463
0.49924517
0.4992451
0.499245
0.49924523
0.4992445
0.499245
0.4992444
0.49924487
0.49924523
0.49924463
0.499245
0.499245
0.49924523
0.499245
0.49924463
0.499245
0.4992451
0.49924487
0.49924493
0.49924523
0.4992451
0.49924654
0.49924433
0.49924517
0.4992448
0.49924493
0.49924493
0.4992453
0.4992451
0.4992453
0.49924463
0.49924463
0.49924487
0.49924535
0.49924493
0.4992451
0.49924546
0.49924505
0.49924523
0.499245
0.499245
0.4992453
0.4992448
0.49924487
0.49924523
0.499245
0.4992448
0.499245
0.49924433
0.49924475
0.49924487
0.49924517
0.49924523
0.49924487
0.49924487
0.49924523
0.49924523
0.49924487
0.49924475
0.4992448
0.4992451
0.49924523
0.4992454
0.4992445
0.49924493
0.49924523
0.4992451
0.499245
0.4992453
0.49924505
0.499245
0.4992451
0.49924505
0.49924487
0.49924517
0.499245
0.4992451
0.4992451
0.4992451
0.49924523
0.4992451
0.49924487
0.4992451
0.49924493
0.49924487
0.49924517
0.4992453
0.49924505
0.49924487
0.49924445
0.49924386
0.4992451
0.49924487
0.49924487
0.49924523
0.49924535
0.49924487
0.49924517
0.49924356
0.49924475
0.49924523
0.499245
0.499245
0.4992453
0.4992451
0.49924463
0.4992451
0.4992447
0.499245
0.4992454
0.49924487
0.49924475
0.49924493
0.49924493
0.49924523
0.499245
0.4992451
0.49924558
0.4992447
0.4992451
0.49924546
0.499245
0.49924523
0.4992451
0.4992448
0.49924505
0.49924523
0.4992442
0.49924493
0.49924523
0.49924487
0.4992451
0.499245
0.49924505
0.49924493
0.49924403
0.499245
0.49924487
0.4992453
0.49924523
0.49924487
0.4992447
0.4992445
0.49924487
0.4992454
0.4992448
0.49924535
0.499245
0.499245
0.49924475
0.49924535
0.49924523
0.4992451
0.4992451
0.49924523
0.49924523
0.4992453
0.499245
0.49924535
0.4992445
0.4992453
0.49924475
0.49924523
0.49924505
0.4992451
0.49924523
0.4992453
0.49924523
0.49924487
0.499245
0.49924546
0.4992451
0.4992444
0.4992451
0.499245
0.49924475
0.4992451
0.49924535
0.4992447
0.4992453
0.499245
0.49924523
0.49924523
0.499245
0.49924523
0.499245
0.49924487
0.49924535
0.49924487
0.49924487
0.49924523
0.49924523
0.49924475
0.49924535
0.49924523
0.49924475
0.49924523
0.49924475
0.49924487
0.499245
0.49924487
0.499245
0.49924517
0.49924505
0.499245
0.4992451
0.49924523
0.49924535
0.499245
0.4992451
0.4992451
0.49924517
0.4992451
0.4992451
0.49924523
0.49924487
0.49924523
0.49924535
0.4992448
0.49924523
0.49924505
0.49924523
0.4992445
0.49924523
0.4992457
0.499245
0.4992451
0.499245
0.49924475
0.4992451
0.49924493
0.4992451
0.499245
0.49924523
0.49924505
0.49924535
0.49924654
0.49924487
0.49924487
0.4992445
0.49924517
0.49924523
0.499245
0.49924216
0.4992448
0.49924457
0.49924505
0.49924463
0.49924523
0.49924517
0.49924523
0.4992451
0.49924523
0.49924523
0.49924475
0.49924517
0.4992447
0.49924475
0.49924523
0.49924535
0.4992448
0.4992448
0.49924463
0.49924487
0.49924523
0.49924475
0.49924487
0.49924535
0.49924546
0.49924535
0.4992451
0.4992451
0.49924487
0.49924505
0.499245
0.4992451
0.49924505
0.4992448
0.4992451
0.49924523
0.4992451
0.4992457
0.4992453
0.49924517
0.49924463
0.49924523
0.49924487
0.49924505
0.49924487
0.49924517
0.49924546
0.499245
0.4992451
0.49924517
0.4992451
0.49924475
0.4992451
0.499245
0.49924487
0.49924523
0.499245
0.49924487
0.49924523
0.49924523
0.499245
0.499245
0.49924523
0.49924493
0.49924457
0.499245
0.49924576
0.49924463
0.4992451
0.4992448
0.49924523
0.49924523
0.499245
0.4992451
0.49924535
0.49924463
0.49924517
0.49924523
0.49924517
0.4992451
0.4992451
0.499245
0.49924552
0.499245
0.499245
0.4992451
0.4992444
0.49924463
0.49924493
0.49924463
0.4992451
0.499245
0.49924475
0.49924487
0.4992451
0.499245
0.49924487
0.4992451
0.4992451
0.49924487
0.4992451
0.4992451
0.49924517
0.4992453
0.49924487
0.49924523
0.499245
0.49924523
0.49924463
0.4992453
0.49924493
0.49924505
0.49924487
0.49924582
0.49924535
0.4992451
0.499245
0.49924505
0.49924493
0.4992447
0.49924523
0.49924535
0.49924487
0.49924493
0.49924403
0.499245
0.49924642
0.49924487
0.49924523
0.49924487
0.4992451
0.49924475
0.49924505
0.49924463
0.49924523
0.49924475
0.499245
0.49924475
0.49924475
0.499245
0.49924475
0.49924523
0.499245
0.4992448
0.499245
0.49924505
0.49924606
0.49924546
0.49924517
0.49924523
0.4992451
0.49924517
0.4992448
0.49924487
0.4992451
0.49924487
0.4992451
0.4992445
0.4992451
0.4992457
0.49924487
0.49924505
0.499245
0.49924487
0.49924523
0.49924505
0.49924523
0.49924523
0.49924505
0.49924517
0.49924463
0.49924505
0.4992444
0.49924564
0.49924493
0.49924487
0.49924517
0.499245
0.4992448
0.49924463
0.49924493
0.49924487
0.4992445
0.499245
0.49924493
0.499245
0.49924523
0.49924558
0.499245
0.4992451
0.4992453
0.49924493
0.49924517
0.49924517
0.4992453
0.499245
0.4992448
0.49924523
0.49924517
0.49924535
0.49924517
0.49924487
0.49924523
0.49924487
0.49924487
0.4992451
0.49924535
0.49924463
0.4992447
0.49924517
0.49924535
0.499245
0.49924517
0.49924463
0.4992451
0.4992451
0.49924517
0.499245
0.4992451
0.49924427
0.499245
0.49924314
0.49924505
0.4992451
0.4992451
0.49924517
0.4992453
0.49924493
0.49924487
0.49924487
0.49924523
0.49924654
0.49924487
0.4992451
0.499245
0.49924487
0.49924475
0.49924475
0.499245
0.4992451
0.49924523
0.499245
0.49924493
0.499245
0.49924475
0.49924487
0.49924487
0.49924558
0.499245
0.499245
0.49924427
0.499245
0.49924493
0.499245
0.4992447
0.4992453
0.49924487
0.49924475
0.499245
0.4992451
0.49924493
0.49924493
0.49924487
0.49924463
0.499245
0.499245
0.4992451
0.49924523
0.499245
0.4992451
0.499245
0.4992453
0.49924523
0.49924535
0.4992451
0.49924517
0.4992432
0.49924475
0.49924505
0.49924505
0.4992453
0.499245
0.4992448
0.49924517
0.499245
0.499245
0.49924523
0.49924505
0.4992444
0.4992453
0.4992451
0.49924517
0.49924546
0.49924487
0.49924463
0.49924523
0.499245
0.49924558
0.49924493
0.4992451
0.4992448
0.499245
0.4992447
0.49924487
0.49924493
0.499243
0.49924493
0.49924493
0.49924523
0.4992451
0.499245
0.4992451
0.49924475
0.4992444
0.49924517
0.49924487
0.49924505
0.49924523
0.49924523
0.49924624
0.49924535
0.4992448
0.49924475
0.49924493
0.49924487
0.49924523
0.49924523
0.49924505
0.49924523
0.49924546
0.4992451
0.499245
0.49924487
0.4992453
0.49924493
0.4992451
0.49924558
0.499245
0.4992454
0.4992451
0.49924523
0.4992448
0.4992451
0.49924535
0.49924487
0.4992453
0.49924523
0.49924505
0.49924493
0.49924487
0.49924487
0.4992451
0.499245
0.49924517
0.49924487
0.49924523
0.499245
0.49924487
0.49924523
0.499245
0.499245
0.49924505
0.49924487
0.49924487
0.499245
0.49924535
0.4992451
0.4992451
0.499245
0.49924493
0.49924523
0.49924487
0.49924487
0.499245
0.49924475
0.49924487
0.49924535
0.49924493
0.499245
0.4992451
0.49924487
0.49924517
0.499245
0.49924487
0.49924523
0.49924487
0.4992444
0.49924546
0.49924523
0.499245
0.49924505
0.4992451
0.49924535
0.49924487
0.49924517
0.4992451
0.49924493
0.499245
0.49924475
0.4992451
0.49924487
0.49924487
0.49924523
0.49924475
0.4992451
0.49924523
0.4992448
0.499245
0.49924475
0.49924517
0.4992451
0.49924475
0.49924523
0.49924487
0.49924517
0.49924487
0.4992453
0.4992451
0.49924487
0.499245
0.49924517
0.4992445
0.49924523
0.49924475
0.4992451
0.49924535
0.49924505
0.49924564
0.499245
0.49924487
0.4992444
0.49924523
0.49924493
0.499245
0.4992448
0.4992451
0.499245
0.49924552
0.4992451
0.4992448
0.49924475
0.49924523
0.4992448
0.499245
0.49924487
0.4992448
0.4992454
0.49924463
0.4992453
0.4992451
0.4992451
0.49924487
0.49924493
0.4992451
0.49924523
0.49924427
0.499245
0.4992431
0.4992435
0.4992451
0.499245
0.499245
0.49924487
0.49924523
0.49924535
0.49924493
0.49924535
0.49924523
0.49924523
0.49924523
0.49924517
0.49924415
0.49924475
0.4992451
0.49924493
0.49924475
0.4992454
0.49924505
0.49924523
0.49924487
0.49924463
0.49924475
0.49924493
0.49924415
0.49924463
0.4992451
0.4992453
0.49924523
0.49924493
0.49924487
0.4992451
0.49924493
0.49924487
0.499245
0.49924356
0.49924493
0.49924493
0.49924523
0.4992451
0.4992445
0.499245
0.49924523
0.4992451
0.4992451
0.4992448
0.4992447
0.49924493
0.4992448
0.49924487
0.49924475
0.49924505
0.49924487
0.499245
0.49924517
0.4992451
0.499245
0.4992453
0.4992448
0.4992451
0.4992451
0.4992451
0.49924523
0.49924487
0.49924505
0.49924523
0.499245
0.49924463
0.49924523
0.4992448
0.49924505
0.49924523
0.49924487
0.49924475
0.4992448
0.49924493
0.4992447
0.49924517
0.49924523
0.4992451
0.49924487
0.49924493
0.49924487
0.4992451
0.499245
0.499245
0.49924523
0.49924475
0.49924445
0.49924624
0.49924517
0.49924517
0.49924463
0.4992453
0.4992451
0.49924517
0.4992451
0.49924463
0.49924523
0.499245
0.49924487
0.49924332
0.4992451
0.49924523
0.49924523
0.49924535
0.4992451
0.49924523
0.4992451
0.49924463
0.4992453
0.499245
0.4992453
0.4992451
0.499245
0.49924463
0.49924594
0.49924523
0.49924523
0.49924475
0.4992448
0.49924487
0.499245
0.49924487
0.49924493
0.49924475
0.4992451
0.49924523
0.4992451
0.49924475
0.4992445
0.499245
0.49924487
0.4992451
0.49924487
0.49924523
0.49924505
0.4992451
0.4992451
0.49924475
0.49924535
0.49924493
0.49924487
0.499245
0.499245
0.49924535
0.4992444
0.49924505
0.4992451
0.49924475
0.49924463
0.499245
0.49924523
0.49924523
0.4992453
0.49924517
0.49924487
0.499245
0.49924487
0.49924505
0.4992448
0.4992451
0.49924517
0.49924517
0.49924487
0.49924475
0.4992451
0.499245
0.4992448
0.4992448
0.4992451
0.49924517
0.49924493
0.4992451
0.49924487
0.4992457
0.49924523
0.49924523
0.49924487
0.49924517
0.499245
0.4992451
0.4992447
0.49924463
0.49924535
0.49924505
0.499245
0.499245
0.49924517
0.4992451
0.4992453
0.49924523
0.49924517
0.4992448
0.4992445
0.4992445
0.49924487
0.49924487
0.49924505
0.49924487
0.49924487
0.4992451
0.49924475
0.49924505
0.49924523
0.49924487
0.49924523
0.49924523
0.49924487
0.49924463
0.49924535
0.49924487
0.4992451
0.4992451
0.49924517
0.4992451
0.499245
0.49924523
0.49924523
0.49924487
0.49924463
0.49924487
0.49924517
0.499245
0.49924475
0.49924564
0.49924487
0.499245
0.49924493
0.49924517
0.49924523
0.4992445
0.49924517
0.49924463
0.4992451
0.4992448
0.49924487
0.4992445
0.4992448
0.499245
0.4992451
0.4992445
0.49924582
0.4992451
0.49924475
0.499245
0.49924523
0.499245
0.49924535
0.499245
0.4992444
0.49924517
0.4992451
0.49924535
0.49924535
0.499245
0.49924546
0.49924523
0.49924535
0.49924487
0.49924517
0.49924523
0.49924487
0.49924535
0.49924475
0.4992451
0.499245
0.4992451
0.4992451
0.4992448
0.49924546
0.499245
0.49924493
0.49924487
0.49924487
0.49924523
0.49924487
0.49924457
0.49924535
0.49924487
0.4992453
0.49924463
0.49924523
0.4992451
0.49924487
0.49924475
0.49924535
0.4992447
0.49924487
0.49924517
0.49924493
0.49924523
0.49924463
0.49924523
0.49924618
0.49924505
0.49924523
0.4992451
0.49924475
0.49924487
0.499245
0.4992444
0.49924475
0.49924463
0.4992451
0.49924487
0.4992447
0.499245
0.49924552
0.49924523
0.49924505
0.4992451
0.499245
0.49924523
0.4992451
0.4992451
0.49924487
0.49924487
0.49924505
0.49924517
0.499245
0.49924487
0.4992451
0.4992448
0.49924505
0.4992451
0.4992454
0.49924463
0.49924535
0.4992448
0.4992451
0.49924517
0.49924523
0.4992445
0.49924487
0.49924523
0.49924475
0.49924487
0.49924487
0.499245
0.499245
0.49924493
0.49924505
0.4992442
0.49924523
0.499245
0.49924475
0.4992451
0.49924523
0.499245
0.49924517
0.49924523
0.499245
0.49924535
0.49924493
0.499245
0.49924475
0.49924493
0.4992451
0.49924487
0.499245
0.4992454
0.49924535
0.49924517
0.4992451
0.49924517
0.49924487
0.49924558
0.4992451
0.49924445
0.4992451
0.49924505
0.49924517
0.49924475
0.49924523
0.49924487
0.4992453
0.49924523
0.4992447
0.49924546
0.49924487
0.49924487
0.4992453
0.4992453
0.49924505
0.499245
0.49924535
0.49924535
0.49924487
0.49924523
0.49924457
0.49924523
0.49924517
0.49924475
0.49924487
0.49924535
0.49924523
0.4992451
0.49924487
0.499245
0.49924523
0.4992453
0.4992451
0.49924505
0.49924487
0.49924546
0.49924493
0.4992442
0.49924475
0.499245
0.4992457
0.49924487
0.4992451
0.49924487
0.49924523
0.4992453
0.4992451
0.4992451
0.49924493
0.4992451
0.49924475
0.49924493
0.49924487
0.4992447
0.49924517
0.49924493
0.49924523
0.4992447
0.49924463
0.4992451
0.4992448
0.49924493
0.49924493
0.49924523
0.4992447
0.49924487
0.499245
0.499245
0.499245
0.4992447
0.49924487
0.4992451
0.4992451
0.499245
0.49924523
0.499245
0.4992451
0.4992451
0.49924505
0.49924463
0.49924475
0.49924475
0.49924546
0.49924493
0.499245
0.49924487
0.49924505
0.4992448
0.49924523
0.49924517
0.499245
0.4992451
0.499245
0.49924487
0.49924523
0.4992451
0.499245
0.49924523
0.49924487
0.4992451
0.499245
0.49924523
0.4992451
0.49924523
0.49924505
0.49924535
0.49924505
0.49924523
0.49924475
0.499245
0.4992447
0.4992453
0.49924505
0.49924463
0.4992451
0.4992451
0.49924546
0.49924487
0.4992451
0.49924505
0.49924505
0.499245
0.49924535
0.49924475
0.49924552
0.4992451
0.49924546
0.499245
0.49924505
0.49924487
0.4992451
0.4992453
0.49924475
0.4992451
0.49924475
0.49924475
0.49924493
0.4992451
0.49924523
0.49924493
0.499245
0.49924457
0.4992451
0.4992451
0.49924475
0.49924487
0.499245
0.4992441
0.49924475
0.49924517
0.49924535
0.49924475
0.49924523
0.49924523
0.4992453
0.499245
0.4992451
0.49924463
0.49924487
0.49924487
0.4992448
0.4992451
0.49924487
0.49924523
0.49924487
0.49924475
0.4992451
0.4992451
0.499245
0.4992451
0.4992445
0.499245
0.499245
0.49924487
0.49924487
0.499245
0.4992447
0.49924457
0.4992451
0.49924487
0.4992457
0.4992451
0.49924487
0.49924523
0.49924487
0.49924487
0.49924505
0.49924535
0.4992451
0.49924475
0.49924523
0.49924523
0.4992451
0.49924475
0.4992451
0.4992451
0.49924517
0.49924523
0.49924523
0.499245
0.49924463
0.49924517
0.4992457
0.49924487
0.499245
0.4992451
0.49924487
0.4992451
0.49924475
0.49924487
0.49924552
0.49924523
0.49924523
0.49924517
0.49924505
0.49924487
0.49924463
0.49924517
0.499245
0.4992451
0.49924505
0.4992454
0.4992445
0.49924523
0.49924493
0.49924487
0.49924523
0.4992451
0.4992451
0.4992453
0.49924546
0.4992441
0.49924523
0.49924523
0.49924517
0.49924523
0.4992448
0.4992451
0.49924618
0.49924487
0.49924457
0.49924493
0.499245
0.49924475
0.499245
0.49924487
0.49924523
0.49924493
0.49924475
0.4992451
0.499245
0.499245
0.4992451
0.499245
0.4992451
0.4992457
0.49924523
0.4992451
0.499245
0.499245
0.49924523
0.49924523
0.49924523
0.49924475
0.499245
0.4992451
0.4992448
0.499245
0.49924546
0.4992451
0.49924523
0.499245
0.49924558
0.499245
0.4992453
0.49924475
0.4992451
0.499245
0.49924523
0.49924523
0.49924523
0.499245
0.49924517
0.49924517
0.49924523
0.4992451
0.49924535
0.49924487
0.49924493
0.49924487
0.499245
0.49924493
0.4992447
0.49924558
0.4992451
0.499245
0.49924487
0.4992451
0.49924517
0.499245
0.49924457
0.49924523
0.49924487
0.49924475
0.499245
0.49924517
0.499245
0.49924523
0.499245
0.4992453
0.49924535
0.49924463
0.49924463
0.49924505
0.49924523
0.49924493
0.4992451
0.4992451
0.49924505
0.49924493
0.49924487
0.4992448
0.4992451
0.49924505
0.49924535
0.499245
0.4992448
0.49924487
0.4992451
0.49924523
0.49924564
0.49924457
0.49924475
0.49924523
0.4992451
0.4992453
0.49924463
0.49924523
0.49924463
0.49924487
0.49924493
0.4992451
0.4992451
0.49924505
0.49924523
0.49924463
0.49924535
0.49924558
0.49924475
0.4992451
0.4992445
0.49924463
0.49924523
0.49924493
0.49924493
0.49924463
0.49924523
0.49924505
0.49924517
0.4992448
0.49924523
0.49924523
0.4992451
0.49924487
0.4992451
0.49924487
0.49924493
0.49924487
0.49924487
0.49924475
0.49924523
0.49924493
0.4992448
0.49924392
0.49924487
0.49924594
0.499245
0.49924463
0.49924523
0.49924535
0.49924535
0.49924517
0.4992448
0.49924415
0.4992448
0.49924487
0.49924505
0.49924487
0.499245
0.49924535
0.49924517
0.4992451
0.499245
0.49924475
0.49924523
0.49924535
0.49924487
0.4992451
0.49924523
0.4992448
0.4992451
0.49924517
0.49924475
0.49924487
0.49924517
0.49924517
0.4992451
0.49924517
0.4992451
0.49924552
0.49924475
0.49924487
0.4992451
0.4992451
0.49924487
0.49924517
0.49924523
0.49924487
0.4992451
0.49924546
0.49924475
0.49924535
0.49924523
0.49924523
0.4992448
0.4992453
0.49924517
0.49924487
0.49924535
0.49924487
0.4992454
0.49924487
0.49924535
0.4992445
0.4992451
0.49924487
0.4992451
0.49924523
0.499245
0.49924523
0.49924475
0.49924487
0.49924403
0.49924505
0.49924523
0.4992445
0.49924535
0.4992451
0.4992448
0.49924475
0.499245
0.4992451
0.49924523
0.4992451
0.49924493
0.4992451
0.49924505
0.4992447
0.499245
0.49924517
0.49924535
0.499245
0.4992453
0.499245
0.49924475
0.4992451
0.49924487
0.49924523
0.49924487
0.499245
0.4992454
0.499245
0.49924475
0.49924523
0.4992453
0.4992451
0.49924487
0.4992453
0.49924535
0.49924523
0.49924487
0.499245
0.499245
0.4992451
0.49924493
0.499245
0.49924493
0.4992447
0.49924523
0.49924487
0.4992453
0.4992448
0.49924487
0.4992451
0.49924505
0.4992451
0.4992447
0.49924517
0.4992444
0.499245
0.4992453
0.49924505
0.49924517
0.49924666
0.499245
0.49924475
0.49924487
0.499245
0.49924523
0.4992447
0.49924505
0.4992448
0.4992451
0.49924535
0.49924517
0.49924463
0.49924463
0.49924475
0.49924523
0.49924487
0.49924487
0.49924493
0.4992451
0.49924517
0.49924523
0.499245
0.499245
0.49924445
0.49924487
0.49924523
0.4992451
0.4992451
0.49924523
0.49924517
0.49924535
0.4992451
0.49924505
0.49924523
0.49924517
0.49924523
0.49924517
0.49924475
0.4992451
0.49924523
0.49924487
0.49924523
0.4992447
0.49924487
0.49924487
0.49924487
0.4992451
0.49924505
0.4992444
0.49924517
0.49924535
0.49924493
0.4992451
0.49924505
0.49924505
0.49924487
0.499245
0.49924517
0.49924487
0.49924523
0.49924505
0.4992451
0.499245
0.499245
0.4992453
0.49924475
0.499245
0.49924523
0.49924487
0.499245
0.49924505
0.499245
0.49924517
0.49924535
0.49924546
0.49924523
0.4992444
0.49924523
0.499245
0.4992445
0.49924487
0.49924517
0.499245
0.499245
0.49924475
0.4992453
0.499245
0.4992451
0.49924493
0.4992451
0.499245
0.49924493
0.4992451
0.49924475
0.49924535
0.49924564
0.49924475
0.49924523
0.49924487
0.4992451
0.49924493
0.49924475
0.4992451
0.4992451
0.49924523
0.4992451
0.49924487
0.49924475
0.4992448
0.49924475
0.49924505
0.49924523
0.4992451
0.4992451
0.4992451
0.4992445
0.499245
0.49924523
0.49924517
0.49924475
0.49924523
0.49924487
0.49924523
0.49924374
0.49924523
0.49924487
0.4992451
0.49924487
0.49924523
0.49924487
0.499245
0.499245
0.49924487
0.49924523
0.4992447
0.499245
0.4992448
0.49924487
0.4992451
0.49924642
0.499245
0.49924487
0.49924457
0.4992448
0.49924517
0.49924523
0.4992448
0.49924457
0.4992451
0.499245
0.49924487
0.4992453
0.49924546
0.49924487
0.4992451
0.4992451
0.49924475
0.499245
0.499245
0.49924493
0.4992451
0.4992451
0.49924487
0.4992448
0.499245
0.49924558
0.49924475
0.4992451
0.4992451
0.499245
0.49924523
0.49924463
0.4992451
0.499245
0.499245
0.4992451
0.4992445
0.4992451
0.49924487
0.49924505
0.49924487
0.49924523
0.49924463
0.499245
0.4992451
0.49924523
0.49924487
0.49924505
0.49924487
0.49924487
0.49924535
0.4992453
0.49924523
0.49924493
0.49924523
0.49924517
0.49924487
0.4992444
0.49924517
0.49924505
0.4992453
0.4992445
0.4992451
0.4992451
0.499245
0.49924505
0.499245
0.49924475
0.4992451
0.499245
0.49924523
0.49924517
0.49924523
0.49924523
0.4992451
0.49924523
0.49924487
0.4992453
0.4992451
0.49924493
0.499245
0.4992451
0.499245
0.4992451
0.499245
0.49924523
0.4992451
0.49924493
0.49924463
0.49924487
0.49924505
0.4992451
0.49924475
0.49924493
0.49924523
0.49924505
0.499245
0.49924487
0.499245
0.4992451
0.49924487
0.4992451
0.49924487
0.49924517
0.49924487
0.4992451
0.49924523
0.49924523
0.49924493
0.49924523
0.4992451
0.4992451
0.49924517
0.49924427
0.499245
0.49924487
0.49924475
0.499245
0.4992448
0.4992447
0.49924505
0.49924523
0.49924487
0.49924475
0.499245
0.49924523
0.49924487
0.49924493
0.49924505
0.49924487
0.49924493
0.4992451
0.49924475
0.4992451
0.49924475
0.4992451
0.4992451
0.49924463
0.49924487
0.49924463
0.49924487
0.49924487
0.49924475
0.49924493
0.4992451
0.49924487
0.49924463
0.499245
0.49924517
0.49924493
0.4992454
0.499245
0.49924546
0.4992451
0.49924487
0.4992451
0.49924505
0.49924487
0.4992453
0.49924523
0.49924475
0.49924505
0.49924463
0.4992451
0.49924487
0.49924552
0.49924523
0.49924487
0.49924523
0.49924487
0.49924535
0.49924493
0.49924493
0.499245
0.49924445
0.499245
0.49924505
0.499245
0.49924463
0.49924493
0.49924535
0.4992453
0.49924487
0.49924523
0.49924457
0.49924487
0.4992454
0.499245
0.49924475
0.499245
0.4992451
0.499245
0.499245
0.4992451
0.49924505
0.4992447
0.49924475
0.499245
0.49924535
0.49924523
0.49924493
0.49924523
0.49924487
0.499245
0.499245
0.49924487
0.4992451
0.4992451
0.49924517
0.49924535
0.4992451
0.49924487
0.499245
0.49924517
0.49924523
0.4992453
0.49924493
0.49924475
0.4992453
0.49924517
0.49924505
0.49924475
0.4992451
0.4992451
0.4992451
0.4992453
0.49924523
0.4992444
0.49924463
0.49924493
0.49924523
0.49924535
0.49924505
0.49924463
0.49924517
0.49924487
0.499245
0.499245
0.49924487
0.49924517
0.4992451
0.49924535
0.499245
0.49924487
0.499245
0.49924523
0.499245
0.49924517
0.4992451
0.4992445
0.4992451
0.4992475
0.49924517
0.49924517
0.49924523
0.4992451
0.49924523
0.49924523
0.49924475
0.49924487
0.49924463
0.4992451
0.4992454
0.499245
0.49924505
0.499245
0.499245
0.49924475
0.4992451
0.49924475
0.4992451
0.4992453
0.499245
0.49924546
0.4992451
0.49924517
0.499245
0.499245
0.49924487
0.49924505
0.49924582
0.49924582
0.49924487
0.4992445
0.499245
0.49924523
0.49924487
0.499245
0.49924487
0.49924487
0.49924517
0.4992445
0.49924517
0.49924505
0.49924523
0.499245
0.499245
0.49924505
0.4992451
0.49924487
0.49924463
0.49924487
0.499245
0.49924487
0.49924475
0.499245
0.49924552
0.4992451
0.4992451
0.49924493
0.4992453
0.49924535
0.4992451
0.49924487
0.4992451
0.49924546
0.49924535
0.49924535
0.4992451
0.49924463
0.49924475
0.4992451
0.4992451
0.4992453
0.4992454
0.49924523
0.4992451
0.49924487
0.4992445
0.49924523
0.49924535
0.499245
0.49924505
0.49924558
0.49924475
0.49924523
0.49924517
0.4992447
0.49924523
0.4992451
0.4992451
0.49924523
0.49924493
0.4992447
0.499245
0.4992448
0.4992451
0.49924523
0.49924517
0.49924505
0.49924487
0.49924505
0.49924535
0.49924475
0.4992451
0.499245
0.4992444
0.49924487
0.49924493
0.4992451
0.4992451
0.49924463
0.49924546
0.499245
0.49924523
0.499245
0.49924523
0.49924463
0.49924487
0.4992451
0.49924523
0.49924487
0.4992451
0.49924523
0.49924523
0.49924475
0.49924505
0.49924535
0.49924517
0.4992451
0.49924463
0.49924517
0.49924487
0.49924523
0.4992442
0.49924493
0.49924505
0.4992447
0.49924523
0.499245
0.4992451
0.49924463
0.49924463
0.4992447
0.499245
0.49924523
0.4992445
0.49924535
0.49924523
0.4992444
0.49924517
0.49924493
0.49924487
0.4992453
0.49924487
0.4992451
0.49924523
0.49924546
0.4992451
0.4992451
0.49924535
0.49924546
0.4992448
0.49924535
0.499245
0.49924487
0.49924457
0.49924475
0.49924463
0.4992451
0.49924487
0.49924487
0.499245
0.49924517
0.49924368
0.49924487
0.49924487
0.49924535
0.49924475
0.4992444
0.499245
0.499245
0.49924523
0.4992451
0.49924493
0.4992451
0.499245
0.49924535
0.49924612
0.49924523
0.49924523
0.49924493
0.49924505
0.49924493
0.49924523
0.49924415
0.4992448
0.49924487
0.4992451
0.4992457
0.49924463
0.49924487
0.49924517
0.49924505
0.499245
0.49924475
0.49924475
0.4992451
0.4992451
0.49924475
0.49924546
0.49924475
0.4992451
0.49924487
0.499245
0.499245
0.499245
0.49924487
0.49924487
0.49924475
0.49924344
0.49924535
0.4992447
0.49924427
0.49924487
0.49924535
0.49924463
0.4992454
0.49924487
0.49924535
0.49924535
0.49924487
0.49924475
0.499245
0.4992453
0.49924558
0.49924493
0.499245
0.49924392
0.49924523
0.4992451
0.49924546
0.4992453
0.4992457
0.49924487
0.49924546
0.49924487
0.49924487
0.4992444
0.49924487
0.49924546
0.499245
0.49924487
0.4992451
0.4992448
0.4992451
0.49924505
0.49924546
0.4992451
0.49924463
0.49924505
0.4992451
0.49924463
0.49924475
0.4992451
0.49924523
0.49924475
0.49924457
0.499245
0.49924535
0.49924487
0.49924523
0.49924523
0.49924475
0.49924523
0.49924475
0.49924475
0.4992451
0.49924487
0.4992451
0.49924475
0.49924517
0.49924475
0.49924546
0.49924517
0.49924654
0.499245
0.499245
0.49924523
0.49924487
0.49924517
0.4992451
0.4992451
0.49924523
0.49924523
0.4992451
0.49924523
0.4992451
0.49924487
0.49924535
0.499245
0.499245
0.499245
0.49924487
0.499245
0.49924535
0.49924487
0.49924475
0.49924523
0.49924493
0.49924517
0.4992451
0.49924505
0.4992451
0.4992448
0.49924505
0.4992451
0.49924493
0.49924487
0.49924493
0.49924505
0.49924463
0.49924463
0.49924487
0.49924523
0.4992451
0.49924392
0.49924535
0.49924487
0.49924505
0.4992445
0.4992453
0.49924523
0.49924332
0.49924546
0.4992451
0.4992453
0.49924558
0.499245
0.4992451
0.49924523
0.49924487
0.49924487
0.4992451
0.49924487
0.4992448
0.4992447
0.49924487
0.4992454
0.4992448
0.49924535
0.499245
0.49924487
0.4992451
0.499245
0.49924463
0.499245
0.49924463
0.4992451
0.49924552
0.499245
0.4992453
0.49924463
0.49924523
0.4992451
0.4992451
0.49924523
0.49924493
0.49924475
0.4992453
0.49924523
0.499245
0.49924523
0.49924517
0.4992451
0.49924487
0.499245
0.4992451
0.49924535
0.4992445
0.499245
0.49924487
0.49924463
0.49924505
0.49924457
0.49924535
0.49924463
0.49924487
0.4992451
0.4992451
0.49924487
0.4992451
0.49924493
0.49924535
0.49924523
0.49924493
0.49924618
0.4992451
0.49924475
0.49924546
0.49924475
0.49924356
0.49924487
0.4992445
0.49924487
0.49924475
0.49924487
0.49924475
0.4992451
0.4992453
0.49924523
0.49924487
0.499245
0.499245
0.4992451
0.49924493
0.49924523
0.4992448
0.4992451
0.49924487
0.49924427
0.49924493
0.49924487
0.499245
0.49924487
0.49924523
0.49924493
0.49924475
0.49924535
0.4992451
0.4992451
0.499245
0.4992451
0.499245
0.4992451
0.49924493
0.4992445
0.4992444
0.4992451
0.49924523
0.49924517
0.4992451
0.499245
0.4992451
0.49924475
0.499245
0.4992451
0.4992448
0.49924505
0.4992448
0.49924487
0.4992451
0.4992451
0.49924517
0.4992448
0.499245
0.49924535
0.499245
0.4992448
0.4992448
0.499245
0.49924457
0.499245
0.499245
0.49924535
0.49924493
0.49924558
0.49924487
0.4992451
0.4992448
0.49924523
0.49924487
0.49924493
0.499245
0.4992451
0.49924487
0.4992451
0.4992451
0.49924523
0.49924487
0.4992451
0.49924517
0.49924517
0.4992451
0.499245
0.4992451
0.499245
0.49924523
0.4992451
0.499245
0.49924493
0.4992451
0.4992451
0.49924523
0.49924487
0.49924505
0.49924523
0.4992451
0.49924523
0.49924487
0.49924505
0.49924475
0.499245
0.4992453
0.49924523
0.49924523
0.49924523
0.499245
0.49924517
0.4992447
0.49924487
0.49924535
0.499245
0.49924523
0.49924487
0.49924535
0.49924487
0.499245
0.49924523
0.49924505
0.49924517
0.49924535
0.49924517
0.4992448
0.49924493
0.49924487
0.49924546
0.49924523
0.49924475
0.499245
0.49924487
0.49924487
0.49924523
0.4992451
0.49924487
0.4992453
0.4992451
0.499245
0.499245
0.49924535
0.4992451
0.4992451
0.4992453
0.4992451
0.4992445
0.4992448
0.49924535
0.49924493
0.49924505
0.49924535
0.49924487
0.4992451
0.4992451
0.49924517
0.49924493
0.4992448
0.4992451
0.49924493
0.49924487
0.4992451
0.4992448
0.49924523
0.4992448
0.49924487
0.499245
0.4992451
0.4992448
0.4992445
0.49924505
0.49924523
0.499245
0.4992453
0.49924487
0.49924558
0.49924403
0.49924487
0.4992451
0.49924523
0.49924493
0.49924475
0.49924475
0.499245
0.49924505
0.49924523
0.4992453
0.49924493
0.49924535
0.4992451
0.4992448
0.49924493
0.49924523
0.49924475
0.4992466
0.4992451
0.499245
0.49924523
0.49924487
0.4992451
0.4992454
0.49924487
0.49924475
0.49924535
0.49924487
0.4992451
0.49924487
0.49924487
0.499245
0.499245
0.49924487
0.499245
0.49924535
0.4992451
0.4992451
0.49924523
0.49924523
0.49924594
0.49924517
0.49924523
0.499245
0.49924505
0.49924523
0.49924523
0.49924517
0.49924517
0.49924535
0.49924505
0.49924517
0.499245
0.49924487
0.49924475
0.49924535
0.49924517
0.49924493
0.49924523
0.49924392
0.49924493
0.499245
0.4992451
0.4992457
0.4992451
0.49924523
0.4992451
0.49924546
0.499245
0.4992451
0.49924487
0.49924487
0.4992454
0.49924517
0.49924475
0.49924487
0.49924535
0.4992453
0.49924523
0.4992451
0.499245
0.49924523
0.499245
0.4992453
0.49924505
0.49924523
0.4992451
0.49924517
0.49924523
0.49924475
0.49924463
0.49924517
0.49924552
0.49924523
0.49924523
0.49924487
0.49924523
0.49924523
0.49924487
0.49924344
0.49924487
0.499245
0.4992454
0.49924523
0.49924505
0.499245
0.49924523
0.49924535
0.49924523
0.49924523
0.49924517
0.49924475
0.49924463
0.49924517
0.49924475
0.49924535
0.4992451
0.499245
0.4992451
0.4992451
0.49924523
0.49924487
0.49924487
0.49924475
0.49924487
0.499245
0.4992451
0.49924552
0.49924487
0.499245
0.4992451
0.49924433
0.4992451
0.4992445
0.49924523
0.49924493
0.49924505
0.4992447
0.49924487
0.49924517
0.4992451
0.49924505
0.4992451
0.4992451
0.49924517
0.49924493
0.49924463
0.49924463
0.49924523
0.4992451
0.49924517
0.49924487
0.4992451
0.4992451
0.49924523
0.49924523
0.49924517
0.49924517
0.49924463
0.49924487
0.49924493
0.49924505
0.49924487
0.49924487
0.4992445
0.499245
0.49924475
0.49924523
0.49924463
0.49924535
0.49924523
0.49924487
0.4992448
0.49924505
0.49924517
0.4992451
0.499245
0.49924558
0.4992451
0.49924427
0.49924493
0.49924475
0.4992451
0.49924433
0.4992451
0.499245
0.49924523
0.499245
0.49924523
0.4992451
0.49924523
0.49924523
0.49924457
0.49924517
0.49924463
0.49924558
0.49924487
0.49924487
0.49924535
0.49924523
0.499245
0.49924523
0.499245
0.4992448
0.49924523
0.49924523
0.49924523
0.4992451
0.49924517
0.49924523
0.49924523
0.4992451
0.499245
0.49924523
0.49924546
0.499245
0.49924517
0.49924535
0.49924523
0.4992448
0.49924642
0.49924517
0.49924523
0.4992451
0.49924546
0.499245
0.49924535
0.49924535
0.49924475
0.49924487
0.49924445
0.49924487
0.4992451
0.49924523
0.4992451
0.4992451
0.49924487
0.4992451
0.499245
0.4992451
0.4992447
0.49924475
0.4992451
0.4992451
0.499245
0.49924523
0.4992451
0.49924523
0.49924445
0.49924487
0.4992451
0.49924523
0.49924505
0.4992451
0.499245
0.49924505
0.49924535
0.499245
0.4992463
0.49924493
0.49924535
0.499245
0.499245
0.49924493
0.499245
0.4992451
0.4992448
0.4992451
0.49924487
0.4992451
0.4992447
0.49924487
0.499245
0.49924463
0.49924517
0.499245
0.4992451
0.4992451
0.49924523
0.499245
0.49924287
0.49924523
0.49924535
0.499245
0.49924523
0.499245
0.49924487
0.49924517
0.499245
0.49924523
0.499245
0.49924517
0.49924535
0.499245
0.49924535
0.4992451
0.49924505
0.4992451
0.49924475
0.499245
0.49924487
0.4992451
0.4992454
0.499245
0.49924445
0.49924493
0.499245
0.499245
0.49924493
0.49924546
0.49924463
0.49924463
0.49924523
0.49924487
0.4992448
0.4992451
0.49924523
0.4992451
0.4992451
0.49924523
0.4992453
0.4992445
0.49924487
0.49924463
0.4992448
0.49924523
0.49924523
0.49924475
0.49924475
0.4992451
0.49924475
0.49924505
0.499245
0.49924523
0.49924523
0.4992451
0.4992451
0.49924523
0.49924517
0.49924475
0.499245
0.49924427
0.49924493
0.4992451
0.49924523
0.4992451
0.4992451
0.4992451
0.49924487
0.49924487
0.49924475
0.4992451
0.499245
0.49924523
0.4992451
0.4992448
0.4992447
0.49924487
0.49924523
0.49924475
0.49924505
0.4992454
0.4992451
0.49924463
0.4992451
0.499245
0.499245
0.49924523
0.4992448
0.499245
0.49924523
0.49924523
0.49924523
0.49924493
0.499245
0.49924523
0.49924505
0.4992448
0.4992448
0.4992453
0.4992451
0.49924487
0.49924576
0.49924475
0.49924487
0.4992447
0.4992451
0.49924475
0.4992451
0.49924475
0.4992451
0.49924546
0.499245
0.49924523
0.4992451
0.4992451
0.49924523
0.4992453
0.499245
0.49924493
0.49924523
0.499245
0.49924463
0.49924487
0.4992453
0.4992451
0.49924505
0.499245
0.499245
0.49924523
0.49924475
0.49924517
0.49924523
0.49924493
0.4992451
0.49924487
0.499245
0.49924475
0.499245
0.4992451
0.4992451
0.4992451
0.49924487
0.4992445
0.49924523
0.4992451
0.49924523
0.49924517
0.49924487
0.4992445
0.49924487
0.49924487
0.4992454
0.49924517
0.49924523
0.49924475
0.49924487
0.49924487
0.49924546
0.49924517
0.49924523
0.499245
0.49924535
0.49924487
0.49924445
0.499245
0.4992453
0.4992451
0.4992451
0.4992451
0.49924523
0.4992451
0.49924487
0.4992451
0.49924487
0.49924523
0.4992451
0.49924487
0.49924517
0.499245
0.49924564
0.49924493
0.49924523
0.49924463
0.49924523
0.4992454
0.49924523
0.49924475
0.4992451
0.499245
0.49924487
0.4992453
0.49924517
0.49924463
0.49924535
0.49924475
0.49924487
0.49924475
0.499245
0.49924523
0.4992454
0.49924546
0.49924517
0.49924475
0.49924487
0.49924475
0.49924475
0.49924463
0.49924463
0.49924487
0.4992445
0.4992451
0.49924487
0.49924523
0.4992451
0.4992453
0.49924523
0.49924517
0.49924523
0.49924475
0.49924475
0.499245
0.49924475
0.4992454
0.49924523
0.4992453
0.49924523
0.499245
0.49924505
0.49924546
0.49924505
0.49924558
0.49924475
0.49924505
0.4992445
0.49924523
0.499245
0.49924535
0.499245
0.4992451
0.49924487
0.49924558
0.49924487
0.49924487
0.49924523
0.49924505
0.49924487
0.4992451
0.49924535
0.4992453
0.49924487
0.4992451
0.49924546
0.49924487
0.4992451
0.499245
0.4992451
0.49924493
0.49924475
0.499245
0.4992451
0.49924505
0.49924487
0.499245
0.4992451
0.4992451
0.499245
0.49924487
0.499245
0.49924287
0.499245
0.49924505
0.4992457
0.49924493
0.49924535
0.49924517
0.4992454
0.499245
0.49924517
0.49924523
0.49924475
0.49924487
0.49924493
0.49924493
0.49924523
0.4992451
0.49924517
0.49924517
0.4992441
0.49924523
0.49924475
0.49924493
0.49924546
0.49924487
0.49924505
0.49924487
0.49924523
0.4992448
0.49924523
0.4992453
0.49924535
0.49924487
0.4992451
0.49924666
0.499245
0.4992451
0.49924427
0.499245
0.49924505
0.499245
0.499245
0.4992451
0.4992451
0.49924356
0.4992453
0.49924475
0.499245
0.499245
0.4992448
0.49924535
0.49924523
0.49924487
0.49924487
0.4992451
0.49924493
0.49924505
0.49924546
0.499245
0.49924463
0.49924505
0.4992451
0.49924523
0.49924493
0.49924558
0.49924523
0.49924523
0.49924517
0.49924505
0.49924487
0.49924487
0.49924517
0.49924523
0.49924368
0.49924517
0.4992451
0.49924546
0.49924493
0.49924535
0.4992448
0.49924487
0.49924392
0.4992448
0.49924487
0.49924517
0.4992451
0.499245
0.49924523
0.49924487
0.4992451
0.49924546
0.49924493
0.49924475
0.4992445
0.49924487
0.49924535
0.49924517
0.49924523
0.4992451
0.49924517
0.4992451
0.49924535
0.49924487
0.49924505
0.49924493
0.499245
0.4992451
0.49924487
0.499245
0.499245
0.4992447
0.49924523
0.49924517
0.49924392
0.49924487
0.4992451
0.49924552
0.49924523
0.4992451
0.499245
0.49924487
0.49924558
0.49924523
0.49924487
0.49924487
0.49924463
0.49924475
0.49924517
0.499245
0.499245
0.4992448
0.49924535
0.49924523
0.49924523
0.499245
0.49924523
0.49924618
0.49924523
0.49924487
0.49924463
0.49924475
0.49924523
0.499245
0.49924487
0.49924523
0.4992451
0.4992447
0.49924564
0.49924517
0.4992451
0.4992451
0.49924505
0.49924487
0.499245
0.4992451
0.49924487
0.49924487
0.4992451
0.49924517
0.49924475
0.499245
0.4992451
0.4992447
0.49924535
0.49924463
0.49924517
0.49924403
0.499245
0.4992451
0.49924517
0.499245
0.49924457
0.49924535
0.49924475
0.499245
0.499245
0.49924523
0.499245
0.4992451
0.49924493
0.49924523
0.4992445
0.49924463
0.49924487
0.49924523
0.4992451
0.499245
0.499245
0.49924505
0.4992448
0.49924523
0.49924463
0.4992448
0.49924487
0.49924487
0.49924523
0.4992451
0.4992453
0.49924517
0.49924475
0.4992451
0.49924487
0.49924517
0.499245
0.49924535
0.49924517
0.4992451
0.4992453
0.4992451
0.49924535
0.499245
0.4992451
0.4992451
0.49924517
0.4992451
0.49924535
0.4992451
0.49924475
0.4992448
0.4992451
0.49924523
0.499245
0.49924463
0.4992453
0.499245
0.4992451
0.49924487
0.4992451
0.4992451
0.49924535
0.49924523
0.49924463
0.499245
0.49924523
0.4992448
0.49924517
0.4992448
0.4992445
0.4992451
0.4992448
0.49924475
0.4992447
0.4992451
0.49924487
0.499245
0.49924475
0.49924487
0.49924487
0.49924487
0.49924523
0.499245
0.4992453
0.4992448
0.49924463
0.49924523
0.49924487
0.49924475
0.499245
0.49924344
0.4992447
0.49924517
0.4992451
0.49924475
0.49924523
0.49924523
0.49924475
0.499245
0.4992453
0.4992453
0.499245
0.499245
0.49924487
0.4992451
0.499245
0.49924475
0.49924487
0.499245
0.499245
0.49924475
0.49924487
0.499245
0.499245
0.4992451
0.4992451
0.49924487
0.49924493
0.4992451
0.49924517
0.49924487
0.4992448
0.49924535
0.49924475
0.4992454
0.49924493
0.4992451
0.49924517
0.4992453
0.49924475
0.49924558
0.49924487
0.499245
0.4992448
0.49924487
0.4992451
0.49924523
0.49924523
0.49924523
0.4992451
0.4992448
0.4992451
0.49924523
0.49924493
0.49924505
0.499245
0.499245
0.49924535
0.49924487
0.4992447
0.4992448
0.4992451
0.49924505
0.4992451
0.4992451
0.49924535
0.4992451
0.49924487
0.49924487
0.499245
0.4992451
0.49924535
0.49924523
0.499245
0.49924523
0.49924475
0.49924505
0.4992451
0.49924463
0.49924535
0.49924493
0.49924505
0.4992447
0.49924523
0.4992454
0.499245
0.49924523
0.499245
0.499245
0.4992448
0.49924487
0.49924523
0.49924487
0.49924475
0.4992444
0.49924505
0.49924517
0.4992451
0.4992445
0.49924493
0.49924523
0.49924505
0.499245
0.49924523
0.4992451
0.49924487
0.49924463
0.4992453
0.49924523
0.49924505
0.49924475
0.499245
0.4992451
0.4992451
0.499245
0.4992451
0.49924517
0.49924535
0.4992457
0.49924487
0.49924487
0.49924523
0.49924523
0.49924487
0.49924535
0.49924505
0.49924487
0.49924535
0.49924535
0.499245
0.49924517
0.49924493
0.49924475
0.49924463
0.4992451
0.4992451
0.49924523
0.4992451
0.49924517
0.49924505
0.4992451
0.4992448
0.4992451
0.49924517
0.4992451
0.4992451
0.499245
0.49924487
0.49924487
0.49924475
0.499245
0.499245
0.49924523
0.4992451
0.4992448
0.4992451
0.4992447
0.49924523
0.4992453
0.49924487
0.499245
0.49924535
0.4992451
0.499245
0.49924546
0.49924487
0.49924487
0.49924505
0.499245
0.4992451
0.49924523
0.499245
0.49924487
0.49924493
0.499245
0.49924314
0.49924493
0.49924487
0.499245
0.49924487
0.499245
0.49924397
0.4992454
0.49924487
0.49924487
0.49924487
0.49924523
0.49924535
0.499245
0.49924523
0.49924517
0.4992451
0.4992445
0.499245
0.49924505
0.4992451
0.49924517
0.49924523
0.49924523
0.4992451
0.49924517
0.49924517
0.49924523
0.49924475
0.49924475
0.4992448
0.4992453
0.4992448
0.49924523
0.49924523
0.49924487
0.49924362
0.4992445
0.49924523
0.4992454
0.49924487
0.499245
0.49924523
0.49924493
0.499245
0.499245
0.49924523
0.49924546
0.49924523
0.4992451
0.49924427
0.499245
0.49924523
0.4992453
0.49924523
0.49924523
0.499245
0.49924505
0.49924517
0.49924535
0.49924487
0.49924517
0.49924505
0.499245
0.49924523
0.4992451
0.4992451
0.4992453
0.49924427
0.4992457
0.49924493
0.4992451
0.49924505
0.4992451
0.4992451
0.49924493
0.49924523
0.49924523
0.49924535
0.49924487
0.499245
0.49924523
0.499245
0.49924517
0.4992451
0.4992457
0.49924487
0.4992451
0.49924523
0.4992451
0.499245
0.49924552
0.4992451
0.4992447
0.4992444
0.49924487
0.49924535
0.49924523
0.4992451
0.49924523
0.4992451
0.4992451
0.49924493
0.4992451
0.49924546
0.49924517
0.49924445
0.49924475
0.49924493
0.4992451
0.4992451
0.49924505
0.499245
0.49924523
0.49924487
0.49924487
0.49924535
0.4992453
0.49924505
0.4992451
0.4992451
0.49924463
0.4992444
0.49924535
0.4992451
0.499245
0.4992451
0.49924523
0.49924487
0.4992451
0.49924487
0.4992451
0.49924505
0.4992451
0.4992451
0.4992445
0.49924517
0.49924523
0.499245
0.499245
0.49924517
0.49924475
0.49924487
0.49924505
0.49924487
0.49924523
0.49924493
0.49924475
0.49924457
0.49924523
0.49924523
0.499245
0.4992448
0.499245
0.4992444
0.499245
0.49924523
0.4992451
0.4992451
0.49924505
0.49924558
0.49924546
0.4992451
0.49924463
0.4992451
0.49924463
0.49924535
0.49924487
0.4992451
0.4992451
0.4992454
0.499245
0.499245
0.49924487
0.4992445
0.49924487
0.4992453
0.49924523
0.4992453
0.499245
0.4992445
0.4992447
0.4992451
0.49924493
0.49924493
0.49924517
0.49924475
0.49924487
0.49924505
0.4992451
0.49924523
0.49924493
0.49924517
0.49924546
0.4992451
0.49924517
0.4992451
0.49924493
0.49924475
0.49924523
0.49924582
0.49924535
0.49924523
0.4992445
0.499245
0.49924475
0.49924475
0.49924523
0.4992453
0.4992451
0.4992451
0.499245
0.49924475
0.4992451
0.4992453
0.49924457
0.4992438
0.49924487
0.49924517
0.49924487
0.49924475
0.49924523
0.4992451
0.49924535
0.49924535
0.49924475
0.49924475
0.499245
0.4992448
0.49924463
0.49924475
0.4992451
0.49924564
0.49924535
0.49924505
0.4992451
0.49924505
0.49924535
0.49924475
0.499245
0.49924463
0.4992451
0.4992453
0.49924487
0.49924487
0.49924457
0.4992451
0.499245
0.49924535
0.49924475
0.49924487
0.49924505
0.49924493
0.49924535
0.49924475
0.4992451
0.49924523
0.49924493
0.4992451
0.49924475
0.49924487
0.49924523
0.49924487
0.4992451
0.4992453
0.49924517
0.499245
0.49924523
0.499245
0.49924475
0.49924493
0.49924523
0.49924523
0.499245
0.49924493
0.499245
0.499245
0.4992451
0.499245
0.4992453
0.4992451
0.499245
0.49924523
0.4992448
0.49924523
0.49924535
0.4992451
0.49924487
0.4992447
0.49924535
0.4992453
0.4992448
0.49924523
0.49924535
0.49924463
0.49924487
0.4992451
0.499245
0.4992451
0.49924487
0.4992453
0.49924487
0.49924523
0.499245
0.4992451
0.49924457
0.49924475
0.4992453
0.49924535
0.49924523
0.4992451
0.4992448
0.49924475
0.49924475
0.49924487
0.4992453
0.499245
0.4992451
0.49924475
0.499245
0.49924463
0.49924475
0.499245
0.4992451
0.49924523
0.49924487
0.49924463
0.49924523
0.49924517
0.499245
0.49924487
0.49924523
0.49924487
0.49924487
0.49924523
0.499245
0.4992451
0.49924535
0.4992451
0.499245
0.4992451
0.49924487
0.4992451
0.49924415
0.49924546
0.49924487
0.49924523
0.49924523
0.49924487
0.49924487
0.49924415
0.49924487
0.49924487
0.4992451
0.499245
0.49924475
0.49924487
0.499245
0.4992457
0.4992451
0.49924487
0.49924517
0.4992457
0.4992451
0.49924523
0.49924523
0.49924493
0.49924523
0.49924523
0.49924535
0.4992451
0.49924493
0.499245
0.499245
0.49924463
0.499245
0.49924475
0.49924487
0.49924493
0.49924523
0.49924392
0.49924463
0.49924487
0.49924487
0.49924487
0.4992447
0.4992451
0.4992451
0.49924558
0.49924523
0.49924517
0.49924487
0.49924487
0.499245
0.49924535
0.49924523
0.499245
0.4992447
0.49924535
0.4992451
0.49924475
0.4992451
0.49924535
0.49924487
0.49924535
0.4992451
0.49924505
0.499245
0.49924475
0.49924535
0.49924487
0.499245
0.49924493
0.4992451
0.499245
0.49924505
0.49924487
0.49924523
0.49924463
0.4992451
0.49924463
0.499245
0.49924493
0.499245
0.499245
0.499245
0.49924523
0.4992451
0.499245
0.4992451
0.4992453
0.49924487
0.49924493
0.49924487
0.49924487
0.499245
0.49924463
0.499245
0.49924487
0.4992453
0.4992447
0.49924523
0.4992451
0.49924546
0.49924475
0.4992451
0.499245
0.49924523
0.499245
0.49924487
0.49924415
0.4992451
0.49924517
0.49924475
0.499245
0.49924505
0.4992451
0.49924523
0.49924475
0.4992451
0.4992445
0.49924523
0.49924523
0.49924523
0.4992453
0.49924487
0.499245
0.499245
0.49924505
0.49924487
0.49924523
0.49924517
0.49924517
0.49924523
0.49924493
0.49924493
0.49924487
0.49924517
0.49924523
0.49924487
0.4992451
0.49924523
0.49924487
0.49924493
0.4992451
0.49924517
0.49924523
0.4992454
0.49924523
0.4992451
0.49924523
0.49924523
0.49924487
0.4992451
0.49924487
0.4992451
0.4992448
0.49924487
0.4992451
0.49924475
0.49924427
0.49924487
0.4992451
0.49924493
0.49924523
0.49924523
0.49924523
0.49924505
0.49924475
0.49924487
0.49924517
0.49924487
0.49924493
0.4992453
0.49924576
0.4992454
0.499245
0.49924535
0.4992448
0.4992451
0.49924517
0.49924487
0.4992454
0.4992453
0.49924523
0.49924475
0.499245
0.499245
0.49924475
0.49924535
0.49924493
0.49924517
0.49924487
0.4992448
0.499245
0.4992451
0.49924463
0.49924487
0.49924493
0.4992451
0.49924523
0.49924487
0.49924523
0.49924487
0.49924523
0.49924517
0.4992451
0.49924463
0.49924523
0.49924523
0.49924523
0.49924493
0.4992451
0.4992453
0.49924487
0.499245
0.49924487
0.4992454
0.49924523
0.4992453
0.4992448
0.49924475
0.49924475
0.49924475
0.49924535
0.49924523
0.499245
0.4992451
0.49924517
0.4992445
0.49924517
0.49924475
0.49924546
0.49924523
0.49924487
0.49924475
0.49924505
0.4992451
0.4992444
0.49924463
0.4992451
0.49924523
0.4992451
0.499245
0.49924487
0.49924487
0.49924493
0.4992451
0.49924463
0.4992451
0.49924487
0.49924475
0.49924487
0.49924487
0.4992444
0.4992451
0.4992451
0.49924392
0.49924535
0.49924314
0.49924523
0.4992451
0.4992451
0.499245
0.499245
0.49924523
0.49924487
0.4992451
0.4992451
0.49924523
0.49924523
0.49924475
0.4992451
0.49924487
0.4992451
0.499245
0.49924487
0.49924535
0.499245
0.49924523
0.4992453
0.4992451
0.4992451
0.4992453
0.49924487
0.49924576
0.49924517
0.49924523
0.499245
0.4992453
0.49924546
0.4992435
0.4992448
0.499245
0.4992451
0.49924505
0.49924487
0.499245
0.4992451
0.49924487
0.49924505
0.499245
0.49924523
0.4992451
0.4992451
0.499245
0.49924493
0.4992451
0.49924487
0.4992451
0.49924523
0.49924487
0.49924487
0.499245
0.49924546
0.49924487
0.49924463
0.49924505
0.49924517
0.499245
0.4992451
0.499245
0.4992451
0.49924475
0.49924487
0.49924535
0.4992454
0.49924546
0.49924493
0.49924487
0.49924523
0.49924493
0.4992457
0.49924523
0.49924487
0.499245
0.49924517
0.49924523
0.4992444
0.4992451
0.49924475
0.499245
0.49924138
0.4992451
0.49924487
0.49924523
0.49924517
0.49924487
0.49924475
0.49924505
0.49924523
0.49924505
0.499245
0.499245
0.49924475
0.499245
0.499245
0.499245
0.49924535
0.49924523
0.49924487
0.49924475
0.49924457
0.49924517
0.499245
0.499245
0.49924535
0.4992451
0.499245
0.4992451
0.49924487
0.499245
0.4992453
0.4992447
0.4992448
0.49924517
0.4992451
0.49924475
0.4992453
0.4992448
0.4992451
0.49924493
0.49924487
0.499245
0.49924487
0.4992448
0.49924535
0.4992451
0.4992451
0.499245
0.4992451
0.49924487
0.49924487
0.4992451
0.49924505
0.49924505
0.49924487
0.49924546
0.49924493
0.49924564
0.4992447
0.499245
0.4992451
0.499245
0.4992451
0.499245
0.49924055
0.4992451
0.499245
0.49924487
0.4992448
0.4992447
0.4992451
0.4992445
0.49924505
0.49924546
0.499245
0.4992453
0.4992451
0.499245
0.499245
0.49924475
0.49924487
0.49924463
0.4992448
0.49924523
0.49924523
0.4992454
0.49924487
0.49924487
0.49924463
0.49924523
0.49924493
0.4992448
0.49924523
0.49924475
0.4992451
0.4992451
0.49924487
0.49924487
0.49924487
0.49924493
0.4992448
0.499245
0.49924523
0.49924463
0.49924487
0.49924487
0.499245
0.49924546
0.4992445
0.499245
0.49924535
0.49924487
0.49924523
0.49924487
0.49924523
0.49924487
0.49924523
0.4992451
0.499245
0.49924523
0.4992457
0.49924523
0.49924156
0.49924517
0.4992453
0.499245
0.4992445
0.4992451
0.49924487
0.4992448
0.4992451
0.4992453
0.4992451
0.49924475
0.49924392
0.49924487
0.4992451
0.49924523
0.49924415
0.49924523
0.49924523
0.49924487
0.49924493
0.499246
0.49924535
0.49924487
0.49924523
0.49924487
0.49924517
0.49924523
0.4992451
0.49924487
0.499245
0.499245
0.49924487
0.49924487
0.499245
0.49924487
0.49924505
0.4992447
0.49924505
0.49924475
0.499245
0.49924475
0.4992445
0.49924552
0.49924505
0.49924535
0.499245
0.49924487
0.49924546
0.4992448
0.49924505
0.49924523
0.49924523
0.4992453
0.4992451
0.4992448
0.49924487
0.49924505
0.4992451
0.49924535
0.4992453
0.49924523
0.4992451
0.499245
0.49924487
0.49924505
0.49924463
0.49924517
0.49924517
0.49924523
0.49924433
0.4992451
0.49924523
0.49924523
0.49924362
0.49924505
0.49924487
0.49924463
0.4992451
0.49924445
0.49924475
0.49924493
0.499245
0.49924535
0.4992451
0.4992451
0.49924463
0.4992454
0.49924487
0.4992451
0.49924487
0.4992451
0.49924487
0.49924487
0.49924535
0.499245
0.49924475
0.49924493
0.4992451
0.49924523
0.499245
0.49924463
0.49924505
0.49924493
0.49924493
0.49924546
0.49924487
0.499245
0.49924517
0.49924523
0.499245
0.49924505
0.49924505
0.49924487
0.49924535
0.4992448
0.49924493
0.4992451
0.49924505
0.4992451
0.49924523
0.49924505
0.49924487
0.49924493
0.49924517
0.49924523
0.49924523
0.49924535
0.4992451
0.499245
0.49924535
0.49924487
0.49924505
0.49924487
0.49924505
0.499245
0.49924487
0.49924475
0.49924475
0.49924487
0.49924546
0.49924535
0.49924463
0.4992457
0.49924457
0.49924523
0.49924517
0.4992451
0.4992451
0.4992451
0.4992444
0.49924523
0.49924505
0.4992451
0.49924487
0.49924463
0.49924523
0.49924463
0.49924523
0.49924523
0.4992453
0.49924487
0.49924505
0.499245
0.499245
0.4992445
0.4992448
0.49924457
0.49924535
0.49924493
0.49924487
0.49924475
0.49924523
0.499245
0.499245
0.4992451
0.4992451
0.49924523
0.4992448
0.49924535
0.49924523
0.4992451
0.49924457
0.4992451
0.49924523
0.4992445
0.49924535
0.499245
0.4992448
0.4992448
0.4992444
0.4992451
0.49924493
0.4992448
0.4992457
0.49924368
0.49924535
0.49924523
0.49924487
0.49924487
0.4992451
0.49924487
0.49924618
0.49924487
0.49924523
0.4992451
0.49924517
0.49924463
0.49924523
0.49924535
0.49924475
0.49924475
0.49924427
0.49924523
0.4992444
0.49924487
0.49924523
0.49924523
0.49924475
0.49924523
0.499245
0.49924535
0.49924493
0.4992451
0.49924523
0.49924505
0.499245
0.49924427
0.499245
0.4992438
0.4992451
0.49924535
0.49924487
0.4992445
0.4992447
0.49924505
0.49924523
0.4992447
0.49924463
0.49924493
0.4992445
0.49924463
0.49924535
0.49924517
0.4992451
0.49924475
0.49924523
0.49924517
0.4992453
0.49924392
0.499245
0.49924535
0.4992451
0.499245
0.4992448
0.4992448
0.49924523
0.4992451
0.49924487
0.49924535
0.49924487
0.49924505
0.49924523
0.4992451
0.49924487
0.4992444
0.49924523
0.499245
0.49924487
0.4992445
0.49924523
0.4992451
0.499245
0.49924475
0.49924505
0.49924546
0.49924463
0.49924535
0.4992448
0.4992451
0.4992448
0.49924487
0.49924523
0.49924523
0.49924523
0.49924475
0.49924487
0.499245
0.4992453
0.4992448
0.499245
0.49924523
0.499245
0.49924487
0.499245
0.4992451
0.499245
0.4992453
0.4992451
0.49924505
0.4992453
0.49924463
0.4992451
0.499245
0.49924475
0.49924475
0.4992451
0.49924475
0.49924517
0.4992451
0.49924505
0.49924517
0.4992451
0.49924475
0.49924487
0.49924487
0.4992451
0.49924505
0.49924523
0.49924487
0.49924487
0.4992447
0.49924475
0.4992451
0.4992451
0.4992457
0.49924523
0.49924582
0.49924487
0.4992451
0.49924517
0.49924558
0.49924546
0.49924523
0.4992453
0.499245
0.49924487
0.49924487
0.4992451
0.49924517
0.49924505
0.4992451
0.49924475
0.499245
0.49924487
0.4992451
0.4992442
0.49924523
0.4992451
0.49924505
0.49924487
0.49924487
0.49924535
0.49924523
0.49924517
0.49924546
0.49924558
0.4992448
0.49924487
0.4992451
0.49924487
0.4992448
0.499245
0.49924344
0.4992448
0.499245
0.49924475
0.4992445
0.4992451
0.49924517
0.49924535
0.4992445
0.4992451
0.4992444
0.49924487
0.49924535
0.49924493
0.4992451
0.49924517
0.49924517
0.4992451
0.49924487
0.499245
0.4992451
0.49924523
0.4992451
0.49924487
0.4992447
0.49924505
0.499245
0.49924487
0.499245
0.49924487
0.4992451
0.49924475
0.4992451
0.4992451
0.49924487
0.49924475
0.4992451
0.49924523
0.4992453
0.49924523
0.49924487
0.499245
0.4992457
0.49924535
0.49924445
0.49924523
0.4992451
0.49924493
0.49924487
0.4992451
0.4992444
0.499245
0.49924487
0.499245
0.4992466
0.49924463
0.49924475
0.499245
0.4992445
0.49924487
0.49924523
0.4992451
0.4992453
0.4992451
0.49924487
0.49924523
0.49924523
0.49924445
0.4992451
0.49924457
0.4992451
0.49924505
0.4992451
0.499245
0.4992445
0.49924487
0.499245
0.499245
0.4992453
0.49924517
0.49924403
0.49924493
0.499245
0.49924487
0.49924523
0.499245
0.49924505
0.4992451
0.4992451
0.4992451
0.49924523
0.4992451
0.49924523
0.49924487
0.49924523
0.49924475
0.49924797
0.49924523
0.49924463
0.4992444
0.49924493
0.49924487
0.49924493
0.49924487
0.49924546
0.49924517
0.49924487
0.49924475
0.49924493
0.499245
0.499245
0.49924523
0.49924487
0.4992445
0.4992453
0.4992448
0.49924487
0.499245
0.49924505
0.499245
0.499245
0.4992451
0.4992451
0.49924517
0.499245
0.499245
0.49924546
0.49924523
0.499245
0.49924487
0.499245
0.49924558
0.4992453
0.49924523
0.499245
0.49924523
0.4992451
0.49924523
0.499245
0.4992444
0.4992448
0.49924523
0.499245
0.4992454
0.49924493
0.4992448
0.49924517
0.49924475
0.499245
0.49924487
0.4992451
0.49924505
0.49924487
0.499245
0.499245
0.49924487
0.49924445
0.4992451
0.49924523
0.49924535
0.49924475
0.4992448
0.49924505
0.4992451
0.49924517
0.499245
0.49924523
0.49924493
0.4992453
0.4992453
0.49924523
0.499245
0.49924523
0.49924517
0.49924523
0.49924487
0.49924517
0.499246
0.49924475
0.49924475
0.49924487
0.49924487
0.49924552
0.4992451
0.49924517
0.49924535
0.4992451
0.49924457
0.4992454
0.4992453
0.499245
0.49924523
0.49924505
0.49924523
0.49924475
0.4992451
0.49924487
0.49924487
0.49924523
0.49924523
0.49924487
0.499245
0.49924475
0.499245
0.4992453
0.4992448
0.49924588
0.4992451
0.49924546
0.499245
0.4992448
0.49924475
0.4992453
0.499245
0.499245
0.49924505
0.4992451
0.4992453
0.4992448
0.4992451
0.49924487
0.49924475
0.49924523
0.4992451
0.49924475
0.49924535
0.4992451
0.4992451
0.4992448
0.499245
0.49924493
0.4992451
0.499245
0.49924487
0.499245
0.4992451
0.49924552
0.49924487
0.49924517
0.499245
0.4992451
0.499245
0.4992453
0.49924475
0.4992451
0.49924523
0.49924487
0.4992447
0.4992451
0.49924457
0.49924523
0.4992453
0.4992444
0.49924487
0.4992451
0.4992451
0.4992448
0.49924475
0.49924463
0.499245
0.499245
0.49924457
0.49924546
0.49924487
0.49924493
0.499245
0.49924487
0.499245
0.49924523
0.4992451
0.4992451
0.49924535
0.49924523
0.4992451
0.499245
0.49924517
0.49924487
0.4992451
0.49924505
0.49924535
0.49924475
0.49924535
0.49924523
0.499245
0.49924517
0.499245
0.49924493
0.49924493
0.4992453
0.49924523
0.499245
0.4992451
0.4992453
0.49924505
0.49924535
0.499245
0.49924493
0.49924523
0.499245
0.49924475
0.49924475
0.499245
0.499245
0.49924505
0.49924517
0.49924475
0.49924487
0.4992448
0.49924535
0.49924505
0.49924505
0.49924535
0.49924523
0.4992451
0.4992451
0.49924535
0.49924546
0.4992451
0.49924463
0.499245
0.49924487
0.49924487
0.4992451
0.4992447
0.4992447
0.49924523
0.4992451
0.49924487
0.49924487
0.4992453
0.4992451
0.49924463
0.499245
0.4992451
0.4992453
0.4992448
0.499245
0.4992453
0.499245
0.49924546
0.49924517
0.4992451
0.4992448
0.499245
0.499245
0.4992451
0.4992451
0.49924487
0.4992453
0.49924487
0.4992451
0.49924546
0.49924535
0.49924505
0.4992451
0.499245
0.49924487
0.49924493
0.49924505
0.49924523
0.49924487
0.49924487
0.49924487
0.49924523
0.49924475
0.4992451
0.49924523
0.49924487
0.499245
0.49924222
0.49924523
0.49924487
0.49924493
0.4992451
0.49924487
0.4992451
0.4992451
0.49924487
0.49924493
0.49924487
0.49924487
0.4992448
0.49924463
0.4992451
0.49924403
0.4992451
0.4992451
0.49924517
0.4992457
0.49924505
0.49924487
0.4992451
0.4992448
0.499245
0.499245
0.49924546
0.49924493
0.49924523
0.49924487
0.49924475
0.4992451
0.4992451
0.49924487
0.49924487
0.49924487
0.499245
0.49924523
0.49924523
0.49924463
0.49924487
0.4992451
0.49924475
0.49924523
0.49924546
0.49924493
0.49924415
0.49924535
0.49924517
0.4992451
0.4992451
0.49924505
0.49924457
0.49924475
0.4992447
0.49924523
0.4992453
0.49924493
0.49924463
0.49924517
0.49924517
0.499245
0.499245
0.4992451
0.499245
0.49924487
0.49924523
0.49924487
0.49924487
0.4992448
0.49924505
0.49924523
0.4992448
0.499245
0.499245
0.4992451
0.49924463
0.49924523
0.49924552
0.4992451
0.49924487
0.49924523
0.49924487
0.49924523
0.49924487
0.499245
0.49924457
0.49924523
0.49924463
0.49924535
0.499245
0.4992453
0.4992447
0.49924535
0.4992445
0.49924523
0.49924505
0.4992451
0.49924535
0.49924546
0.4992445
0.4992451
0.49924487
0.49924487
0.49924487
0.49924558
0.49924475
0.49924576
0.49924523
0.49924487
0.499245
0.499245
0.4992451
0.49924475
0.49924493
0.49924517
0.49924523
0.49924487
0.49924505
0.49924523
0.49924493
0.49924552
0.499245
0.49924493
0.49924523
0.49924463
0.49924457
0.49924523
0.49924493
0.499245
0.4992451
0.4992445
0.49924493
0.4992451
0.49924523
0.499245
0.49924523
0.49924493
0.49924523
0.49924523
0.4992435
0.4992451
0.4992451
0.499245
0.49924523
0.4992451
0.49924517
0.49924517
0.49924505
0.49924505
0.49924523
0.499245
0.4992451
0.499245
0.49924475
0.49924517
0.49924505
0.49924523
0.4992453
0.4992445
0.4992448
0.499245
0.4992451
0.49924517
0.499245
0.49924487
0.4992448
0.499245
0.4992451
0.49924487
0.49924487
0.49924475
0.499245
0.499245
0.4992453
0.49924487
0.49924523
0.499245
0.4992451
0.4992445
0.49924523
0.49924523
0.49924445
0.49924517
0.4992451
0.499245
0.499245
0.499245
0.49924487
0.499245
0.499245
0.49924487
0.4992451
0.4992451
0.49924487
0.49924523
0.4992451
0.499245
0.4992448
0.49924523
0.49924493
0.49924535
0.49924517
0.4992444
0.499245
0.4992448
0.49924487
0.49924487
0.49924564
0.4992451
0.49924535
0.499245
0.49924558
0.49924523
0.4992451
0.49924487
0.499245
0.49924505
0.49924523
0.49924475
0.49924523
0.4992447
0.49924463
0.499245
0.499245
0.49924487
0.4992448
0.49924523
0.4992451
0.49924523
0.4992448
0.49924487
0.49924463
0.49924475
0.49924463
0.499245
0.4992451
0.49924517
0.499245
0.49924493
0.4992451
0.49924523
0.4992451
0.49924487
0.4992448
0.49924487
0.49924552
0.49924487
0.49924463
0.4992457
0.49924457
0.49924487
0.49924523
0.49924523
0.49924505
0.499245
0.499245
0.4992451
0.4992451
0.49924487
0.49924475
0.49924427
0.49924517
0.49924523
0.49924475
0.49924475
0.4992451
0.49924487
0.49924535
0.49924535
0.4992451
0.4992445
0.4992451
0.49924546
0.499245
0.4992451
0.49924535
0.49924493
0.49924487
0.49924475
0.4992451
0.49924463
0.49924493
0.4992453
0.49924487
0.499245
0.499245
0.49924475
0.499245
0.499245
0.499245
0.4992451
0.499245
0.4992451
0.4992451
0.4992451
0.49924487
0.49924493
0.49924505
0.499245
0.4992448
0.49924523
0.49924535
0.49924475
0.499245
0.4992451
0.49924487
0.499245
0.49924624
0.4992451
0.49924523
0.49924487
0.49924457
0.49924523
0.499245
0.49924517
0.499245
0.49924475
0.49924463
0.4992451
0.4992451
0.499245
0.499245
0.4992451
0.49924523
0.49924523
0.49924463
0.49924487
0.49924463
0.49924493
0.4992451
0.499245
0.49924487
0.49924475
0.499245
0.49924427
0.4992451
0.499245
0.4992453
0.499245
0.499245
0.49924475
0.4992445
0.49924475
0.4992451
0.4992451
0.49924487
0.49924523
0.49924523
0.4992451
0.49924517
0.4992451
0.499245
0.49924523
0.4992453
0.49924493
0.4992451
0.49924463
0.49924493
0.4992451
0.4992451
0.4992451
0.49924523
0.4992454
0.49924475
0.49924487
0.499245
0.4992445
0.49924517
0.49924505
0.4992451
0.49924523
0.49924487
0.49924487
0.4992451
0.4992451
0.4992451
0.499245
0.49924517
0.49924487
0.49924475
0.49924535
0.4992451
0.4992451
0.499245
0.49924505
0.49924475
0.49924517
0.49924523
0.499245
0.49924487
0.4992451
0.49924493
0.49924487
0.499245
0.49924487
0.49924487
0.4992451
0.4992451
0.4992448
0.499245
0.499245
0.4992451
0.49924505
0.4992451
0.49924463
0.49924487
0.49924523
0.49924493
0.4992451
0.49924523
0.49924505
0.49924505
0.49924546
0.49924523
0.499245
0.4992451
0.499245
0.499245
0.4992445
0.4992454
0.49924517
0.49924487
0.49924427
0.4992451
0.49924523
0.49924523
0.49924517
0.4992453
0.49924517
0.499245
0.49924463
0.49924505
0.49924475
0.499245
0.4992453
0.49924493
0.49924505
0.49924275
0.49924523
0.49924475
0.49924523
0.49924505
0.49924523
0.4992451
0.4992451
0.49924517
0.499245
0.49924576
0.4992457
0.4992451
0.49924523
0.499245
0.49924487
0.4992447
0.49924535
0.49924523
0.4992451
0.49924487
0.4992451
0.49924523
0.4992448
0.49924487
0.4992451
0.49924487
0.49924517
0.49924487
0.4992451
0.4992447
0.49924564
0.499245
0.49924487
0.49924487
0.49924493
0.499245
0.499245
0.49924487
0.4992451
0.499245
0.49924463
0.49924546
0.4992448
0.49924493
0.49924523
0.4992451
0.49924487
0.499245
0.4992451
0.499245
0.49924463
0.49924475
0.4992453
0.49924487
0.49924475
0.49924523
0.49924517
0.49924523
0.4992451
0.4992451
0.49924505
0.499245
0.4992451
0.4992451
0.4992447
0.4992451
0.499245
0.4992448
0.49924505
0.49924475
0.49924523
0.4992451
0.49924487
0.4992451
0.49924523
0.49924487
0.499245
0.49924487
0.4992451
0.49924523
0.49924523
0.49924517
0.49924523
0.4992451
0.499245
0.499245
0.49924493
0.49924505
0.49924535
0.49924535
0.4992451
0.49924463
0.49924523
0.49924475
0.49924487
0.4992451
0.4992448
0.49924463
0.49924505
0.49924475
0.49924475
0.49924445
0.4992451
0.4992451
0.4992451
0.49924535
0.49924535
0.4992451
0.49924463
0.49924487
0.49924475
0.49924523
0.49924487
0.49924523
0.49924493
0.4992451
0.49924475
0.49924523
0.49924493
0.4992451
0.49924535
0.499245
0.49924523
0.49924493
0.4992451
0.49924523
0.49924505
0.4992451
0.49924523
0.499245
0.499245
0.49924463
0.49924505
0.49924523
0.499245
0.4992454
0.49924523
0.49924523
0.49924487
0.49924487
0.49924487
0.4992445
0.499245
0.4992453
0.49924558
0.49924523
0.4992447
0.499245
0.49924487
0.49924505
0.49924463
0.49924457
0.4992448
0.49924517
0.49924523
0.49924427
0.49924523
0.49924493
0.4992451
0.4992451
0.49924427
0.499245
0.49924427
0.49924535
0.4992451
0.4992448
0.499245
0.49924606
0.49924475
0.49924487
0.49924487
0.49924535
0.49924493
0.49924475
0.49924535
0.49924487
0.4992453
0.4992451
0.49924505
0.49924487
0.49924457
0.49924523
0.49924487
0.49924487
0.4992448
0.49924535
0.49924493
0.49924523
0.4992451
0.4992451
0.49924517
0.499245
0.4992451
0.4992448
0.49924523
0.49924475
0.49924427
0.4992453
0.49924523
0.4992453
0.49924487
0.49924552
0.49924523
0.4992451
0.49924487
0.49924493
0.49924475
0.49924487
0.49924487
0.4992454
0.49924475
0.4992451
0.49924558
0.49924415
0.4992451
0.49924487
0.4992451
0.4992445
0.49924546
0.49924475
0.4992451
0.4992451
0.4992451
0.49924535
0.49924487
0.4992451
0.49924493
0.4992453
0.49924523
0.499245
0.49924523
0.499245
0.49924475
0.49924487
0.4992451
0.49924487
0.499245
0.499245
0.4992451
0.49924463
0.49924475
0.49924487
0.4992451
0.49924523
0.499245
0.49924487
0.49924487
0.499245
0.49924505
0.49924475
0.49924487
0.499245
0.49924493
0.49924523
0.49924505
0.49924427
0.49924427
0.4992451
0.49924493
0.49924523
0.49924487
0.499245
0.4992447
0.4992453
0.49924523
0.49924487
0.4992451
0.4992447
0.49924487
0.4992451
0.49924487
0.49924463
0.499245
0.49924535
0.49924487
0.49924487
0.49924493
0.49924517
0.499245
0.49924487
0.49924475
0.4992451
0.4992451
0.49924493
0.49924487
0.49924552
0.4992451
0.499245
0.49924523
0.4992451
0.4992445
0.4992451
0.499245
0.499245
0.49924487
0.4992448
0.49924517
0.49924523
0.4992444
0.49924463
0.49924523
0.49924523
0.4992451
0.49924505
0.49924487
0.49924487
0.49924487
0.49924445
0.499245
0.49924523
0.49924505
0.4992454
0.49924523
0.4992454
0.49924517
0.499245
0.49924487
0.49924523
0.49924427
0.499245
0.4992451
0.49924505
0.49924293
0.49924487
0.4992451
0.49924523
0.4992451
0.499245
0.4992451
0.49924535
0.4992444
0.49924523
0.49924475
0.499245
0.499245
0.49924487
0.49924523
0.4992451
0.49924487
0.4992448
0.499245
0.49924505
0.49924505
0.49924493
0.4992447
0.49924487
0.49924487
0.4992447
0.49924517
0.4992451
0.499245
0.49924487
0.49924475
0.499245
0.49924463
0.49924517
0.4992451
0.49924523
0.49924445
0.49924493
0.4992451
0.49924487
0.4992454
0.4992451
0.49924403
0.499245
0.499245
0.49924493
0.4992448
0.4992451
0.49924475
0.49924523
0.4992448
0.49924463
0.49924487
0.49924493
0.4992451
0.49924493
0.4992451
0.49924546
0.49924505
0.49924535
0.49924523
0.49924487
0.499245
0.4992451
0.49924523
0.499245
0.4992453
0.49924487
0.49924475
0.4992445
0.499245
0.4992447
0.49924487
0.49924427
0.49924493
0.4992451
0.49924487
0.49924523
0.4992451
0.49924546
0.49924487
0.49924523
0.49924535
0.49924487
0.49924493
0.49924487
0.49924463
0.49924487
0.4992445
0.49924517
0.49924433
0.49924505
0.4992438
0.49924493
0.4992457
0.49924463
0.4992451
0.49924517
0.499245
0.49924475
0.499243
0.49924475
0.499245
0.49924487
0.4992451
0.4992451
0.49924505
0.49924487
0.49924523
0.49924374
0.499245
0.49924493
0.49924487
0.4992448
0.499245
0.4992448
0.4992447
0.499245
0.4992451
0.49924517
0.4992451
0.49924487
0.49924535
0.49924517
0.4992451
0.49924517
0.4992451
0.4992451
0.4992453
0.49924493
0.49924535
0.49924493
0.49924493
0.49924493
0.49924517
0.4992453
0.4992451
0.499245
0.49924558
0.49924475
0.49924505
0.49924493
0.49924535
0.49924487
0.49924618
0.49924535
0.49924493
0.4992451
0.4992451
0.49924523
0.499245
0.4992448
0.4992451
0.4992451
0.4992451
0.49924487
0.49924493
0.499245
0.49924475
0.499245
0.4992444
0.49924552
0.49924487
0.4992448
0.49924523
0.49924505
0.49924386
0.4992451
0.49924517
0.4992447
0.4992451
0.4992453
0.49924552
0.4992451
0.4992451
0.49924487
0.49924523
0.499245
0.49924523
0.4992447
0.49924493
0.49924523
0.49924523
0.499245
0.4992451
0.49924523
0.4992451
0.49924517
0.49924487
0.49924475
0.49924493
0.49924517
0.49924523
0.49924552
0.4992448
0.499245
0.49924535
0.4992447
0.49924523
0.49924517
0.4992451
0.4992451
0.49924505
0.49924523
0.4992451
0.49924487
0.4992451
0.49924487
0.4992451
0.4992451
0.49924487
0.499245
0.4992451
0.49924505
0.49924523
0.49924517
0.49924505
0.499245
0.499245
0.49924487
0.49924487
0.499245
0.49924463
0.4992448
0.49924523
0.49924505
0.49924487
0.49924535
0.49924523
0.49924475
0.4992453
0.4992447
0.4992451
0.4992451
0.49924487
0.49924505
0.4992448
0.4992447
0.499245
0.49924475
0.49924493
0.499245
0.49924493
0.499245
0.49924523
0.4992445
0.4992453
0.49924475
0.499245
0.49924505
0.49924558
0.49924487
0.4992451
0.49924523
0.499245
0.4992451
0.49924517
0.49924487
0.49924487
0.49924487
0.49924517
0.49924475
0.4992451
0.49924523
0.49924493
0.49924493
0.499245
0.49924505
0.49924475
0.49924594
0.4992451
0.49924493
0.49924487
0.4992453
0.49924487
0.4992451
0.499245
0.499245
0.49924517
0.49924475
0.49924493
0.499245
0.49924523
0.4992445
0.49924517
0.4992451
0.49924487
0.4992451
0.49924463
0.49924517
0.49924523
0.49924457
0.4992448
0.49924517
0.49924523
0.49924487
0.4992451
0.49924523
0.49924523
0.499245
0.49924475
0.499245
0.49924487
0.49924535
0.499245
0.49924403
0.4992445
0.4992448
0.4992453
0.499245
0.499245
0.49924535
0.49924523
0.49924493
0.49924535
0.49924493
0.49924463
0.49924523
0.4992448
0.49924535
0.4992448
0.49924487
0.49924523
0.49924487
0.49924523
0.4992454
0.49924487
0.49924493
0.49924517
0.49924487
0.4992444
0.4992448
0.4992451
0.49924517
0.499245
0.49924523
0.49924523
0.49924505
0.4992451
0.49924523
0.49924493
0.49924517
0.49924535
0.49924517
0.49924523
0.4992451
0.49924368
0.49924487
0.4992451
0.49924523
0.49924517
0.49924523
0.49924487
0.499245
0.49924463
0.499245
0.49924517
0.4992445
0.49924505
0.49924487
0.4992451
0.4992453
0.49924487
0.499245
0.49924493
0.49924505
0.49924475
0.49924523
0.49924523
0.49924523
0.499245
0.4992448
0.49924517
0.4992451
0.49924487
0.49924487
0.49924463
0.49924517
0.49924493
0.4992451
0.4992451
0.49924505
0.49924505
0.49924475
0.49924523
0.49924463
0.4992451
0.49924475
0.49924487
0.49924505
0.499245
0.499245
0.4992451
0.4992451
0.49924493
0.49924505
0.4992451
0.4992451
0.49924487
0.49924415
0.49924612
0.49924517
0.4992451
0.49924475
0.49924487
0.499245
0.499245
0.49924535
0.499245
0.499245
0.499245
0.4992451
0.4992451
0.4992451
0.49924523
0.49924546
0.49924535
0.4992451
0.499245
0.49924475
0.49924546
0.49924517
0.49924517
0.49924487
0.4992454
0.499245
0.49924493
0.499245
0.4992451
0.4992451
0.49924493
0.49924487
0.49924487
0.499245
0.49924487
0.49924204
0.49924523
0.49924487
0.49924558
0.49924523
0.49924493
0.4992451
0.49924487
0.49924487
0.4992451
0.4992451
0.499245
0.499245
0.49924517
0.4992447
0.49924517
0.49924505
0.4992451
0.4992451
0.49924463
0.4992447
0.499245
0.49924463
0.49924505
0.49924517
0.49924505
0.49924523
0.49924463
0.49924487
0.49924517
0.49924487
0.49924523
0.49924523
0.49924558
0.49924487
0.4992451
0.499245
0.499245
0.49924475
0.49924517
0.49924475
0.49924487
0.499245
0.499245
0.49924487
0.49924535
0.49924505
0.49924505
0.4992453
0.4992451
0.49924517
0.49924487
0.49924523
0.499245
0.49924463
0.49924475
0.499245
0.49924487
0.49924523
0.49924517
0.49924487
0.49924546
0.499245
0.4992451
0.4992448
0.4992451
0.49924523
0.4992448
0.49924546
0.49924517
0.49924493
0.4992451
0.49924475
0.49924523
0.499245
0.499245
0.49924523
0.4992448
0.49924487
0.49924314
0.49924475
0.49924487
0.4992453
0.49924487
0.49924523
0.49924487
0.49924493
0.499245
0.4992451
0.49924523
0.49924487
0.499245
0.49924576
0.49924475
0.49924517
0.4992451
0.49924487
0.49924493
0.49924523
0.49924517
0.49924487
0.49924487
0.49924463
0.49924487
0.49924523
0.49924523
0.4992448
0.4992451
0.49924523
0.4992451
0.49924475
0.49924493
0.49924487
0.49924517
0.49924505
0.4992451
0.49924523
0.49924487
0.49924523
0.4992447
0.49924523
0.4992451
0.49924535
0.49924493
0.49924517
0.4992451
0.4992451
0.49924493
0.49924505
0.499245
0.4992451
0.4992451
0.49924523
0.49924487
0.499245
0.49924523
0.49924487
0.4992451
0.49924463
0.49924505
0.4992451
0.4992451
0.499245
0.499245
0.49924487
0.49924535
0.499245
0.49924487
0.4992451
0.499245
0.49924487
0.49924487
0.49924505
0.49924493
0.4992451
0.49924475
0.4992445
0.499245
0.4992451
0.49924505
0.499245
0.49924487
0.4992451
0.4992448
0.49924493
0.4992451
0.49924493
0.499245
0.49924493
0.4992448
0.499245
0.499245
0.49924475
0.49924546
0.4992447
0.49924487
0.49924487
0.49924463
0.49924475
0.4992447
0.4992451
0.4992451
0.49924505
0.49924487
0.4992451
0.4992451
0.49924535
0.49924487
0.4992445
0.4992447
0.49924535
0.49924523
0.4992451
0.49924493
0.49924457
0.49924487
0.49924523
0.49924546
0.4992448
0.49924463
0.4992451
0.4992451
0.49924475
0.49924487
0.4992451
0.49924517
0.49924493
0.49924546
0.4992438
0.49924475
0.499245
0.4992451
0.49924487
0.499245
0.4992451
0.49924523
0.49924493
0.4992451
0.4992453
0.4992451
0.49924475
0.4992444
0.49924523
0.499245
0.49924582
0.4992451
0.49924475
0.49924523
0.49924517
0.49924558
0.49924403
0.49924505
0.4992448
0.499245
0.4992451
0.4992451
0.49924108
0.49924487
0.499245
0.49924493
0.49924475
0.49924505
0.4992451
0.49924475
0.49924546
0.499245
0.4992451
0.49924487
0.4992451
0.4992445
0.49924535
0.49924523
0.49924487
0.499245
0.499245
0.49924487
0.499245
0.49924505
0.4992451
0.49924535
0.49924475
0.49924535
0.499245
0.49924523
0.49924493
0.49924505
0.49924493
0.4992451
0.49924493
0.49924517
0.49924523
0.49924493
0.499245
0.49924517
0.4992451
0.499245
0.4992451
0.499245
0.4992457
0.49924487
0.49924487
0.49924546
0.49924475
0.49924523
0.49924493
0.49924523
0.49924234
0.49924487
0.499245
0.4992451
0.4992444
0.499245
0.499245
0.49924523
0.4992451
0.49924493
0.49924517
0.49924546
0.49924493
0.4992451
0.49924487
0.49924475
0.4992453
0.49924487
0.4992451
0.49924487
0.4992454
0.49924523
0.49924505
0.49924523
0.49924535
0.49924415
0.4992451
0.49924523
0.49924523
0.4992451
0.49924493
0.49924505
0.49924523
0.4992445
0.499245
0.4992451
0.49924517
0.499245
0.49924475
0.49924564
0.49924493
0.49924475
0.4992453
0.4992451
0.49924475
0.49924487
0.4992451
0.499245
0.49924505
0.49924487
0.4992453
0.4992451
0.49924487
0.49924487
0.4992451
0.49924552
0.4992451
0.499245
0.4992451
0.499245
0.49924487
0.49924487
0.499245
0.49924523
0.49924517
0.499243
0.49924523
0.499245
0.4992451
0.49924487
0.49924523
0.49924523
0.49924487
0.49924535
0.49924546
0.49924475
0.499245
0.49924463
0.49924523
0.49924493
0.49924487
0.49924475
0.49924487
0.499245
0.49924505
0.49924535
0.49924535
0.49924737
0.49924475
0.49924558
0.4992451
0.49924505
0.4992451
0.49924487
0.49924487
0.49924523
0.49924523
0.499245
0.49924523
0.49924523
0.4992451
0.49924517
0.49924523
0.49924493
0.4992457
0.49924582
0.49924475
0.4992451
0.49924505
0.4992451
0.49924475
0.49924493
0.49924505
0.49924487
0.4992451
0.49924326
0.49924493
0.49924558
0.49924523
0.49924535
0.49924487
0.4992447
0.4992453
0.49924475
0.49924505
0.4992447
0.49924475
0.49924582
0.49924463
0.4992451
0.4992448
0.499245
0.49924445
0.49924487
0.49924457
0.4992451
0.49924517
0.499245
0.49924523
0.49924415
0.49924463
0.49924505
0.49924487
0.49924546
0.49924523
0.49924457
0.49924487
0.49924487
0.499245
0.4992448
0.4992448
0.49924523
0.4992451
0.4992451
0.49924535
0.49924523
0.49924493
0.49924463
0.49924463
0.49924487
0.49924517
0.4992442
0.49924475
0.49924523
0.4992451
0.49924523
0.499245
0.4992451
0.49924523
0.4992453
0.4992454
0.49924546
0.4992451
0.499245
0.49924463
0.49924427
0.4992453
0.49924505
0.4992447
0.4992445
0.4992451
0.4992448
0.499245
0.49924535
0.49924546
0.49924523
0.499245
0.4992448
0.49924475
0.49924523
0.49924475
0.49924493
0.499245
0.49924523
0.49924433
0.49924535
0.49924523
0.49924523
0.49924606
0.4992451
0.4992453
0.4992453
0.49924523
0.49924487
0.49924493
0.49924523
0.49924523
0.49924505
0.49924546
0.4992445
0.49924487
0.49924523
0.4992448
0.49924487
0.4992445
0.49924523
0.49924523
0.499245
0.4992454
0.4992447
0.4992453
0.499245
0.499245
0.499245
0.4992451
0.49924535
0.4992451
0.4992451
0.49924493
0.4992448
0.4992451
0.4992451
0.49924427
0.49924487
0.49924487
0.4992451
0.4992451
0.49924517
0.49924487
0.49924517
0.4992453
0.49924535
0.49924523
0.49924517
0.49924475
0.49924463
0.49924475
0.4992451
0.49924535
0.49924475
0.499245
0.4992451
0.49924505
0.49924505
0.499245
0.49924505
0.49924475
0.49924475
0.49924523
0.4992451
0.49924493
0.49924475
0.49924487
0.49924487
0.49924463
0.4992451
0.49924475
0.499245
0.4992448
0.49924517
0.49924523
0.4992453
0.49924523
0.49924523
0.49924535
0.49924457
0.49924505
0.49924523
0.4992445
0.4992451
0.4992451
0.499245
0.49924523
0.499245
0.4992451
0.4992448
0.49924487
0.4992448
0.4992451
0.49924558
0.499245
0.4992454
0.49924517
0.4992451
0.49924558
0.499245
0.4992457
0.4992453
0.4992444
0.49924576
0.4992441
0.4992447
0.499245
0.4992451
0.49924493
0.499245
0.49924356
0.4992451
0.49924523
0.4992441
0.4992453
0.4992451
0.49924493
0.4992448
0.4992448
0.49924505
0.4992453
0.49924523
0.49924558
0.4992451
0.4992457
0.49924517
0.49924558
0.49924523
0.4992451
0.4992448
0.49924523
0.49924493
0.499245
0.49924475
0.4992451
0.4992451
0.49924487
0.49924523
0.49924523
0.4992451
0.49924463
0.4992451
0.4992451
0.499245
0.49924475
0.49924505
0.49924535
0.4992444
0.4992454
0.49924517
0.4992451
0.4992451
0.49924487
0.49924523
0.49924487
0.49924523
0.49924487
0.49924523
0.49924535
0.49924433
0.499245
0.49924493
0.49924463
0.49924487
0.4992451
0.4992451
0.4992451
0.4992445
0.49924493
0.49924487
0.4992448
0.49924487
0.49924546
0.49924493
0.499245
0.49924523
0.49924493
0.499245
0.499245
0.49924487
0.49924523
0.49924523
0.4992451
0.4992451
0.4992451
0.49924487
0.4992451
0.49924487
0.49924517
0.49924487
0.49924558
0.499245
0.49924505
0.49924463
0.49924505
0.49924505
0.4992448
0.49924535
0.49924463
0.49924475
0.49924475
0.49924535
0.49924505
0.49924487
0.49924493
0.4992448
0.49924487
0.49924523
0.499245
0.499245
0.49924523
0.49924493
0.4992448
0.4992451
0.49924475
0.49924487
0.49924517
0.49924505
0.499245
0.49924487
0.499246
0.4992451
0.49924475
0.499245
0.49924493
0.49924475
0.49924523
0.4992451
0.49924558
0.499245
0.49924487
0.49924475
0.49924487
0.4992451
0.49924487
0.49924487
0.49924487
0.499245
0.49924475
0.49924517
0.49924487
0.499245
0.49924487
0.4992444
0.49924523
0.49924493
0.49924487
0.499245
0.4992451
0.49924463
0.49924487
0.49924523
0.49924546
0.49924523
0.49924487
0.49924505
0.49924487
0.4992453
0.49924487
0.49924493
0.49924546
0.49924487
0.4992451
0.499245
0.4992453
0.499245
0.4992451
0.4992451
0.49924535
0.49924505
0.49924523
0.49924517
0.49924535
0.4992454
0.49924475
0.49924487
0.49924493
0.49924463
0.4992444
0.499245
0.4992451
0.49924493
0.4992451
0.49924475
0.499245
0.4992453
0.499245
0.4992451
0.4992451
0.49924523
0.49924523
0.4992453
0.4992451
0.499245
0.49924475
0.49924487
0.499245
0.49924463
0.4992451
0.49924475
0.499245
0.4992451
0.49924523
0.4992451
0.49924546
0.499245
0.49924546
0.49924523
0.49924475
0.499245
0.49924463
0.49924523
0.49924523
0.49924487
0.49924487
0.4992451
0.49924505
0.499245
0.49924475
0.499245
0.49924546
0.49924475
0.4992448
0.4992451
0.49924487
0.49924487
0.4992451
0.49924535
0.49924517
0.49924523
0.499245
0.49924493
0.49924505
0.499245
0.49924475
0.49924505
0.49924505
0.49924535
0.4992451
0.49924517
0.49924475
0.4992451
0.49924487
0.49924487
0.499245
0.49924475
0.499245
0.49924493
0.49924523
0.499245
0.4992457
0.49924487
0.49924546
0.4992454
0.49924517
0.4992451
0.499245
0.499245
0.4992453
0.49924523
0.49924487
0.49924487
0.49924523
0.49924546
0.49924523
0.4992451
0.49924535
0.499245
0.4992432
0.49924487
0.49924505
0.49924517
0.49924523
0.49924487
0.49924535
0.49924523
0.49924475
0.49924546
0.4992453
0.49924457
0.49924505
0.499245
0.49924505
0.49924517
0.49924546
0.499245
0.49924463
0.49924487
0.4992451
0.49924552
0.4992451
0.4992451
0.4992451
0.49924535
0.4992453
0.49924523
0.49924487
0.499245
0.499245
0.4992447
0.49924487
0.499245
0.4992451
0.49924487
0.49924487
0.49924487
0.49924475
0.49924523
0.49924535
0.4992453
0.4992451
0.49924505
0.49924493
0.49924493
0.49924517
0.49924475
0.499245
0.49924487
0.49924523
0.49924523
0.49924523
0.49924523
0.499245
0.4992451
0.4992451
0.4992451
0.4992454
0.49924523
0.49924505
0.49924523
0.49924505
0.4992447
0.49924505
0.49924487
0.49924487
0.4992448
0.4992451
0.49924487
0.49924487
0.499245
0.49924505
0.49924487
0.49924582
0.49924523
0.499245
0.49924505
0.49924475
0.49924487
0.4992447
0.49924505
0.49924535
0.499245
0.499245
0.49924463
0.49924505
0.49924523
0.499245
0.499245
0.49924356
0.49924546
0.49924523
0.499245
0.49924523
0.4992447
0.49924487
0.499245
0.49924523
0.49924463
0.49924517
0.4992451
0.49924487
0.49924487
0.49924493
0.49924535
0.49924523
0.49924463
0.49924487
0.4992447
0.4992451
0.49924463
0.499245
0.49924475
0.49924475
0.49924535
0.4992451
0.49924505
0.49924493
0.49924487
0.499245
0.4992451
0.4992448
0.49924546
0.4992451
0.49924487
0.49924487
0.4992451
0.49924523
0.49924487
0.49924427
0.499245
0.49924523
0.4992453
0.49924475
0.4992451
0.49924493
0.499245
0.49924487
0.49924535
0.4992451
0.499245
0.499245
0.49924493
0.49924487
0.49924535
0.499245
0.49924505
0.49924493
0.4992451
0.4992451
0.49924505
0.49924487
0.49924493
0.4992451
0.49924487
0.49924523
0.49924558
0.49924493
0.49924523
0.49924523
0.49924523
0.49924487
0.4992451
0.4992448
0.49924517
0.49924493
0.4992447
0.4992453
0.4992451
0.49924493
0.49924517
0.499245
0.49924535
0.49924523
0.499245
0.49924463
0.4992451
0.499245
0.49924523
0.49924523
0.49924493
0.49924523
0.49924287
0.49924463
0.4992451
0.4992451
0.4992451
0.499245
0.49924475
0.499245
0.49924475
0.4992448
0.4992451
0.49924523
0.4992448
0.49924475
0.4992451
0.49924546
0.49924523
0.49924523
0.49924475
0.4992448
0.49924505
0.4992448
0.4992451
0.499245
0.49924475
0.4992451
0.49924487
0.4992451
0.499245
0.49924487
0.4992457
0.4992451
0.49924493
0.499245
0.49924505
0.499245
0.49924487
0.49924523
0.49924475
0.499245
0.49924594
0.49924493
0.4992448
0.49924576
0.49924475
0.4992453
0.49924475
0.49924475
0.4992451
0.49924523
0.499245
0.49924463
0.49924523
0.49924493
0.49924475
0.4992451
0.49924493
0.49924487
0.49924457
0.49924487
0.49924523
0.49924535
0.499245
0.49924427
0.499245
0.4992451
0.4992451
0.49924487
0.49924487
0.499245
0.499245
0.49924487
0.499245
0.49924475
0.4992451
0.499245
0.4992451
0.49924463
0.49924487
0.4992445
0.49924517
0.49924535
0.499245
0.4992451
0.49924392
0.4992454
0.49924427
0.4992448
0.49924487
0.49924493
0.49924517
0.49924523
0.49924487
0.49924523
0.4992447
0.49924487
0.49924558
0.49924475
0.49924487
0.49924487
0.49924517
0.49924523
0.4992453
0.49924523
0.4992453
0.4992448
0.49924475
0.49924505
0.49924517
0.49924505
0.49924487
0.49924517
0.4992451
0.49924487
0.4992451
0.49924523
0.49924523
0.4992451
0.4992451
0.49924463
0.49924487
0.49924517
0.49924487
0.4992444
0.49924505
0.4992448
0.49924493
0.49924517
0.49924535
0.49924517
0.4992445
0.4992451
0.49924487
0.49924487
0.4992451
0.49924487
0.49924523
0.49924493
0.4992451
0.499245
0.49924535
0.49924523
0.499245
0.49924487
0.49924275
0.49924487
0.49924487
0.4992454
0.49924487
0.49924546
0.4992445
0.49924618
0.49924487
0.499245
0.4992451
0.49924487
0.4992451
0.499245
0.49924463
0.49924487
0.4992451
0.4992451
0.49924505
0.49924475
0.49924505
0.4992448
0.4992453
0.499245
0.4992451
0.49924475
0.49924487
0.4992453
0.4992451
0.4992453
0.49924475
0.499245
0.49924475
0.4992451
0.4992451
0.49924487
0.49924523
0.49924487
0.4992451
0.499245
0.49924535
0.4992451
0.4992448
0.4992451
0.49924463
0.49924523
0.49924475
0.499245
0.4992453
0.4992444
0.49924546
0.4992451
0.499245
0.49924493
0.49924487
0.4992453
0.49924475
0.4992448
0.49924475
0.4992448
0.49924505
0.49924523
0.4992451
0.4992451
0.499245
0.4992448
0.49924463
0.499245
0.4992451
0.499245
0.4992451
0.4992451
0.499245
0.49924475
0.49924493
0.49924487
0.49924564
0.49924546
0.49924487
0.49924505
0.49924523
0.49924487
0.4992453
0.49924493
0.49924523
0.4992453
0.4992457
0.49924475
0.49924523
0.4992451
0.499245
0.4992451
0.49924523
0.49924487
0.49924487
0.499245
0.4992451
0.499245
0.49924523
0.4992445
0.4992451
0.49924487
0.499245
0.499245
0.49924487
0.49924546
0.49924535
0.49924487
0.49924493
0.49924523
0.49924523
0.499245
0.499245
0.499245
0.49924475
0.4992453
0.49924493
0.4992448
0.49924535
0.499245
0.49924463
0.4992451
0.4992454
0.49924523
0.49924517
0.49924517
0.4992451
0.49924523
0.4992451
0.49924523
0.49924427
0.49924463
0.4992445
0.49924546
0.4992453
0.49924523
0.4992451
0.49924517
0.49924475
0.49924523
0.4992451
0.4992451
0.49924523
0.499245
0.49924523
0.4992451
0.49924475
0.49924523
0.49924487
0.49924558
0.4992451
0.4992448
0.49924535
0.4992457
0.49924523
0.49924475
0.49924505
0.49924523
0.49924433
0.49924475
0.4992451
0.4992451
0.4992448
0.49924487
0.49924487
0.4992451
0.49924517
0.49924517
0.49924487
0.49924475
0.49924523
0.49924535
0.49924523
0.499245
0.49924523
0.49924493
0.49924487
0.49924517
0.49924505
0.4992442
0.49924523
0.49924415
0.49924475
0.4992444
0.49924475
0.4992447
0.499245
0.4992448
0.4992451
0.4992448
0.4992453
0.49924535
0.49924493
0.49924505
0.49924487
0.4992451
0.49924475
0.4992448
0.49924493
0.4992448
0.49924523
0.4992451
0.49924505
0.49924576
0.499245
0.49924523
0.49924505
0.4992451
0.49924523
0.49924463
0.49924493
0.49924535
0.4992451
0.49924487
0.499245
0.4992445
0.4992451
0.49924523
0.4992448
0.49924475
0.49924517
0.499245
0.49924517
0.4992448
0.49924535
0.49924523
0.499245
0.49924505
0.49924535
0.49924523
0.499245
0.499245
0.49924535
0.49924523
0.49924475
0.4992448
0.4992451
0.499245
0.49924493
0.49924535
0.49924505
0.4992448
0.49924523
0.49924475
0.4992448
0.49924535
0.49924475
0.49924517
0.49924487
0.4992451
0.499245
0.499245
0.4992451
0.4992448
0.49924487
0.4992453
0.49924475
0.49924505
0.4992451
0.49924487
0.4992451
0.49924463
0.49924493
0.49924523
0.49924487
0.49924475
0.4992451
0.4992451
0.4992447
0.4992451
0.4992451
0.4992445
0.499245
0.49924517
0.49924523
0.49924475
0.49924475
0.49924535
0.49924487
0.4992448
0.49924493
0.49924463
0.4992451
0.499245
0.49924523
0.49924535
0.4992451
0.4992451
0.49924463
0.4992451
0.49924523
0.49924535
0.4992453
0.49924558
0.499245
0.49924487
0.499245
0.49924535
0.4992453
0.4992445
0.49924487
0.499245
0.49924487
0.499245
0.49924475
0.4992445
0.4992451
0.4992451
0.49924463
0.49924505
0.49924463
0.499245
0.4992451
0.49924523
0.4992447
0.4992451
0.49924493
0.49924523
0.4992451
0.4992457
0.49924517
0.499245
0.4992451
0.49924517
0.49924523
0.4992451
0.49924523
0.49924475
0.499245
0.49924475
0.499245
0.499245
0.4992451
0.49924523
0.4992451
0.4992448
0.49924463
0.49924475
0.4992454
0.49924463
0.4992453
0.49924505
0.4992451
0.49924433
0.4992451
0.49924517
0.4992451
0.49924475
0.4992444
0.49924487
0.49924535
0.49924433
0.49924487
0.49924636
0.49924523
0.4992445
0.499245
0.49924493
0.49924487
0.49924475
0.49924523
0.49924546
0.49924493
0.4992451
0.49924535
0.4992453
0.4992451
0.49924535
0.4992451
0.49924487
0.4992451
0.49924523
0.4992453
0.49924487
0.4992451
0.4992453
0.49924487
0.49924487
0.49924487
0.49924475
0.49924463
0.49924487
0.4992451
0.49924505
0.4992453
0.49924505
0.49924505
0.499245
0.49924505
0.4992451
0.4992451
0.499245
0.499245
0.49924487
0.49924517
0.4992451
0.49924523
0.4992451
0.49924463
0.49924523
0.49924523
0.49924546
0.4992451
0.49924463
0.49924487
0.49924523
0.499245
0.49924517
0.499245
0.4992451
0.4992451
0.4992451
0.49924487
0.499245
0.49924523
0.49924493
0.49924487
0.49924487
0.49924523
0.49924475
0.4992453
0.49924523
0.49924475
0.49924523
0.4992451
0.49924463
0.49924487
0.4992451
0.4992451
0.49924582
0.499245
0.49924493
0.49924517
0.499245
0.49924487
0.4992451
0.4992451
0.4992451
0.4992447
0.499245
0.49924535
0.49924463
0.4992444
0.49924427
0.49924505
0.49924487
0.49924523
0.49924523
0.49924487
0.499245
0.49924487
0.49924445
0.49924523
0.49924445
0.49924558
0.4992451
0.4992451
0.49924517
0.49924487
0.4992441
0.499245
0.4992451
0.49924523
0.49924493
0.49924475
0.49924523
0.49924475
0.49924505
0.49924487
0.49924546
0.49924546
0.49924487
0.499245
0.49924517
0.4992451
0.49924257
0.49924523
0.49924546
0.49924487
0.4992448
0.4992451
0.49924487
0.4992451
0.49924517
0.49924546
0.49924535
0.49924546
0.49924487
0.49924535
0.4992448
0.49924517
0.49924523
0.4992451
0.499245
0.49924517
0.4992451
0.49924463
0.4992451
0.49924505
0.49924287
0.4992448
0.499245
0.49924475
0.4992448
0.49924487
0.49924517
0.4992448
0.49924535
0.499245
0.4992451
0.4992447
0.49924487
0.49924517
0.49924493
0.49924517
0.49924523
0.4992451
0.49924517
0.499245
0.4992448
0.49924523
0.4992451
0.49924493
0.49924487
0.49924487
0.49924475
0.49924475
0.499245
0.49924493
0.4992454
0.49924493
0.4992451
0.499245
0.49924535
0.49924487
0.4992448
0.499245
0.49924505
0.49924475
0.49924535
0.49924523
0.49924457
0.49924523
0.49924552
0.49924523
0.49924523
0.4992451
0.49924535
0.49924523
0.49924523
0.4992451
0.49924475
0.49924487
0.49924523
0.49924487
0.4992451
0.49924493
0.4992451
0.4992453
0.49924523
0.499245
0.4992448
0.49924475
0.499245
0.499245
0.49924487
0.49924415
0.49924487
0.49924546
0.499245
0.49924475
0.49924546
0.499245
0.49924487
0.4992451
0.49924558
0.49924475
0.49924523
0.49924493
0.4992447
0.4992451
0.4992451
0.49924493
0.49924445
0.4992445
0.49924487
0.49924517
0.49924517
0.499245
0.49924487
0.4992448
0.49924475
0.49924517
0.4992451
0.49924523
0.49924535
0.4992451
0.4992451
0.499245
0.49924535
0.4992451
0.4992451
0.49924523
0.499245
0.4992451
0.49924475
0.4992451
0.499245
0.49924475
0.49924493
0.499245
0.499245
0.49924517
0.49924517
0.499245
0.49924517
0.4992451
0.49924505
0.499245
0.49924493
0.49924487
0.4992451
0.49924523
0.49924475
0.4992451
0.49924523
0.49924523
0.49924463
0.49924487
0.4992451
0.499245
0.499245
0.49924487
0.49924487
0.49924493
0.4992453
0.49924493
0.499245
0.49924505
0.4992445
0.49924505
0.4992448
0.4992451
0.49924463
0.49924487
0.4992448
0.49924546
0.4992451
0.499245
0.49924487
0.49924517
0.49924523
0.499245
0.49924475
0.49924487
0.499245
0.499245
0.499245
0.49924523
0.49924505
0.49924505
0.49924475
0.49924487
0.4992451
0.49924487
0.49924517
0.4992451
0.49924523
0.49924475
0.49924487
0.4992451
0.499245
0.49924523
0.4992451
0.49924475
0.4992451
0.4992451
0.4992448
0.49924505
0.49924523
0.499245
0.49924558
0.49924487
0.49924535
0.49924505
0.49924523
0.4992451
0.49924523
0.499245
0.4992448
0.4992445
0.49924523
0.49924487
0.499245
0.49924535
0.49924332
0.49924487
0.49924487
0.49924487
0.499245
0.4992451
0.499245
0.49924493
0.49924487
0.49924475
0.499245
0.49924523
0.499245
0.49924487
0.49924463
0.4992445
0.49924523
0.499245
0.49924487
0.49924558
0.4992451
0.49924517
0.49924517
0.49924475
0.4992451
0.49924523
0.4992451
0.49924517
0.49924487
0.49924493
0.499245
0.49924523
0.49924523
0.49924487
0.4992451
0.499245
0.49924535
0.4992451
0.49924558
0.49924505
0.49924475
0.49924535
0.4992451
0.4992451
0.49924523
0.49924523
0.49924523
0.49924505
0.49924493
0.499245
0.49924523
0.4992445
0.49924535
0.4992451
0.49924487
0.499245
0.49924523
0.49924487
0.499245
0.49924594
0.49924487
0.4992451
0.499245
0.49924487
0.4992451
0.49924493
0.49924517
0.4992451
0.49924493
0.4992451
0.4992451
0.4992453
0.4992453
0.49924523
0.499245
0.49924487
0.49924475
0.49924475
0.4992451
0.49924517
0.499245
0.49924523
0.4992451
0.49924487
0.4992447
0.4992453
0.49924487
0.49924523
0.49924535
0.4992451
0.4992451
0.49924535
0.49924487
0.499245
0.49924517
0.49924475
0.49924415
0.4992453
0.499245
0.4992445
0.49924493
0.499245
0.4992451
0.499245
0.49924535
0.49924487
0.4992451
0.49924523
0.49924523
0.49924487
0.49924475
0.49924523
0.49924487
0.49924535
0.49924523
0.49924523
0.49924487
0.4992451
0.4992451
0.4992451
0.49924463
0.49924487
0.49924487
0.49924523
0.4992451
0.4992451
0.499245
0.49924475
0.4992447
0.49924487
0.49924475
0.49924487
0.49924523
0.49924523
0.49924487
0.499245
0.49924523
0.49924463
0.49924535
0.499245
0.49924493
0.4992454
0.49924552
0.49924487
0.49924505
0.499245
0.499245
0.49924546
0.49924487
0.49924618
0.49924523
0.49924523
0.499245
0.49924535
0.4992451
0.49924523
0.49924523
0.49924487
0.49924487
0.49924505
0.49924487
0.49924523
0.4992447
0.4992451
0.49924475
0.49924487
0.49924523
0.4992451
0.4992454
0.49924517
0.4992451
0.4992451
0.4992453
0.4992451
0.499245
0.49924523
0.499245
0.4992448
0.49924463
0.49924403
0.49924463
0.4992451
0.499245
0.49924463
0.499245
0.49924546
0.4992451
0.4992451
0.49924487
0.49924523
0.49924517
0.4992451
0.49924505
0.49924523
0.49924523
0.499245
0.4992453
0.4992451
0.49924523
0.49924487
0.49924475
0.49924546
0.49924493
0.4992448
0.49924523
0.49924487
0.49924463
0.49924517
0.49924475
0.49924475
0.49924487
0.49924487
0.49924493
0.4992451
0.49924517
0.4992451
0.4992448
0.49924487
0.499245
0.4992447
0.4992451
0.4992451
0.4992448
0.49924505
0.49924493
0.4992444
0.49924546
0.49924475
0.4992451
0.4992447
0.49924523
0.4992451
0.4992447
0.49924517
0.49924475
0.49924475
0.49924487
0.49924493
0.4992447
0.499245
0.4992447
0.4992451
0.49924475
0.49924487
0.4992448
0.49924505
0.49924523
0.4992451
0.4992448
0.4992451
0.4992451
0.49924487
0.499245
0.499245
0.4992451
0.49924505
0.49924463
0.4992451
0.499245
0.49924475
0.49924487
0.49924427
0.49924493
0.49924517
0.4992453
0.4992451
0.49924523
0.499245
0.4992451
0.49924523
0.49924487
0.4992451
0.49924523
0.49924487
0.49924487
0.4992451
0.499245
0.49924493
0.49924517
0.4992453
0.49924475
0.49924535
0.49924487
0.4992438
0.49924517
0.49924392
0.49924535
0.4992451
0.49924523
0.49924463
0.49924475
0.499245
0.4992451
0.49924475
0.49924523
0.49924475
0.49924523
0.49924487
0.499245
0.49924523
0.49924523
0.4992451
0.4992453
0.49924445
0.4992453
0.49924487
0.499245
0.49924523
0.4992453
0.49924487
0.49924487
0.49924463
0.4992447
0.49924386
0.499245
0.49924487
0.49924392
0.49924517
0.49924475
0.49924487
0.49924523
0.49924487
0.49924535
0.499245
0.4992451
0.499245
0.49924487
0.4992451
0.49924475
0.49924487
0.4992451
0.49924505
0.499245
0.4992451
0.49924475
0.49924475
0.49924475
0.499245
0.49924463
0.49924487
0.499245
0.49924558
0.499245
0.499245
0.49924523
0.49924523
0.49924535
0.49924523
0.4992451
0.4992448
0.49924505
0.4992451
0.4992453
0.49924523
0.49924523
0.49924505
0.499245
0.49924523
0.499245
0.4992448
0.49924475
0.49924487
0.49924517
0.499245
0.49924487
0.499245
0.499245
0.4992445
0.4992451
0.499245
0.49924487
0.49924546
0.499245
0.4992448
0.49924523
0.49924487
0.499245
0.49924505
0.49924445
0.49924523
0.499245
0.49924493
0.499245
0.49924523
0.49924445
0.49924475
0.499245
0.49924475
0.4992453
0.4992447
0.49924487
0.49924505
0.49924535
0.4992448
0.49924558
0.49924487
0.49924523
0.49924487
0.49924505
0.499245
0.49924493
0.49924415
0.49924475
0.49924523
0.49924523
0.49924475
0.4992451
0.49924493
0.4992451
0.4992451
0.49924517
0.4992453
0.49924487
0.4992451
0.49924487
0.49924523
0.49924517
0.49924517
0.4992451
0.49924475
0.49924493
0.499245
0.49924558
0.4992451
0.4992454
0.49924487
0.49924535
0.49924517
0.49924517
0.4992453
0.49924523
0.4992453
0.49924487
0.49924523
0.4992451
0.49924493
0.4992453
0.49924535
0.49924487
0.4992448
0.49924582
0.4992453
0.49924487
0.499245
0.49924415
0.49924546
0.49924505
0.49924487
0.49924487
0.49924493
0.49924523
0.49924487
0.49924475
0.49924463
0.49924523
0.4992451
0.4992451
0.49924535
0.49924505
0.49924487
0.49924487
0.49924523
0.49924487
0.49924493
0.499245
0.4992451
0.49924487
0.49924523
0.49924505
0.499245
0.4992451
0.49924463
0.49924523
0.49924523
0.49924523
0.49924523
0.49924523
0.499245
0.4992451
0.4992445
0.4992445
0.4992451
0.49924517
0.4992444
0.49924535
0.49924487
0.49924475
0.499245
0.49924517
0.499245
0.49924523
0.49924463
0.49924487
0.4992451
0.49924475
0.49924535
0.49924535
0.499245
0.49924487
0.49924487
0.49924463
0.4992451
0.499245
0.4992451
0.49924403
0.49924487
0.49924535
0.499245
0.49924523
0.49924487
0.49924517
0.49924487
0.49924487
0.49924505
0.49924493
0.49924475
0.49924487
0.49924475
0.49924475
0.49924475
0.499245
0.49924403
0.49924487
0.49924517
0.499245
0.4992451
0.49924517
0.4992451
0.49924523
0.49924535
0.4992451
0.4992451
0.49924487
0.49924487
0.49924392
0.49924463
0.49924445
0.49924523
0.49924445
0.49924505
0.49924487
0.4992451
0.49924505
0.49924523
0.49924505
0.49924493
0.49924415
0.499245
0.49924475
0.4992451
0.49924493
0.49924463
0.49924487
0.499245
0.49924535
0.49924487
0.49924487
0.4992451
0.49924505
0.49924523
0.499245
0.49924564
0.4992451
0.49924517
0.499245
0.49924505
0.4992451
0.49924475
0.49924535
0.49924517
0.49924523
0.499245
0.4992451
0.49924487
0.49924487
0.49924517
0.49924535
0.49924487
0.49924487
0.4992451
0.4992451
0.49924475
0.4992451
0.49924523
0.49924523
0.49924535
0.49924523
0.499245
0.49924397
0.4992451
0.49924475
0.49924475
0.49924463
0.4992451
0.49924523
0.4992448
0.499245
0.4992451
0.49924487
0.49924475
0.49924517
0.49924552
0.49924487
0.49924552
0.49924517
0.49924487
0.49924517
0.4992451
0.49924487
0.49924493
0.49924505
0.49924463
0.49924415
0.4992451
0.49924552
0.49924535
0.49924505
0.499245
0.49924487
0.499245
0.4992438
0.49924517
0.4992451
0.49924487
0.499245
0.4992445
0.4992451
0.49924517
0.49924487
0.49924475
0.4992453
0.4992445
0.49924523
0.4992451
0.49924535
0.49924505
0.4992453
0.49924493
0.49924517
0.49924487
0.4992451
0.49924523
0.49924487
0.4992451
0.49924535
0.49924487
0.49924517
0.49924517
0.49924535
0.49924487
0.4992451
0.4992451
0.49924487
0.49924523
0.49924487
0.49924493
0.49924523
0.4992451
0.49924523
0.499245
0.4992445
0.4992451
0.4992447
0.499245
0.49924523
0.499245
0.49924487
0.49924523
0.49924475
0.49924487
0.49924523
0.499245
0.49924535
0.49924487
0.4992448
0.4992451
0.4992451
0.49924487
0.49924517
0.49924517
0.49924523
0.49924523
0.4992451
0.4992453
0.49924487
0.499245
0.49924475
0.4992451
0.49924487
0.499245
0.49924535
0.49924517
0.49924493
0.49924535
0.499245
0.4992451
0.4992451
0.49924505
0.49924505
0.49924487
0.49924535
0.4992444
0.49924415
0.49924517
0.4992444
0.49924487
0.49924517
0.4992451
0.49924517
0.49924523
0.49924523
0.4992451
0.49924493
0.49924487
0.49924523
0.49924523
0.4992451
0.49924517
0.49924535
0.4992453
0.49924517
0.49924493
0.4992445
0.499245
0.49924523
0.4992451
0.49924463
0.49924517
0.4992445
0.499245
0.49924487
0.49924493
0.49924505
0.49924493
0.49924523
0.499245
0.4992451
0.4992451
0.49924523
0.49924487
0.499245
0.499245
0.4992448
0.49924505
0.49924487
0.499245
0.4992451
0.49924517
0.4992451
0.49924517
0.49924517
0.49924523
0.49924463
0.49924505
0.49924517
0.49924505
0.499245
0.49924475
0.499245
0.499245
0.49924463
0.499245
0.4992451
0.499245
0.4992451
0.49924487
0.49924505
0.49924493
0.49924523
0.49924523
0.49924487
0.4992448
0.49924523
0.499245
0.4992451
0.49924487
0.49924493
0.4992451
0.49924493
0.499245
0.4992448
0.4992451
0.49924487
0.4992451
0.49924523
0.49924475
0.499245
0.499245
0.49924475
0.49924487
0.49924523
0.4992451
0.49924517
0.499245
0.49924523
0.49924523
0.49924523
0.49924505
0.4992448
0.49924505
0.49924487
0.49924487
0.4992451
0.49924475
0.49924487
0.4992451
0.499245
0.4992451
0.4992447
0.49924505
0.4992442
0.49924487
0.49924487
0.4992445
0.49924463
0.499245
0.49924487
0.499245
0.49924475
0.49924487
0.499245
0.499245
0.49924475
0.49924487
0.49924523
0.4992451
0.49924487
0.49924517
0.499245
0.499245
0.49924487
0.49924445
0.49924535
0.49924523
0.49924487
0.49924517
0.49924487
0.49924493
0.49924517
0.49924523
0.4992451
0.4992451
0.4992451
0.49924487
0.49924487
0.49924535
0.49924523
0.4992457
0.49924523
0.49924523
0.49924487
0.4992451
0.4992444
0.49924523
0.4992451
0.499245
0.49924523
0.4992447
0.4992438
0.499245
0.499245
0.499245
0.499245
0.49924505
0.499245
0.4992451
0.49924523
0.4992451
0.4992451
0.4992453
0.49924493
0.4992454
0.49924493
0.49924493
0.4992451
0.49924517
0.49924487
0.49924523
0.4992448
0.49924487
0.4992451
0.499245
0.4992454
0.49924523
0.49924552
0.4992451
0.499245
0.49924505
0.4992451
0.49924505
0.49924666
0.49924463
0.49924535
0.4992451
0.49924505
0.4992451
0.4992451
0.49924475
0.49924487
0.49924523
0.49924493
0.49924505
0.49924487
0.49924487
0.49924487
0.49924523
0.49924523
0.49924475
0.49924505
0.4992448
0.4992444
0.4992451
0.49924535
0.49924505
0.4992445
0.49924493
0.4992457
0.49924535
0.4992447
0.49924558
0.49924535
0.49924523
0.49924487
0.4992453
0.49924463
0.49924403
0.4992451
0.4992447
0.499245
0.49924505
0.49924535
0.49924493
0.49924463
0.499245
0.49924475
0.4992451
0.4992453
0.49924487
0.49924487
0.49924505
0.49924523
0.49924523
0.4992447
0.499245
0.49924427
0.4992451
0.4992453
0.4992451
0.49924523
0.4992453
0.49924523
0.49924546
0.4992448
0.49924505
0.4992451
0.49924523
0.49924523
0.49924475
0.49924493
0.4992451
0.49924487
0.4992451
0.4992451
0.4992448
0.49924493
0.49924582
0.49924523
0.49924475
0.49924505
0.4992451
0.49924558
0.4992451
0.49924523
0.49924493
0.49924487
0.49924523
0.49924475
0.49924487
0.4992451
0.49924505
0.49924463
0.499245
0.4992451
0.49924517
0.49924493
0.49924403
0.49924523
0.49924257
0.49924535
0.4992447
0.49924487
0.499245
0.49924457
0.49924523
0.4992451
0.4992451
0.49924487
0.49924475
0.49924558
0.49924487
0.49924523
0.49924517
0.4992451
0.499245
0.49924523
0.49924487
0.49924475
0.49924475
0.4992451
0.49924487
0.49924523
0.49924523
0.4992448
0.4992453
0.49924523
0.49924523
0.4992451
0.4992447
0.4992451
0.49924493
0.49924505
0.4992451
0.49924523
0.49924475
0.499245
0.4992453
0.499245
0.499245
0.49924523
0.499245
0.49924475
0.49924505
0.499245
0.499245
0.49924493
0.499245
0.49924487
0.49924523
0.49924535
0.49924535
0.4992451
0.499245
0.49924517
0.4992451
0.49924523
0.49924463
0.49924523
0.4992448
0.49924535
0.49924523
0.49924457
0.49924523
0.49924475
0.4992451
0.49924505
0.4992451
0.49924487
0.4992453
0.499245
0.49924523
0.49924475
0.49924517
0.49924517
0.49924487
0.49924535
0.49924505
0.49924535
0.49924558
0.49924517
0.49924475
0.49924517
0.49924558
0.49924493
0.49924493
0.4992451
0.49924523
0.4992451
0.499245
0.49924487
0.49924487
0.499245
0.49924535
0.4992447
0.4992447
0.49924517
0.49924463
0.49924535
0.499245
0.49924487
0.49924487
0.49924487
0.4992451
0.49924505
0.49924487
0.49924517
0.49924356
0.4992451
0.49924463
0.49924487
0.49924535
0.499245
0.49924356
0.4992445
0.499245
0.49924517
0.499245
0.4992451
0.499245
0.49924517
0.49924523
0.499245
0.4992451
0.4992451
0.499245
0.49924457
0.499245
0.4992451
0.499245
0.4992451
0.4992451
0.49924487
0.49924523
0.49924475
0.49924475
0.499245
0.49924535
0.4992441
0.49924463
0.49924487
0.49924523
0.4992448
0.49924475
0.49924487
0.49924535
0.49924523
0.499245
0.499245
0.4992451
0.49924487
0.4992451
0.49924487
0.49924487
0.49924523
0.499245
0.4992451
0.4992451
0.499245
0.49924523
0.49924523
0.49924523
0.49924487
0.4992448
0.49924487
0.49924523
0.49924475
0.4992444
0.4992451
0.4992453
0.49924523
0.49924463
0.49924487
0.4992444
0.49924487
0.49924493
0.49924505
0.49924523
0.499245
0.49924535
0.499245
0.49924475
0.4992451
0.49924523
0.49924535
0.499245
0.49924463
0.49924487
0.4992451
0.499245
0.49924523
0.49924493
0.49924475
0.4992448
0.49924517
0.499245
0.49924487
0.4992444
0.49924535
0.49924523
0.49924535
0.4992453
0.4992451
0.4992451
0.499245
0.49924517
0.49924457
0.499245
0.49924463
0.49924523
0.499245
0.49924523
0.49924505
0.499245
0.4992457
0.49924517
0.4992451
0.49924523
0.49924463
0.49924415
0.49924523
0.49924523
0.4992451
0.4992451
0.49924493
0.49924427
0.4992451
0.4992445
0.49924487
0.49924487
0.4992451
0.499245
0.49924535
0.49924523
0.4992451
0.49924487
0.49924415
0.49924475
0.4992451
0.49924517
0.499245
0.49924523
0.49924493
0.49924505
0.49924517
0.4992453
0.49924535
0.49924523
0.49924475
0.4992451
0.49924523
0.49924505
0.49924523
0.499245
0.4992451
0.49924475
0.49924535
0.49924517
0.499245
0.4992448
0.49924487
0.499245
0.49924523
0.4992448
0.4992451
0.49924517
0.499245
0.4992451
0.49924487
0.49924493
0.4992451
0.4992451
0.49924493
0.4992453
0.4992448
0.49924487
0.49924546
0.49924487
0.49924523
0.49924493
0.49924487
0.49924475
0.49924487
0.49924523
0.49924487
0.4992451
0.49924517
0.49924535
0.49924523
0.49924523
0.4992454
0.499245
0.49924487
0.4992451
0.49924487
0.4992457
0.4992453
0.49924475
0.49924457
0.4992451
0.49924487
0.49924475
0.4992448
0.49924487
0.49924535
0.4992445
0.499245
0.49924523
0.49924487
0.4992451
0.499245
0.499245
0.49924487
0.499245
0.4992451
0.499245
0.49924505
0.49924523
0.49924487
0.49924523
0.49924523
0.4992448
0.49924517
0.4992451
0.49924535
0.49924493
0.49924523
0.49924523
0.4992451
0.49924475
0.49924487
0.49924523
0.49924487
0.49924487
0.49924523
0.49924487
0.49924505
0.4992451
0.49924523
0.49924475
0.49924558
0.4992448
0.49924523
0.4992448
0.49924487
0.499245
0.4992451
0.499245
0.499245
0.4992451
0.49924487
0.4992451
0.49924523
0.49924493
0.4992444
0.49924523
0.49924487
0.49924546
0.49924523
0.49924475
0.49924535
0.49924523
0.49924487
0.49924505
0.49924475
0.4992451
0.4992448
0.49924564
0.49924505
0.49924493
0.499245
0.49924517
0.4992451
0.499245
0.49924487
0.4992451
0.49924535
0.49924523
0.4992451
0.499245
0.499245
0.499245
0.4992451
0.49924475
0.49924475
0.49924523
0.49924457
0.499245
0.49924493
0.4992453
0.49924493
0.49924463
0.49924356
0.4992451
0.49924475
0.499245
0.49924487
0.4992454
0.49924493
0.49924523
0.4992451
0.49924493
0.49924523
0.49924487
0.499245
0.49924463
0.4992453
0.49924606
0.4992454
0.499245
0.4992454
0.49924493
0.499245
0.49924523
0.4992445
0.4992447
0.4992444
0.49924475
0.4992444
0.49924487
0.4992453
0.49924487
0.49924523
0.4992451
0.499245
0.49924475
0.4992447
0.49924475
0.49924463
0.49924463
0.4992451
0.49924523
0.499245
0.49924535
0.49924487
0.49924523
0.49924415
0.49924523
0.49924487
0.4992451
0.49924523
0.49924487
0.49924523
0.49924546
0.4992454
0.49924535
0.4992451
0.4992453
0.49924552
0.4992451
0.4992451
0.49924463
0.49924487
0.4992451
0.49924475
0.49924475
0.4992451
0.49924475
0.49924517
0.49924487
0.49924523
0.49924535
0.49924487
0.4992451
0.4992447
0.49924523
0.499245
0.499245
0.49924487
0.4992448
0.499245
0.4992453
0.49924475
0.4992451
0.49924535
0.49924463
0.4992447
0.499245
0.49924517
0.49924463
0.499245
0.49924517
0.499245
0.49924475
0.49924463
0.49924487
0.49924523
0.49924505
0.499245
0.49924517
0.4992454
0.499245
0.4992451
0.49924487
0.4992445
0.49924493
0.49924463
0.4992451
0.49924493
0.4992454
0.49924535
0.49924523
0.49924493
0.4992448
0.49924463
0.4992451
0.49924493
0.49924487
0.49924505
0.499245
0.49924475
0.4992451
0.49924517
0.4992451
0.499245
0.49924475
0.49924487
0.4992451
0.49924535
0.49924463
0.4992445
0.49924535
0.4992453
0.49924523
0.499245
0.499245
0.4992445
0.49924475
0.49924523
0.49924344
0.4992451
0.49924523
0.49924505
0.4992448
0.49924487
0.49924523
0.49924535
0.4992451
0.49924535
0.49924523
0.4992444
0.49924493
0.49924523
0.49924487
0.49924535
0.4992448
0.499245
0.499245
0.499245
0.49924523
0.49924487
0.4992451
0.4992451
0.499245
0.49924457
0.49924487
0.49924523
0.4992451
0.49924517
0.49924487
0.49924523
0.4992453
0.49924487
0.49924487
0.499245
0.4992457
0.49924523
0.49924487
0.49924475
0.49924493
0.49924505
0.4992453
0.499245
0.4992451
0.49924487
0.49924517
0.499245
0.49924523
0.499245
0.4992451
0.4992451
0.49924582
0.49924487
0.49924493
0.49924493
0.49924463
0.4992451
0.49924535
0.499245
0.49924487
0.49924517
0.499245
0.49924523
0.49924475
0.49924523
0.49924487
0.499245
0.49924505
0.49924523
0.49924475
0.49924487
0.49924463
0.49924487
0.49924487
0.49924463
0.499245
0.49924523
0.4992451
0.49924523
0.4992448
0.49924487
0.49924523
0.49924487
0.49924523
0.49924523
0.4992451
0.499245
0.49924493
0.4992451
0.49924505
0.49924505
0.4992451
0.49924463
0.49924505
0.49924517
0.4992451
0.49924493
0.499245
0.4992451
0.499245
0.4992451
0.49924427
0.499245
0.49924558
0.49924475
0.4992451
0.4992451
0.49924523
0.49924523
0.49924523
0.49924517
0.49924505
0.499245
0.49924475
0.49924505
0.49924475
0.499245
0.4992453
0.4992448
0.49924523
0.49924546
0.49924487
0.49924487
0.49924535
0.499245
0.49924487
0.4992451
0.4992453
0.49924445
0.49924487
0.49924427
0.49924505
0.49924487
0.49924535
0.4992451
0.499245
0.49924505
0.499245
0.49924505
0.4992453
0.4992457
0.49924517
0.49924487
0.49924487
0.49924517
0.49924487
0.49924517
0.49924487
0.4992451
0.4992451
0.499245
0.49924493
0.4992448
0.49924523
0.4992451
0.499245
0.49924517
0.499245
0.499245
0.49924463
0.4992453
0.49924493
0.49924487
0.49924505
0.49924517
0.4992448
0.49924517
0.49924505
0.49924517
0.4992451
0.499245
0.499245
0.49924505
0.49924487
0.49924487
0.49924487
0.4992451
0.4992453
0.49924487
0.4992451
0.49924493
0.49924487
0.4992451
0.4992453
0.4992448
0.49924487
0.49924523
0.49924463
0.4992453
0.4992453
0.499245
0.499245
0.49924517
0.49924523
0.49924535
0.49924493
0.49924403
0.4992451
0.49924493
0.4992447
0.49924475
0.4992448
0.49924517
0.499245
0.49924523
0.49924487
0.499245
0.4992445
0.49924487
0.4992451
0.4992451
0.4992445
0.499245
0.49924523
0.49924517
0.49924487
0.49924523
0.49924517
0.4992448
0.49924445
0.49924487
0.49924493
0.49924546
0.499245
0.4992451
0.4992444
0.49924523
0.49924523
0.49924517
0.49924487
0.49924463
0.4992447
0.4992451
0.49924517
0.499245
0.49924475
0.49924517
0.4992451
0.49924517
0.499245
0.49924487
0.49924487
0.4992447
0.499245
0.4992451
0.49924546
0.49924463
0.49924487
0.49924493
0.49924523
0.4992451
0.49924546
0.49924344
0.49924505
0.49924523
0.49924505
0.49924517
0.4992454
0.49924523
0.4992451
0.49924517
0.49924523
0.499245
0.49924517
0.4992453
0.49924535
0.4992451
0.49924523
0.49924523
0.49924523
0.49924523
0.4992451
0.4992448
0.49924678
0.4992451
0.49924493
0.49924493
0.49924505
0.499245
0.49924487
0.4992451
0.49924487
0.49924487
0.4992453
0.499245
0.49924493
0.4992451
0.499245
0.49924493
0.4992451
0.4992451
0.49924523
0.49924517
0.49924487
0.49924523
0.4992451
0.49924487
0.49924517
0.49924535
0.49924505
0.49924523
0.49924505
0.4992451
0.4992453
0.49924523
0.49924493
0.499245
0.49924392
0.49924523
0.49924487
0.49924523
0.499245
0.4992448
0.49924487
0.49924517
0.49924517
0.4992445
0.49924463
0.49924475
0.49924535
0.49924582
0.49924487
0.4992445
0.4992451
0.4992451
0.49924475
0.49924457
0.49924427
0.49924493
0.4992451
0.49924475
0.49924558
0.49924475
0.49924487
0.499245
0.49924517
0.49924493
0.49924487
0.49924517
0.49924535
0.4992453
0.49924523
0.49924487
0.49924386
0.4992451
0.49924523
0.4992451
0.4992451
0.4992451
0.4992451
0.49924523
0.49924523
0.4992451
0.49924493
0.4992451
0.4992451
0.49924475
0.4992447
0.49924606
0.49924523
0.49924535
0.49924505
0.49924493
0.49924505
0.49924487
0.499245
0.49924523
0.4992448
0.49924487
0.4992442
0.49924523
0.49924535
0.49924523
0.4992451
0.4992451
0.4992448
0.49924523
0.49924523
0.49924487
0.499245
0.499245
0.49924558
0.499245
0.49924523
0.49924558
0.49924523
0.4992451
0.4992451
0.49924487
0.49924517
0.499245
0.49924487
0.49924523
0.499245
0.49924487
0.49924505
0.49924433
0.49924475
0.4992447
0.49924517
0.4992451
0.49924457
0.49924523
0.4992454
0.49924487
0.49924457
0.4992451
0.49924546
0.4992451
0.49924517
0.49924475
0.4992451
0.499245
0.49924493
0.49924523
0.4992451
0.499245
0.49924523
0.4992451
0.49924535
0.49924445
0.49924475
0.49924487
0.49924487
0.4992451
0.499245
0.49924523
0.4992451
0.499245
0.49924475
0.4992451
0.49924523
0.49924487
0.49924487
0.49924475
0.4992451
0.499245
0.4992447
0.49924523
0.49924475
0.499245
0.49924487
0.49924487
0.4992451
0.49924505
0.49924517
0.49924535
0.49924475
0.499245
0.4992448
0.49924493
0.49924487
0.499245
0.49924523
0.4992451
0.49924493
0.49924505
0.499245
0.4992451
0.49924535
0.499245
0.49924523
0.49924487
0.49924535
0.49924505
0.4992451
0.499245
0.4992453
0.4992448
0.49924493
0.49924517
0.49924517
0.49924505
0.4992451
0.499245
0.49924475
0.4992451
0.49924487
0.49924505
0.49924487
0.499245
0.4992453
0.49924475
0.49924517
0.4992451
0.4992453
0.499245
0.4992453
0.49924535
0.49924463
0.4992447
0.4992447
0.49924487
0.49924523
0.49924487
0.49924463
0.49924517
0.49924517
0.49924523
0.4992451
0.49924487
0.49924487
0.49924535
0.49924546
0.49924535
0.49924487
0.499245
0.49924475
0.49924505
0.49924505
0.49924475
0.49924517
0.49924505
0.49924493
0.4992453
0.49924523
0.49924487
0.49924523
0.49924505
0.49924523
0.499245
0.4992454
0.4992448
0.49924487
0.49924505
0.4992448
0.49924463
0.4992444
0.4992448
0.4992454
0.49924505
0.49924505
0.49924546
0.49924535
0.49924505
0.49924487
0.4992451
0.499245
0.49924487
0.49924523
0.49924523
0.49924505
0.4992444
0.49924505
0.49924463
0.49924505
0.4992448
0.4992451
0.49924487
0.49924535
0.49924493
0.49924523
0.4992451
0.49924505
0.4992451
0.49924487
0.4992454
0.49924487
0.499245
0.499245
0.4992451
0.49924517
0.49924493
0.4992453
0.4992453
0.4992447
0.49924523
0.4992448
0.49924487
0.49924487
0.499245
0.49924535
0.499245
0.4992451
0.49924487
0.49924523
0.499245
0.4992445
0.499245
0.49924427
0.4992451
0.4992453
0.49924463
0.499245
0.4992453
0.499245
0.49924475
0.49924546
0.49924535
0.49924475
0.49924493
0.499245
0.499245
0.4992453
0.4992451
0.4992448
0.499245
0.4992447
0.4992454
0.499245
0.49924523
0.4992454
0.49924463
0.49924517
0.49924523
0.49924535
0.49924523
0.49924487
0.49924475
0.4992454
0.4992451
0.49924517
0.49924517
0.49924517
0.49924493
0.49924523
0.49924493
0.49924487
0.49924475
0.49924535
0.4992445
0.49924523
0.49924475
0.49924523
0.49924505
0.49924517
0.4992451
0.4992451
0.49924487
0.499245
0.49924517
0.49924487
0.49924523
0.4992451
0.49924457
0.4992451
0.49924475
0.499245
0.4992448
0.49924487
0.49924517
0.49924475
0.4992453
0.49924493
0.49924523
0.49924517
0.4992448
0.4992451
0.49924523
0.4992454
0.49924523
0.4992451
0.49924475
0.49924457
0.499245
0.49924487
0.49924523
0.49924475
0.499245
0.4992451
0.49924523
0.49924523
0.4992451
0.49924523
0.499245
0.4992451
0.49924523
0.4992438
0.49924487
0.49924535
0.499245
0.49924523
0.4992448
0.4992451
0.4992451
0.4992448
0.49924523
0.49924493
0.49924493
0.49924523
0.49924475
0.49924535
0.49924445
0.49924487
0.49924493
0.499245
0.49924475
0.49924505
0.49924463
0.4992451
0.4992448
0.49924475
0.499245
0.49924487
0.49924558
0.4992457
0.49924445
0.49924487
0.49924564
0.499245
0.49924487
0.49924475
0.49924535
0.49924517
0.499245
0.4992451
0.49924487
0.499245
0.49924558
0.49924505
0.4992453
0.4992451
0.49924523
0.49924475
0.49924487
0.49924487
0.49924523
0.49924505
0.49924517
0.49924517
0.49924487
0.49924517
0.49924463
0.499245
0.499245
0.49924493
0.499245
0.4992451
0.499245
0.49924523
0.49924487
0.49924463
0.49924463
0.49924487
0.49924487
0.49924463
0.49924457
0.49924427
0.499245
0.49924546
0.49924558
0.499245
0.4992451
0.49924523
0.49924523
0.499247
0.49924517
0.49924487
0.49924487
0.4992445
0.49924475
0.4992451
0.49924475
0.499245
0.4992448
0.49924415
0.49924487
0.49924523
0.499245
0.49924487
0.49924487
0.499245
0.499245
0.499245
0.49924546
0.49924463
0.499245
0.499245
0.499245
0.49924505
0.49924505
0.4992447
0.49924594
0.49924523
0.4992453
0.499245
0.499245
0.4992451
0.49924517
0.49924505
0.49924517
0.49924463
0.49924523
0.49924475
0.499245
0.49924523
0.4992451
0.499245
0.49924493
0.499245
0.49924487
0.4992451
0.4992454
0.4992451
0.49924487
0.49924505
0.49924505
0.49924493
0.4992448
0.4992451
0.49924493
0.49924523
0.499245
0.49924487
0.49924463
0.499245
0.49924487
0.49924487
0.49924523
0.49924523
0.49924487
0.49924487
0.49924517
0.499245
0.49924517
0.4992451
0.4992451
0.49924505
0.499245
0.49924517
0.49924523
0.4992451
0.49924463
0.49924487
0.499245
0.49924475
0.49924487
0.49924487
0.499245
0.49924475
0.49924523
0.49924392
0.49924505
0.4992448
0.49924523
0.49924505
0.49924475
0.4992451
0.49924487
0.49924523
0.49924523
0.4992454
0.49924463
0.49924546
0.49924505
0.49924487
0.49924535
0.49924523
0.49924475
0.49924487
0.499245
0.49924517
0.499245
0.49924523
0.49924535
0.49924535
0.4992451
0.49924535
0.4992448
0.4992453
0.4992451
0.4992451
0.49924505
0.49924463
0.49924463
0.49924505
0.49924558
0.4992451
0.4992451
0.4992451
0.49924445
0.499245
0.499245
0.49924517
0.49924493
0.49924457
0.49924427
0.49924523
0.4992451
0.49924487
0.4992451
0.4992451
0.49924523
0.49924463
0.499245
0.49924475
0.49924493
0.499245
0.49924546
0.4992453
0.49924523
0.4992451
0.499245
0.49924517
0.49924487
0.49924523
0.49924505
0.49924505
0.49924523
0.49924487
0.49924505
0.4992453
0.4992454
0.4992451
0.49924523
0.49924487
0.49924487
0.49924487
0.49924523
0.49924493
0.499245
0.4992445
0.4992445
0.49924475
0.4992453
0.49924487
0.49924463
0.499245
0.4992451
0.49924517
0.49924546
0.49924487
0.49924487
0.49924457
0.49924475
0.49924463
0.49924415
0.499245
0.49924523
0.4992451
0.49924475
0.49924475
0.4992444
0.49924397
0.4992451
0.49924493
0.4992448
0.4992448
0.49924487
0.49924475
0.4992451
0.499246
0.4992445
0.4992451
0.49924475
0.49924487
0.49924463
0.49924487
0.4992451
0.49924523
0.49924487
0.49924535
0.49924517
0.4992451
0.49924517
0.4992451
0.49924535
0.4992451
0.49924493
0.4992451
0.4992451
0.49924517
0.49924445
0.49924487
0.49924487
0.49924487
0.49924487
0.49924523
0.499245
0.4992451
0.49924487
0.49924463
0.49924505
0.49924523
0.49924493
0.4992451
0.49924487
0.49924523
0.49924475
0.49924535
0.49924523
0.4992451
0.49924523
0.49924523
0.49924517
0.49924523
0.49924457
0.49924505
0.4992451
0.4992451
0.4992451
0.4992451
0.49924523
0.4992451
0.49924493
0.49924523
0.49924487
0.4992451
0.49924463
0.49924493
0.49924463
0.49924546
0.4992451
0.49924505
0.4992448
0.49924523
0.499245
0.49924535
0.49924487
0.4992451
0.4992451
0.49924263
0.49924552
0.49924487
0.49924475
0.49924546
0.49924463
0.49924487
0.49924523
0.49924523
0.499245
0.4992447
0.499245
0.49924535
0.49924487
0.4992451
0.499245
0.499245
0.4992451
0.49924463
0.49924517
0.4992451
0.49924505
0.499245
0.49924505
0.49924487
0.4992451
0.49924517
0.49924493
0.4992451
0.49924523
0.49924523
0.49924523
0.4992451
0.49924523
0.4992448
0.499245
0.49924487
0.49924487
0.4992451
0.49924582
0.49924517
0.49924493
0.49924517
0.4992451
0.49924475
0.4992451
0.49924523
0.49924457
0.49924517
0.49924517
0.49924463
0.49924463
0.49924505
0.49924505
0.49924475
0.49924487
0.49924594
0.4992451
0.49924493
0.4992447
0.49924487
0.49924475
0.499245
0.49924535
0.4992451
0.4992451
0.4992451
0.49924493
0.4992451
0.49924487
0.49924505
0.49924523
0.49924523
0.49924487
0.49924505
0.4992451
0.499245
0.4992445
0.49924463
0.49924523
0.49924493
0.4992445
0.49924487
0.499245
0.4992451
0.49924487
0.499245
0.49924487
0.49924517
0.49924564
0.49924523
0.49924463
0.4992451
0.49924487
0.499245
0.499245
0.4992451
0.4992451
0.4992453
0.49924487
0.49924546
0.49924517
0.49924487
0.49924517
0.49924523
0.49924445
0.49924487
0.49924546
0.4992451
0.4992451
0.49924463
0.49924487
0.499245
0.499245
0.49924535
0.4992451
0.4992447
0.49924487
0.499245
0.49924475
0.49924463
0.499245
0.499245
0.49924487
0.49924475
0.4992447
0.4992451
0.49924415
0.49924487
0.4992448
0.49924487
0.49924523
0.49924487
0.49924487
0.49924493
0.4992444
0.4992451
0.49924505
0.4992448
0.4992445
0.4992451
0.49924487
0.49924523
0.49924475
0.49924493
0.499245
0.49924487
0.49924493
0.49924463
0.49924535
0.4992451
0.4992453
0.49924487
0.49924457
0.49924374
0.49924487
0.4992448
0.499245
0.4992451
0.4992451
0.49924618
0.49924487
0.49924487
0.49924487
0.499245
0.4992448
0.49924487
0.49924487
0.49924475
0.499245
0.49924475
0.4992451
0.49924505
0.49924487
0.4992453
0.49924487
0.4992451
0.4992451
0.49924493
0.49924487
0.4992451
0.4992451
0.49924517
0.4992451
0.49924493
0.49924487
0.49924487
0.49924546
0.4992454
0.49924493
0.49924487
0.499245
0.49924523
0.4992451
0.49924523
0.4992451
0.49924487
0.499245
0.49924493
0.49924487
0.49924445
0.49924505
0.49924493
0.49924487
0.4992451
0.49924493
0.49924487
0.4992451
0.499245
0.4992451
0.499245
0.4992445
0.49924523
0.49924523
0.49924535
0.4992451
0.49924463
0.49924505
0.49924535
0.49924487
0.4992451
0.4992453
0.499245
0.49924487
0.499245
0.49924505
0.4992454
0.4992447
0.49924487
0.49924475
0.49924535
0.4992451
0.49924487
0.49924535
0.4992451
0.4992451
0.49924505
0.49924487
0.49924523
0.4992451
0.49924493
0.4992451
0.49924523
0.49924535
0.49924523
0.49924475
0.499245
0.49924505
0.49924463
0.49924517
0.49924493
0.49924546
0.4992453
0.49924558
0.4992445
0.49924505
0.4992451
0.49924487
0.499245
0.499245
0.49924517
0.49924523
0.4992451
0.4992457
0.49924523
0.499245
0.4992451
0.4992451
0.49924487
0.499245
0.49924517
0.49924523
0.49924487
0.4992451
0.49924487
0.4992445
0.499245
0.49924487
0.49924517
0.4992451
0.49924523
0.49924487
0.4992451
0.49924392
0.49924523
0.49924475
0.499245
0.4992447
0.4992453
0.49924475
0.49924523
0.49924517
0.49924523
0.499245
0.49924487
0.49924463
0.4992451
0.4992447
0.49924546
0.49924523
0.499245
0.4992453
0.49924546
0.4992451
0.499245
0.49924535
0.499245
0.499245
0.49924487
0.4992448
0.499245
0.49924535
0.49924535
0.49924523
0.49924493
0.49924487
0.49924523
0.4992451
0.49924523
0.499245
0.49924487
0.4992451
0.49924517
0.499245
0.49924535
0.4992451
0.4992448
0.4992448
0.4992445
0.49924523
0.49924535
0.499245
0.49924487
0.4992451
0.49924493
0.49924487
0.499245
0.49924523
0.4992451
0.49924523
0.4992451
0.49924475
0.4992451
0.49924546
0.49924535
0.49924487
0.49924463
0.49924523
0.49924463
0.499245
0.4992451
0.49924475
0.49924523
0.49924487
0.49924535
0.499245
0.49924517
0.49924523
0.49924487
0.49924558
0.49924546
0.49924535
0.49924523
0.499245
0.49924517
0.49924487
0.49924487
0.49924463
0.499245
0.4992451
0.4992454
0.49924523
0.49924463
0.49924523
0.49924523
0.4992444
0.4992451
0.49924523
0.49924475
0.499245
0.49924517
0.4992453
0.49924523
0.49924523
0.4992453
0.49924505
0.499245
0.4992451
0.49924445
0.4992453
0.4992451
0.499245
0.499245
0.49924487
0.4992447
0.49924523
0.49924618
0.4992453
0.49924535
0.49924475
0.4992448
0.49924415
0.4992451
0.49924487
0.49924535
0.49924493
0.49924487
0.4992445
0.49924487
0.499245
0.49924535
0.499245
0.49924505
0.49924523
0.49924487
0.49924487
0.49924523
0.49924487
0.4992447
0.49924487
0.499245
0.4992451
0.49924523
0.49924523
0.49924487
0.4992448
0.499245
0.49924523
0.49924523
0.4992451
0.499245
0.49924523
0.49924523
0.49924523
0.4992453
0.49924493
0.49924487
0.49924487
0.49924487
0.499245
0.49924475
0.499245
0.49924487
0.4992451
0.49924487
0.4992451
0.499245
0.49924487
0.49924487
0.499245
0.49924493
0.49924517
0.4992448
0.49924535
0.49924487
0.49924475
0.4992448
0.4992447
0.49924523
0.499245
0.49924535
0.49924523
0.49924493
0.49924475
0.49924535
0.4992451
0.4992454
0.49924487
0.49924517
0.49924493
0.49924552
0.499245
0.49924535
0.49924487
0.49924505
0.4992453
0.4992451
0.49924493
0.49924463
0.499245
0.49924475
0.49924523
0.49924368
0.4992448
0.49924475
0.49924427
0.4992445
0.49924523
0.4992454
0.49924487
0.49924517
0.49924487
0.49924487
0.49924517
0.49924517
0.49924505
0.49924487
0.49924517
0.49924475
0.4992451
0.4992451
0.4992447
0.49924457
0.499245
0.49924475
0.49924457
0.49924487
0.4992453
0.4992453
0.4992451
0.49924493
0.4992451
0.49924523
0.49924517
0.49924558
0.4992451
0.49924463
0.49924546
0.4992451
0.4992448
0.49924517
0.49924505
0.4992451
0.49924463
0.4992451
0.49924487
0.49924523
0.4992445
0.4992451
0.49924517
0.49924517
0.4992451
0.49924523
0.4992447
0.499245
0.499245
0.49924487
0.4992453
0.499245
0.4992451
0.49924487
0.499245
0.49924523
0.49924517
0.49924523
0.49924475
0.49924487
0.4992445
0.49924523
0.499245
0.49924463
0.4992451
0.4992448
0.4992451
0.499245
0.4992451
0.49924517
0.499245
0.49924487
0.49924487
0.49924535
0.4992448
0.49924463
0.499245
0.49924487
0.4992448
0.4992453
0.4992451
0.49924487
0.49924493
0.4992451
0.49924487
0.49924523
0.499245
0.4992448
0.49924487
0.49924475
0.49924523
0.49924463
0.49924487
0.49924517
0.499245
0.49924517
0.49924487
0.49924558
0.4992448
0.49924535
0.4992444
0.4992451
0.4992454
0.4992448
0.4992451
0.499245
0.49924505
0.49924523
0.49924523
0.4992451
0.49924463
0.499245
0.49924523
0.49924493
0.49924487
0.49924487
0.49924546
0.49924523
0.49924505
0.49924523
0.49924487
0.4992451
0.4992451
0.49924487
0.499245
0.49924517
0.499245
0.4992451
0.49924552
0.49924487
0.49924535
0.49924535
0.49924523
0.49924487
0.4992448
0.4992451
0.499245
0.49924523
0.49924523
0.49924475
0.49924505
0.49924457
0.49924517
0.49924487
0.499245
0.49924517
0.49924463
0.49924523
0.4992454
0.49924487
0.49924463
0.49924445
0.499245
0.49924517
0.49924564
0.4992451
0.49924517
0.49924475
0.4992451
0.49924487
0.49924493
0.49924493
0.49924433
0.49924535
0.49924487
0.49924487
0.49924505
0.4992453
0.4992448
0.4992453
0.49924475
0.49924505
0.49924487
0.4992448
0.49924487
0.49924487
0.49924546
0.4992451
0.4992451
0.49924523
0.49924713
0.4992453
0.49924487
0.49924493
0.49924535
0.49924487
0.4992445
0.49924523
0.49924535
0.4992451
0.499245
0.49924523
0.4992451
0.49924493
0.49924487
0.49924523
0.499245
0.49924493
0.49924487
0.499245
0.4992438
0.4992451
0.49924487
0.49924487
0.49924535
0.499245
0.49924523
0.49924546
0.49924487
0.49924505
0.4992445
0.49924517
0.4992451
0.49924475
0.49924546
0.499245
0.4992454
0.49924475
0.49924493
0.49924487
0.4992451
0.4992445
0.499245
0.49924535
0.499245
0.49924517
0.4992448
0.49924517
0.49924487
0.49924523
0.4992451
0.49924487
0.49924505
0.49924523
0.499245
0.49924505
0.49924475
0.49924487
0.49924475
0.49924505
0.49924415
0.49924505
0.4992447
0.49924523
0.4992451
0.49924517
0.49924487
0.4992451
0.49924487
0.4992453
0.4992445
0.49924523
0.49924487
0.49924463
0.49924517
0.49924517
0.49924535
0.4992451
0.49924564
0.4992451
0.4992447
0.49924487
0.49924487
0.49924445
0.49924523
0.49924517
0.49924523
0.49924487
0.4992445
0.4992451
0.49924487
0.4992453
0.4992453
0.49924463
0.4992451
0.49924487
0.4992451
0.49924487
0.499245
0.499245
0.49924487
0.49924523
0.49924463
0.49924523
0.499245
0.499245
0.49924493
0.499245
0.49924475
0.49924517
0.499245
0.4992451
0.499245
0.49924546
0.4992453
0.49924487
0.499245
0.49924487
0.4992448
0.499245
0.49924487
0.4992454
0.49924505
0.49924487
0.49924392
0.49924493
0.49924535
0.49924517
0.49924427
0.49924493
0.4992451
0.499245
0.49924535
0.4992451
0.4992451
0.4992442
0.49924493
0.49924487
0.499245
0.49924463
0.4992451
0.49924493
0.49924463
0.49924523
0.49924475
0.4992451
0.49924475
0.4992453
0.499245
0.49924523
0.49924493
0.49924463
0.49924517
0.49924535
0.4992453
0.4992451
0.4992447
0.4992448
0.49924523
0.4992451
0.49924523
0.49924523
0.49924505
0.49924493
0.49924487
0.4992448
0.49924487
0.49924535
0.49924517
0.49924517
0.49924505
0.4992451
0.49924523
0.499245
0.4992444
0.49924523
0.499245
0.4992451
0.49924535
0.499245
0.49924517
0.4992451
0.49924487
0.49924505
0.499245
0.4992451
0.4992451
0.49924523
0.49924493
0.49924535
0.49924523
0.49924487
0.49924487
0.4992451
0.49924463
0.49924505
0.49924505
0.49924493
0.49924523
0.49924535
0.4992451
0.49924475
0.49924475
0.4992451
0.4992453
0.49924535
0.49924505
0.49924463
0.499245
0.49924475
0.4992447
0.4992448
0.49924523
0.49924523
0.4992453
0.49924487
0.49924487
0.4992448
0.49924517
0.49924546
0.49924487
0.4992448
0.49924535
0.49924505
0.49924523
0.499245
0.49924523
0.4992445
0.499245
0.49924523
0.4992444
0.49924678
0.49924487
0.4992432
0.49924546
0.499245
0.49924463
0.49924505
0.49924517
0.49924475
0.4992451
0.499245
0.499245
0.4992451
0.49924487
0.499245
0.49924523
0.4992451
0.49924523
0.49924475
0.49924487
0.4992453
0.49924505
0.4992448
0.499245
0.49924493
0.4992453
0.49924487
0.4992448
0.4992451
0.4992448
0.4992445
0.4992448
0.49924475
0.49924505
0.49924523
0.49924487
0.49924523
0.49924493
0.49924517
0.49924564
0.49924523
0.49924475
0.4992451
0.499245
0.49924546
0.49924517
0.499245
0.49924564
0.49924523
0.49924487
0.4992445
0.49924523
0.4992451
0.49924463
0.49924523
0.49924505
0.49924535
0.49924487
0.49924505
0.499245
0.49924487
0.49924487
0.4992453
0.49924517
0.499245
0.49924493
0.49924493
0.499245
0.4992451
0.49924487
0.49924338
0.49924475
0.4992451
0.499245
0.499245
0.49924493
0.49924535
0.499245
0.4992451
0.49924487
0.49924463
0.4992451
0.49924487
0.49924415
0.49924463
0.49924487
0.49924487
0.49924505
0.4992451
0.4992451
0.4992451
0.49924487
0.49924493
0.49924523
0.49924535
0.49924487
0.49924523
0.49924505
0.49924523
0.499245
0.49924523
0.49924523
0.49924475
0.49924517
0.4992451
0.4992451
0.49924523
0.4992445
0.49924487
0.4992451
0.49924457
0.499245
0.4992444
0.4992451
0.4992451
0.49924523
0.49924523
0.499245
0.4992451
0.49924344
0.49924505
0.4992451
0.49924493
0.499245
0.49924487
0.49924505
0.49924463
0.4992444
0.4992453
0.49924493
0.4992451
0.49924517
0.49924535
0.4992451
0.49924505
0.49924535
0.4992451
0.49924493
0.4992451
0.4992451
0.4992447
0.49924487
0.49924475
0.4992451
0.49924463
0.49924523
0.49924535
0.49924487
0.49924487
0.49924535
0.4992451
0.499245
0.49924475
0.499245
0.49924487
0.499245
0.4992451
0.49924523
0.4992448
0.49924523
0.49924475
0.49924523
0.49924517
0.49924546
0.49924487
0.499245
0.499245
0.49924475
0.4992451
0.49924493
0.49924523
0.49924475
0.49924487
0.49924523
0.4992451
0.49924487
0.49924493
0.4992451
0.4992448
0.49924475
0.49924493
0.49924523
0.4992453
0.49924517
0.49924475
0.49924505
0.4992451
0.49924493
0.4992451
0.49924517
0.4992447
0.4992451
0.49924523
0.49924505
0.4992463
0.49924493
0.49924475
0.49924493
0.49924523
0.49924487
0.499245
0.4992453
0.4992453
0.49924487
0.49924517
0.49924493
0.4992451
0.49924493
0.49924487
0.49924487
0.49924505
0.49924475
0.49924523
0.4992453
0.49924505
0.4992451
0.4992451
0.49924523
0.4992451
0.49924505
0.49924493
0.4992451
0.49924487
0.499245
0.49924487
0.49924487
0.499245
0.499245
0.499245
0.4992448
0.49924523
0.4992451
0.49924523
0.4992453
0.4992451
0.49924523
0.499245
0.49924487
0.4992445
0.49924505
0.499245
0.49924517
0.49924546
0.4992451
0.4992451
0.499245
0.49924523
0.499245
0.49924517
0.49924517
0.49924487
0.499245
0.49924535
0.499245
0.49924487
0.499245
0.49924493
0.4992454
0.49924493
0.499245
0.4992451
0.49924475
0.4992451
0.49924588
0.49924546
0.499245
0.499245
0.4992451
0.4992448
0.4992451
0.49924523
0.49924523
0.49924487
0.49924475
0.49924493
0.49924523
0.4992445
0.49924487
0.49924487
0.49924487
0.49924487
0.49924493
0.499245
0.49924487
0.4992451
0.49924487
0.49924523
0.49924475
0.49924535
0.49924523
0.49924523
0.4992448
0.49924558
0.4992451
0.4992451
0.4992451
0.4992451
0.499245
0.49924523
0.49924487
0.49924487
0.499245
0.49924523
0.49924415
0.49924463
0.49924523
0.49924517
0.49924523
0.49924493
0.4992451
0.499245
0.49924457
0.49924457
0.4992451
0.499245
0.4992453
0.49924523
0.49924463
0.4992453
0.4992451
0.49924487
0.49924493
0.4992453
0.49924487
0.49924487
0.4992451
0.49924523
0.499245
0.49924487
0.499245
0.49924505
0.49924463
0.49924523
0.49924523
0.49924475
0.49924535
0.4992451
0.49924523
0.4992445
0.499245
0.49924493
0.49924546
0.49924487
0.4992451
0.49924475
0.49924535
0.4992451
0.49924523
0.4992451
0.49924463
0.499245
0.499245
0.4992451
0.49924523
0.49924523
0.49924475
0.49924535
0.49924523
0.4992451
0.49924487
0.49924505
0.49924523
0.4992451
0.49924517
0.499245
0.49924523
0.49924517
0.49924523
0.49924463
0.4992445
0.49924487
0.49924493
0.49924523
0.49924505
0.4992447
0.4992451
0.49924517
0.49924523
0.49924517
0.49924505
0.49924517
0.4992451
0.49924523
0.499245
0.49924558
0.4992451
0.49924475
0.49924457
0.49924517
0.49924505
0.49924523
0.49924505
0.49924457
0.49924493
0.4992453
0.49924517
0.49924505
0.49924445
0.49924493
0.49924487
0.49924517
0.4992451
0.4992451
0.49924293
0.49924535
0.4992451
0.49924487
0.49924517
0.499245
0.49924535
0.49924445
0.49924505
0.4992451
0.499245
0.4992451
0.4992445
0.4992448
0.49924487
0.49924463
0.49924517
0.49924487
0.49924487
0.49924487
0.49924523
0.499245
0.49924457
0.49924487
0.49924535
0.4992451
0.49924487
0.4992451
0.4992451
0.49924523
0.49924517
0.4992451
0.49924487
0.49924535
0.49924505
0.49924517
0.49924523
0.49924517
0.49924487
0.49924457
0.4992457
0.49924505
0.4992447
0.49924493
0.499245
0.49924523
0.49924558
0.4992451
0.49924493
0.49924707
0.4992451
0.49924546
0.49924523
0.499245
0.49924535
0.4992451
0.499245
0.4992451
0.49924475
0.499245
0.49924517
0.49924487
0.49924517
0.4992451
0.49924535
0.499245
0.4992457
0.49924475
0.49924523
0.49924475
0.49924475
0.499245
0.4992451
0.4992451
0.49924535
0.49924475
0.4992454
0.49924517
0.499245
0.49924487
0.4992451
0.49924505
0.49924523
0.49924493
0.49924487
0.49924523
0.4992451
0.49924487
0.49924523
0.49924487
0.49924487
0.4992453
0.49924517
0.49924403
0.4992451
0.49924493
0.49924523
0.49924493
0.49924523
0.4992454
0.499245
0.49924487
0.49924517
0.49924546
0.4992457
0.49924523
0.499245
0.49924493
0.49924523
0.49924505
0.49924505
0.499245
0.4992451
0.4992453
0.4992445
0.4992448
0.4992448
0.4992451
0.4992451
0.4992448
0.49924558
0.499245
0.49924487
0.499245
0.49924487
0.49924493
0.49924535
0.49924487
0.4992448
0.49924487
0.49924487
0.499245
0.4992453
0.49924487
0.4992445
0.49924487
0.49924535
0.49924475
0.49924517
0.49924487
0.4992447
0.4992451
0.4992451
0.49924475
0.49924523
0.4992451
0.49924487
0.49924535
0.49924475
0.4992451
0.49924523
0.49924523
0.4992447
0.49924487
0.49924475
0.49924475
0.49924463
0.49924463
0.499245
0.4992451
0.49924475
0.49924523
0.49924475
0.49924487
0.499245
0.49924475
0.4992448
0.49924493
0.49924535
0.4992451
0.49924505
0.49924487
0.49924487
0.49924487
0.4992448
0.49924493
0.49924368
0.49924523
0.4992451
0.49924487
0.4992451
0.49924463
0.4992451
0.49924487
0.4992457
0.4992451
0.49924535
0.49924487
0.49924487
0.4992451
0.4992451
0.49924487
0.49924517
0.49924493
0.49924535
0.4992448
0.4992451
0.49924392
0.499245
0.49924487
0.4992451
0.49924487
0.49924487
0.499245
0.49924487
0.4992445
0.4992451
0.4992451
0.499245
0.49924505
0.49924523
0.49924523
0.49924523
0.499245
0.49924523
0.4992451
0.4992451
0.49924523
0.4992448
0.499245
0.49924505
0.49924463
0.49924535
0.49924475
0.49924463
0.49924523
0.49924523
0.4992448
0.49924463
0.499245
0.499245
0.49924523
0.499245
0.49924523
0.49924475
0.499245
0.49924505
0.4992451
0.49924523
0.4992451
0.49924493
0.4992447
0.4992445
0.49924487
0.49924523
0.49924475
0.4992451
0.49924493
0.4992451
0.4992451
0.4992451
0.49924523
0.49924517
0.4992451
0.49924523
0.499245
0.49924523
0.49924535
0.49924535
0.49924493
0.49924535
0.499245
0.4992451
0.49924368
0.4992451
0.49924582
0.49924523
0.4992453
0.49924523
0.49924546
0.49924523
0.49924493
0.49924487
0.49924463
0.49924517
0.49924487
0.4992448
0.49924564
0.4992447
0.4992448
0.49924564
0.49924463
0.49924487
0.499245
0.49924523
0.499245
0.49924493
0.49924493
0.49924523
0.49924362
0.49924535
0.499245
0.49924505
0.49924487
0.49924523
0.4992451
0.49924523
0.499245
0.499245
0.499245
0.49924475
0.49924493
0.49924487
0.4992453
0.49924487
0.499245
0.49924523
0.49924523
0.499245
0.49924523
0.4992451
0.49924487
0.49924535
0.4992451
0.4992451
0.4992454
0.49924493
0.49924457
0.49924487
0.499245
0.4992453
0.4992453
0.49924558
0.49924487
0.49924546
0.499245
0.49924523
0.49924392
0.4992451
0.499245
0.4992447
0.4992448
0.49924403
0.49924487
0.499245
0.49924475
0.49924487
0.499245
0.49924535
0.4992451
0.49924505
0.4992451
0.499245
0.49924487
0.49924475
0.49924487
0.49924523
0.49924517
0.49924493
0.499245
0.49924493
0.49924487
0.49924493
0.49924564
0.4992451
0.49924475
0.49924535
0.49924523
0.49924487
0.49924493
0.4992445
0.4992448
0.49924487
0.4992451
0.49924415
0.49924505
0.49924546
0.49924505
0.4992451
0.49924546
0.49924517
0.49924523
0.49924487
0.49924475
0.49924535
0.4992447
0.49924463
0.4992442
0.49924475
0.49924487
0.49924392
0.49924475
0.49924523
0.49924523
0.499245
0.49924487
0.4992451
0.4992451
0.49924487
0.4992451
0.49924487
0.49924523
0.49924505
0.4992451
0.49924487
0.4992448
0.4992451
0.4992453
0.499245
0.49924523
0.499245
0.49924487
0.49924523
0.49924523
0.49924487
0.49924487
0.499245
0.49924517
0.49924517
0.4992451
0.49924517
0.4992448
0.4992451
0.49924493
0.4992451
0.49924535
0.4992448
0.49924445
0.49924475
0.49924523
0.499245
0.49924523
0.49924523
0.4992451
0.49924493
0.49924487
0.49924487
0.4992445
0.49924552
0.49924427
0.49924493
0.49924535
0.499245
0.49924523
0.4992451
0.49924493
0.49924487
0.49924523
0.49924546
0.49924505
0.49924493
0.49924487
0.4992448
0.4992451
0.4992445
0.499245
0.4992451
0.49924546
0.4992451
0.4992451
0.49924546
0.4992451
0.4992451
0.49924523
0.499245
0.499245
0.499245
0.4992453
0.499245
0.4992448
0.49924523
0.49924523
0.49924505
0.4992451
0.49924535
0.4992447
0.4992451
0.4992451
0.49924523
0.4992451
0.499245
0.4992448
0.4992451
0.49924463
0.49924505
0.4992451
0.49924517
0.49924463
0.49924558
0.4992451
0.4992451
0.49924487
0.49924523
0.49924487
0.499245
0.499245
0.49924552
0.49924475
0.4992451
0.4992453
0.49924487
0.49924487
0.49924487
0.4992451
0.4992448
0.49924523
0.4992451
0.49924475
0.49924445
0.4992451
0.49924523
0.49924523
0.49924517
0.49924517
0.49924463
0.49924546
0.49924457
0.4992447
0.49924505
0.499245
0.499245
0.49924415
0.49924487
0.499245
0.49924493
0.49924487
0.4992451
0.49924493
0.4992448
0.49924505
0.49924523
0.499245
0.49924487
0.4992453
0.4992451
0.49924463
0.49924463
0.49924523
0.4992451
0.49924535
0.49924493
0.49924523
0.4992448
0.49924523
0.49924487
0.49924463
0.49924463
0.49924487
0.49924505
0.49924493
0.4992445
0.49924493
0.49924523
0.49924487
0.4992451
0.4992453
0.4992451
0.4992451
0.49924475
0.49924463
0.499245
0.49924517
0.49924517
0.49924523
0.49924523
0.499245
0.49924523
0.49924535
0.49924487
0.49924487
0.49924535
0.49924475
0.49924505
0.49924523
0.49924475
0.49924415
0.49924505
0.4992451
0.49924523
0.4992451
0.4992445
0.49924517
0.4992451
0.49924493
0.49924505
0.499245
0.49924523
0.499245
0.49924558
0.499245
0.499245
0.49924445
0.49924475
0.49924505
0.49924523
0.49924415
0.49924535
0.49924517
0.4992454
0.49924505
0.49924535
0.499245
0.49924517
0.49924523
0.499245
0.499245
0.49924493
0.499245
0.49924487
0.49924523
0.49924535
0.4992451
0.49924493
0.49924535
0.49924523
0.499245
0.49924523
0.4992447
0.4992451
0.49924475
0.49924523
0.4992454
0.49924523
0.49924487
0.4992451
0.49924523
0.4992451
0.4992451
0.49924523
0.499245
0.499245
0.49924523
0.49924517
0.499245
0.49924523
0.4992454
0.49924523
0.49924594
0.49924487
0.499245
0.4992451
0.49924523
0.4992453
0.49924463
0.49924487
0.49924463
0.4992453
0.4992451
0.49924487
0.4992448
0.499245
0.49924332
0.49924475
0.499245
0.49924523
0.49924523
0.49924487
0.49924475
0.49924487
0.49924463
0.49924505
0.49924558
0.4992448
0.499245
0.499245
0.49924505
0.49924505
0.49924523
0.499245
0.49924517
0.4992448
0.4992453
0.49924487
0.49924493
0.49924487
0.49924523
0.49924558
0.49924475
0.49924523
0.499245
0.49924457
0.499245
0.49924475
0.49924505
0.499245
0.49924535
0.49924523
0.4992451
0.499245
0.499245
0.4992454
0.499246
0.4992454
0.499245
0.499245
0.49924475
0.4992447
0.49924546
0.499245
0.499245
0.49924487
0.4992451
0.49924523
0.499245
0.49924475
0.4992454
0.49924475
0.49924487
0.49924546
0.49924523
0.49924517
0.499245
0.49924493
0.49924582
0.49924487
0.499245
0.49924487
0.4992451
0.499245
0.4992451
0.499245
0.49924523
0.499245
0.4992451
0.499245
0.49924475
0.49924487
0.4992448
0.499245
0.49924493
0.4992451
0.49924445
0.49924487
0.49924535
0.4992451
0.4992451
0.499245
0.49924517
0.49924535
0.4992453
0.49924457
0.49924535
0.4992451
0.4992451
0.49924523
0.499245
0.49924523
0.49924523
0.49924558
0.4992448
0.4992448
0.49924475
0.49924463
0.49924493
0.499245
0.4992451
0.499245
0.499245
0.49924546
0.49924535
0.4992451
0.499245
0.49924487
0.49924493
0.49924487
0.49924475
0.49924487
0.49924487
0.499245
0.499245
0.49924523
0.49924523
0.4992454
0.499245
0.49924523
0.49924558
0.4992451
0.49924463
0.4992451
0.49924475
0.49924517
0.49924475
0.4992425
0.4992451
0.49924505
0.4992448
0.49924517
0.4992451
0.49924505
0.49924463
0.499245
0.49924487
0.49924517
0.4992451
0.49924493
0.49924535
0.49924487
0.49924517
0.49924487
0.49924523
0.49924487
0.49924523
0.49924493
0.499245
0.499245
0.49924523
0.499245
0.49924475
0.49924415
0.4992447
0.49924523
0.49924475
0.4992453
0.499245
0.4992451
0.49924475
0.4992451
0.49924505
0.4992453
0.49924517
0.49924505
0.49924463
0.49924415
0.49924463
0.49924594
0.49924487
0.4992448
0.4992445
0.49924487
0.4992451
0.49924475
0.4992451
0.499245
0.49924487
0.4992453
0.49924487
0.49924475
0.499245
0.49924475
0.4992448
0.49924475
0.49924523
0.49924487
0.49924493
0.49924487
0.4992451
0.499245
0.4992448
0.4992451
0.49924523
0.49924475
0.4992451
0.499245
0.49924517
0.49924487
0.499245
0.49924427
0.49924523
0.49924493
0.499245
0.49924535
0.4992448
0.49924487
0.49924487
0.49924487
0.49924493
0.499245
0.49924415
0.49924487
0.49924487
0.4992451
0.499245
0.49924535
0.49924505
0.49924475
0.49924487
0.49924487
0.49924475
0.4992445
0.49924523
0.4992451
0.4992454
0.4992451
0.49924475
0.49924523
0.4992451
0.49924493
0.49924523
0.49924475
0.499245
0.49924475
0.49924463
0.49924523
0.4992451
0.49924493
0.49924493
0.49924493
0.49924523
0.49924517
0.4992438
0.49924475
0.4992451
0.49924505
0.499245
0.49924535
0.49924505
0.49924475
0.49924505
0.49924523
0.4992451
0.49924463
0.4992457
0.49924535
0.49924487
0.4992451
0.4992451
0.4992451
0.49924475
0.49924517
0.49924523
0.499245
0.49924487
0.4992445
0.49924517
0.49924487
0.4992451
0.4992447
0.49924487
0.49924487
0.49924517
0.4992444
0.49924523
0.49924523
0.49924475
0.499245
0.4992451
0.499245
0.499245
0.4992451
0.499245
0.4992448
0.49924475
0.4992453
0.499245
0.49924535
0.499245
0.49924463
0.49924546
0.49924487
0.4992451
0.49924523
0.49924475
0.49924642
0.49924523
0.4992448
0.49924487
0.4992451
0.49924505
0.4992451
0.4992453
0.49924523
0.49924523
0.49924427
0.49924505
0.499245
0.4992451
0.4992451
0.49924493
0.49924487
0.49924523
0.49924487
0.4992448
0.49924493
0.49924523
0.49924457
0.49924487
0.4992451
0.49924475
0.49924493
0.4992453
0.4992451
0.499245
0.499245
0.4992451
0.49924493
0.49924523
0.49924487
0.49924487
0.49924427
0.49924546
0.49924517
0.4992448
0.499245
0.49924523
0.49924487
0.499245
0.49924487
0.49924523
0.49924487
0.499245
0.4992451
0.49924535
0.49924493
0.4992451
0.4992453
0.49924517
0.49924523
0.49924523
0.4992445
0.4992451
0.4992447
0.49924636
0.49924493
0.49924517
0.4992451
0.49924535
0.49924156
0.499245
0.4992451
0.49924475
0.4992451
0.49924487
0.49924535
0.49924475
0.49924558
0.49924523
0.4992453
0.499245
0.499245
0.49924475
0.4992454
0.4992454
0.4992453
0.499245
0.49924487
0.49924523
0.49924493
0.49924546
0.4992451
0.499245
0.49924552
0.49924535
0.49924546
0.4992451
0.49924487
0.49924487
0.49924493
0.49924487
0.49924523
0.49924487
0.49924487
0.49924535
0.49924523
0.49924427
0.4992451
0.4992451
0.49924523
0.49924475
0.49924523
0.499245
0.4992451
0.49924487
0.4992481
0.4992451
0.4992453
0.49924487
0.4992451
0.4992445
0.49924493
0.49924523
0.499245
0.49924487
0.49924475
0.4992451
0.4992451
0.499245
0.49924523
0.4992448
0.4992451
0.49924475
0.4992451
0.4992451
0.49924517
0.49924505
0.49924463
0.49924475
0.49924487
0.49924552
0.4992463
0.49924523
0.499245
0.49924523
0.49924487
0.499245
0.4992451
0.49924475
0.49924523
0.4992454
0.499245
0.49924487
0.49924523
0.4992445
0.4992448
0.49924523
0.49924475
0.49924517
0.49924487
0.499245
0.499245
0.49924523
0.49924535
0.49924457
0.49924505
0.4992451
0.49924535
0.4992451
0.49924523
0.4992451
0.49924487
0.4992454
0.499245
0.49924517
0.4992448
0.4992451
0.4992451
0.499245
0.499245
0.4992448
0.4992451
0.49924523
0.4992451
0.4992451
0.499245
0.4992445
0.4992447
0.49924523
0.4992451
0.49924523
0.49924523
0.49924505
0.49924487
0.49924487
0.499245
0.49924535
0.4992444
0.49924535
0.49924505
0.4992447
0.49924487
0.49924493
0.49924517
0.4992448
0.499245
0.499245
0.4992451
0.49924463
0.499245
0.49924487
0.4992451
0.49924487
0.49924523
0.4992447
0.49924475
0.4992448
0.49924535
0.49924427
0.4992451
0.499245
0.49924535
0.49924535
0.4992451
0.499245
0.49924505
0.499245
0.499245
0.4992453
0.499245
0.4992444
0.49924523
0.49924487
0.49924487
0.4992445
0.4992454
0.4992448
0.499245
0.499245
0.4992451
0.49924314
0.4992451
0.49924475
0.4992445
0.4992451
0.4992451
0.49924475
0.499245
0.4992451
0.49924487
0.499245
0.49924475
0.49924463
0.49924517
0.499245
0.49924535
0.49924463
0.49924487
0.4992451
0.4992451
0.4992451
0.49924475
0.499245
0.4992451
0.49924523
0.4992454
0.49924523
0.49924523
0.4992447
0.4992451
0.499245
0.49924463
0.499245
0.49924517
0.499245
0.49924475
0.4992451
0.49924487
0.499245
0.4992451
0.49924475
0.4992451
0.499245
0.4992451
0.4992442
0.49924523
0.49924487
0.49924445
0.49924552
0.4992451
0.49924475
0.49924487
0.49924487
0.4992445
0.4992451
0.49924487
0.49924493
0.4992451
0.49924493
0.49924493
0.49924517
0.49924487
0.499245
0.49924523
0.49924505
0.49924475
0.49924517
0.499245
0.49924487
0.49924505
0.499245
0.49924493
0.49924523
0.49924487
0.49924493
0.49924505
0.49924487
0.499245
0.49924487
0.4992448
0.49924487
0.49924493
0.49924517
0.49924427
0.4992451
0.49924505
0.49924546
0.49924535
0.49924487
0.49924517
0.49924487
0.49924493
0.49924487
0.49924463
0.49924475
0.4992451
0.49924475
0.499245
0.49924487
0.499245
0.4992451
0.49924475
0.49924517
0.49924517
0.49924475
0.499245
0.49924445
0.49924487
0.49924505
0.49924523
0.49924523
0.49924523
0.49924523
0.4992451
0.4992451
0.49924493
0.4992453
0.49924517
0.4992451
0.499245
0.49924535
0.4992451
0.49924487
0.4992451
0.4992451
0.4992451
0.49924505
0.49924523
0.4992444
0.49924523
0.49924427
0.49924523
0.4992451
0.49924517
0.49924475
0.49924475
0.4992447
0.4992451
0.4992448
0.4992447
0.49924535
0.49924487
0.499245
0.4992451
0.49924523
0.49924552
0.49924546
0.49924487
0.49924487
0.4992451
0.4992451
0.49924523
0.499245
0.499245
0.49924487
0.49924487
0.499245
0.499245
0.4992451
0.4992445
0.499245
0.499245
0.49924523
0.49924505
0.49924487
0.4992451
0.49924546
0.4992453
0.49924475
0.49924523
0.49924487
0.499245
0.499245
0.49924487
0.49924487
0.49924487
0.49924523
0.4992451
0.49924487
0.49924523
0.4992428
0.49924517
0.4992451
0.49924523
0.499245
0.49924535
0.49924523
0.4992451
0.49924505
0.49924505
0.499245
0.499245
0.49924523
0.499245
0.49924523
0.49924487
0.49924552
0.4992454
0.4992451
0.499245
0.49924475
0.4992447
0.49924487
0.4992453
0.49924523
0.49924505
0.49924517
0.49924535
0.49924487
0.49924493
0.49924517
0.49924475
0.4992451
0.49924546
0.49924463
0.49924523
0.49924505
0.49924475
0.49924487
0.49924463
0.49924487
0.499245
0.49924487
0.4992451
0.49924523
0.49924523
0.49924487
0.49924523
0.4992451
0.4992451
0.49924517
0.49924523
0.49924487
0.4992448
0.499245
0.4992451
0.49924523
0.49924535
0.499245
0.49924546
0.49924523
0.49924558
0.499245
0.49924475
0.4992448
0.49924487
0.49924523
0.49924463
0.49924475
0.49924505
0.49924475
0.4992451
0.49924505
0.49924487
0.499245
0.49924505
0.49924475
0.49924493
0.49924475
0.49924475
0.49924535
0.499245
0.49924487
0.49924523
0.499245
0.49924475
0.49924535
0.4992448
0.499245
0.49924505
0.49924523
0.4992451
0.49924487
0.49924535
0.49924505
0.49924475
0.499245
0.4992453
0.4992448
0.49924523
0.49924535
0.49924523
0.49924523
0.49924487
0.49924493
0.49924487
0.49924487
0.49924505
0.4992451
0.4992448
0.49924523
0.49924552
0.4992448
0.49924487
0.49924487
0.49924487
0.49924523
0.499245
0.49924523
0.49924523
0.4992453
0.499245
0.4992451
0.499245
0.49924487
0.49924535
0.4992451
0.49924606
0.4992451
0.49924487
0.4992451
0.4992451
0.49924487
0.49924523
0.4992454
0.49924523
0.499245
0.49924517
0.499245
0.49924535
0.4992454
0.4992448
0.4992451
0.49924487
0.49924523
0.49924415
0.49924493
0.49924523
0.4992451
0.49924487
0.4992451
0.4992451
0.49924523
0.49924523
0.49924505
0.499245
0.49924433
0.49924487
0.4992451
0.49924475
0.4992451
0.49924505
0.4992451
0.49924523
0.49924517
0.4992451
0.49924523
0.49924523
0.499245
0.499245
0.49924535
0.49924523
0.49924505
0.4992451
0.4992451
0.499245
0.49924523
0.49924505
0.499245
0.49924475
0.49924493
0.4992451
0.4992453
0.4992451
0.49924523
0.49924535
0.499245
0.49924487
0.49924487
0.49924535
0.49924403
0.49924523
0.499245
0.4992451
0.49924517
0.4992451
0.49924487
0.499245
0.49924487
0.49924517
0.49924493
0.49924523
0.499245
0.499245
0.499245
0.499245
0.49924493
0.49924487
0.49924493
0.49924535
0.49924493
0.49924535
0.4992451
0.49924487
0.49924535
0.49924493
0.4992451
0.49924475
0.49924546
0.4992448
0.4992448
0.49924487
0.49924427
0.49924487
0.4992451
0.49924487
0.49924493
0.49924505
0.4992451
0.49924505
0.49924487
0.49924475
0.49924475
0.4992448
0.49924505
0.49924505
0.49924487
0.4992442
0.499245
0.49924475
0.49924463
0.49924523
0.49924523
0.49924487
0.49924523
0.49924523
0.4992448
0.49924523
0.499245
0.499245
0.49924535
0.49924487
0.4992453
0.4992447
0.49924505
0.49924475
0.4992448
0.49924523
0.49924493
0.4992451
0.4992451
0.4992451
0.49924475
0.49924505
0.4992451
0.49924463
0.49924475
0.49924487
0.4992451
0.49924523
0.49924487
0.4992447
0.4992445
0.49924493
0.4992444
0.4992451
0.4992447
0.49924392
0.49924493
0.49924487
0.49924535
0.4992448
0.49924487
0.4992445
0.499245
0.49924475
0.4992447
0.4992451
0.49924505
0.4992451
0.4992451
0.49924493
0.4992451
0.49924433
0.49924493
0.49924505
0.49924475
0.4992451
0.4992447
0.49924487
0.49924493
0.4992451
0.49924463
0.4992451
0.499245
0.4992438
0.499245
0.49924505
0.499245
0.49924487
0.4992453
0.49924523
0.49924433
0.49924523
0.49924475
0.49924487
0.4992451
0.49924475
0.49924487
0.49924487
0.4992453
0.4992448
0.499245
0.4992453
0.49924523
0.49924517
0.49924535
0.49924517
0.4992451
0.49924487
0.4992451
0.4992451
0.49924535
0.49924523
0.49924493
0.49924582
0.49924487
0.49924427
0.49924523
0.49924558
0.49924487
0.49924523
0.49924523
0.49924523
0.4992451
0.49924487
0.49924523
0.4992453
0.49924517
0.49924487
0.4992448
0.4992451
0.49924523
0.49924487
0.49924475
0.49924344
0.49924463
0.49924505
0.49924463
0.499245
0.49924475
0.49924487
0.49924493
0.49924558
0.49924535
0.499245
0.49924523
0.49924505
0.49924546
0.49924475
0.49924546
0.49924493
0.499245
0.49924487
0.4992451
0.49924535
0.49924487
0.4992448
0.49924487
0.499245
0.499245
0.49924475
0.49924523
0.49924487
0.49924475
0.49924523
0.499245
0.499245
0.49924523
0.49924523
0.49924505
0.49924523
0.4992457
0.49924487
0.49924487
0.4992453
0.49924493
0.49924517
0.499245
0.49924523
0.49924523
0.4992453
0.49924523
0.49924493
0.49924517
0.49924487
0.49924517
0.49924535
0.49924487
0.499245
0.49924463
0.499245
0.49924558
0.49924505
0.49924546
0.49924475
0.499245
0.499245
0.49924505
0.4992451
0.49924487
0.4992448
0.4992451
0.49924475
0.49924362
0.49924493
0.49924475
0.49924523
0.49924535
0.4992445
0.49924546
0.499245
0.49924523
0.49924517
0.49924475
0.49924433
0.49924523
0.49924523
0.4992451
0.4992451
0.4992453
0.499245
0.49924517
0.4992451
0.499245
0.4992457
0.49924475
0.499245
0.499245
0.499245
0.49924487
0.4992451
0.499245
0.499245
0.4992447
0.49924523
0.49924517
0.49924475
0.4992451
0.49924487
0.49924487
0.49924517
0.4992451
0.4992451
0.49924463
0.4992451
0.49924535
0.49924523
0.49924523
0.49924427
0.499245
0.4992453
0.49924487
0.49924546
0.499245
0.499245
0.49924475
0.4992451
0.49924487
0.49924523
0.49924523
0.49924487
0.4992448
0.49924576
0.4992451
0.4992445
0.49924517
0.4992451
0.4992451
0.499245
0.49924487
0.4992445
0.49924415
0.499245
0.49924517
0.49924463
0.499245
0.49924523
0.4992451
0.49924505
0.49924487
0.4992451
0.4992445
0.49924535
0.4992451
0.49924487
0.49924618
0.4992448
0.49924517
0.4992448
0.49924546
0.49924475
0.49924487
0.4992451
0.4992451
0.499245
0.4992451
0.4992454
0.49924523
0.49924487
0.49924523
0.49924523
0.49924505
0.4992451
0.49924523
0.49924463
0.4992453
0.49924487
0.499245
0.49924517
0.499245
0.49924487
0.49924475
0.49924475
0.499245
0.4992451
0.49924523
0.4992454
0.49924523
0.49924517
0.49924487
0.49924505
0.4992447
0.49924487
0.49924475
0.499245
0.4992445
0.49924523
0.499245
0.4992451
0.499245
0.499245
0.49924517
0.4992451
0.49924487
0.49924523
0.4992451
0.49924487
0.499245
0.4992442
0.49924487
0.49924576
0.49924523
0.4992454
0.49924487
0.499245
0.49924386
0.499245
0.49924523
0.4992438
0.499245
0.499245
0.4992451
0.49924535
0.49924487
0.49924487
0.49924487
0.49924487
0.49924535
0.49924523
0.4992438
0.49924523
0.49924517
0.4992453
0.49924487
0.499245
0.499245
0.49924558
0.4992451
0.4992451
0.4992447
0.49924517
0.4992451
0.49924523
0.49924535
0.49924487
0.49924546
0.499245
0.49924505
0.499245
0.49924505
0.499245
0.4992448
0.4992453
0.49924546
0.49924523
0.4992448
0.49924523
0.49924582
0.4992451
0.4992448
0.49924535
0.49924487
0.49924523
0.49924523
0.49924523
0.49924523
0.4992451
0.49924475
0.49924517
0.49924487
0.49924493
0.4992451
0.49924493
0.49924523
0.499245
0.499245
0.4992448
0.49924487
0.49924493
0.49924463
0.4992451
0.49924475
0.499245
0.49924517
0.4992445
0.49924487
0.49924493
0.4992451
0.4992451
0.4992451
0.49924487
0.49924427
0.499245
0.4992451
0.49924493
0.49924374
0.499245
0.499245
0.49924505
0.49924475
0.49924517
0.4992451
0.499245
0.49924523
0.49924523
0.4992451
0.4992451
0.49924475
0.4992451
0.49924517
0.4992451
0.49924433
0.4992451
0.49924445
0.49924475
0.4992448
0.4992445
0.49924505
0.49924535
0.4992451
0.49924523
0.49924523
0.49924535
0.49924487
0.499245
0.49924517
0.49924535
0.49924397
0.49924523
0.4992451
0.49924505
0.4992448
0.4992448
0.4992451
0.4992445
0.49924505
0.4992448
0.4992454
0.4992451
0.4992447
0.4992438
0.49924487
0.49924487
0.499245
0.49924487
0.49924523
0.49924505
0.49924535
0.4992451
0.49924487
0.49924523
0.49924487
0.499245
0.4992451
0.49924487
0.4992451
0.4992453
0.49924517
0.49924523
0.49924487
0.499245
0.4992451
0.4992453
0.49924505
0.49924505
0.4992451
0.49924463
0.4992445
0.499245
0.49924493
0.49924517
0.4992451
0.49924493
0.4992451
0.49924475
0.499245
0.499245
0.49924144
0.4992448
0.499245
0.4992448
0.4992451
0.4992451
0.4992445
0.49924535
0.4992448
0.499245
0.4992453
0.49924517
0.49924505
0.49924535
0.4992448
0.49924523
0.49924523
0.4992451
0.499245
0.49924493
0.49924463
0.4992454
0.4992445
0.4992444
0.499245
0.49924463
0.49924523
0.49924487
0.49924523
0.49924487
0.49924487
0.4992448
0.49924493
0.4992453
0.4992445
0.49924487
0.4992445
0.4992451
0.4992451
0.49924546
0.4992451
0.499245
0.49924517
0.49924535
0.49924517
0.49924535
0.4992457
0.499245
0.4992453
0.49924523
0.49924487
0.4992451
0.49924546
0.49924487
0.49924523
0.49924445
0.49924535
0.49924523
0.49924523
0.4992451
0.49924493
0.49924523
0.49924546
0.49924523
0.4992447
0.49924523
0.4992451
0.49924493
0.49924523
0.49924457
0.4992451
0.49924523
0.49924487
0.49924517
0.499245
0.49924523
0.499245
0.49924535
0.49924487
0.4992451
0.4992445
0.4992447
0.4992448
0.4992451
0.49924487
0.49924487
0.49924535
0.49924475
0.49924523
0.49924546
0.49924487
0.49924475
0.499245
0.4992451
0.4992448
0.49924517
0.49924487
0.4992451
0.49924487
0.4992444
0.4992451
0.4992444
0.49924475
0.4992451
0.49924523
0.49924463
0.49924523
0.4992451
0.49924517
0.499245
0.49924487
0.49924493
0.4992454
0.4992451
0.499245
0.49924517
0.49924475
0.49924523
0.49924487
0.49924487
0.49924487
0.4992451
0.49924487
0.49924475
0.499245
0.49924523
0.4992451
0.4992453
0.49924523
0.49924487
0.49924546
0.4992451
0.49924487
0.49924487
0.4992448
0.49924487
0.49924535
0.4992451
0.49924475
0.49924517
0.49924523
0.499245
0.49924493
0.49924463
0.49924392
0.4992451
0.499245
0.499245
0.49924505
0.499245
0.499245
0.4992451
0.49924487
0.49924523
0.4992453
0.4992451
0.4992447
0.49924523
0.4992451
0.49924505
0.4992451
0.49924475
0.49924523
0.49924487
0.49924517
0.49924445
0.499245
0.49924487
0.49924487
0.4992448
0.499245
0.49924558
0.49924487
0.49924427
0.49924475
0.49924523
0.49924535
0.4992453
0.4992451
0.49924558
0.499245
0.49924523
0.49924475
0.49924487
0.49924517
0.4992453
0.4992453
0.4992448
0.4992451
0.49924463
0.499245
0.4992451
0.4992451
0.499245
0.4992454
0.49924433
0.49924535
0.49924475
0.49924487
0.4992451
0.49924487
0.4992451
0.49924517
0.49924523
0.49924487
0.4992451
0.49924517
0.499245
0.4992451
0.499245
0.499245
0.49924505
0.49924523
0.4992447
0.49924535
0.49924535
0.49924523
0.49924475
0.4992451
0.49924517
0.49924535
0.49924505
0.49924517
0.4992451
0.4992451
0.49924487
0.499245
0.49924523
0.49924463
0.4992453
0.49924523
0.4992453
0.4992451
0.49924487
0.49924523
0.4992451
0.4992451
0.4992448
0.49924505
0.4992451
0.49924487
0.49924523
0.49924517
0.499245
0.49924517
0.49924535
0.49924475
0.4992451
0.499245
0.49924475
0.4992454
0.4992453
0.499245
0.49924523
0.4992457
0.49924463
0.4992445
0.4992451
0.49924487
0.49924546
0.4992451
0.49924523
0.49924546
0.499245
0.499245
0.4992448
0.4992445
0.499245
0.4992451
0.49924523
0.49924523
0.49924523
0.49924493
0.499245
0.4992453
0.4992453
0.4992451
0.49924517
0.49924523
0.49924517
0.49924523
0.49924523
0.49924475
0.4992451
0.49924487
0.49924475
0.4992451
0.49924505
0.4992448
0.49924493
0.49924523
0.49924523
0.49924457
0.49924523
0.49924588
0.49924475
0.49924523
0.49924487
0.4992447
0.4992451
0.4992451
0.49924558
0.499245
0.4992451
0.49924523
0.49924523
0.49924475
0.49924558
0.499245
0.49924523
0.49924517
0.4992453
0.49924487
0.4992451
0.4992451
0.49924487
0.49924505
0.49924427
0.4992451
0.49924493
0.49924523
0.49924517
0.49924517
0.49924523
0.49924457
0.499245
0.4992447
0.49924505
0.49924517
0.49924487
0.49924523
0.49924517
0.49924505
0.49924487
0.49924487
0.49924463
0.49924505
0.499245
0.49924487
0.4992451
0.49924523
0.4992451
0.499245
0.499245
0.49924523
0.49924517
0.49924523
0.49924523
0.499245
0.49924546
0.49924517
0.49924535
0.49924505
0.49924463
0.499245
0.499245
0.49924487
0.49924487
0.49924505
0.499245
0.49924487
0.4992447
0.499245
0.499245
0.49924487
0.49924535
0.49924505
0.49924487
0.49924523
0.49924475
0.499245
0.49924463
0.49924463
0.49924487
0.49924475
0.49924493
0.49924523
0.49924535
0.49924493
0.4992447
0.4992451
0.49924505
0.49924475
0.499245
0.4992445
0.499245
0.49924493
0.49924487
0.499245
0.4992451
0.49924523
0.49924487
0.4992451
0.49924523
0.49924517
0.49924523
0.49924523
0.4992447
0.49924523
0.49924523
0.49924505
0.4992451
0.49924523
0.49924475
0.4992453
0.49924487
0.499245
0.49924487
0.4992451
0.4992444
0.49924487
0.4992451
0.49924517
0.49924535
0.4992444
0.49924523
0.49924505
0.49924475
0.4992451
0.49924523
0.49924487
0.49924475
0.4992445
0.49924487
0.49924505
0.49924475
0.499245
0.49924487
0.49924517
0.49924487
0.49924558
0.499245
0.4992451
0.4992451
0.4992448
0.499245
0.49924475
0.49924523
0.49924487
0.4992453
0.49924487
0.499245
0.499245
0.499245
0.49924493
0.4992453
0.49924487
0.499245
0.4992451
0.49924523
0.49924493
0.49924523
0.49924475
0.49924487
0.49924535
0.499245
0.4992451
0.49924463
0.49924475
0.499245
0.499245
0.49924523
0.49924523
0.49924487
0.4992451
0.49924523
0.49924487
0.49924523
0.4992451
0.4992448
0.4992451
0.49924475
0.49924487
0.49924487
0.49924487
0.49924493
0.49924517
0.499245
0.4992451
0.49924517
0.49924588
0.49924523
0.49924487
0.4992451
0.4992451
0.4992457
0.4992451
0.4992447
0.4992451
0.49924535
0.499245
0.49924523
0.4992451
0.49924523
0.49924523
0.49924487
0.49924523
0.49924487
0.499245
0.49924487
0.49924445
0.49924523
0.4992451
0.49924546
0.49924487
0.499245
0.49924535
0.4992451
0.49924463
0.49924523
0.49924535
0.49924487
0.499245
0.49924475
0.49924475
0.4992451
0.4992451
0.49924487
0.49924523
0.49924487
0.49924523
0.49924487
0.49924475
0.49924487
0.499245
0.4992445
0.49924523
0.49924535
0.49924505
0.49924487
0.4992453
0.49924475
0.4992448
0.4992451
0.4992451
0.4992451
0.499245
0.49924475
0.49924535
0.49924523
0.49924523
0.49924487
0.49924517
0.4992451
0.4992453
0.4992451
0.49924487
0.49924475
0.49924493
0.49924493
0.49924487
0.4992453
0.49924487
0.499245
0.49924546
0.4992457
0.49924463
0.499245
0.49924487
0.49924535
0.499245
0.49924535
0.49924535
0.49924445
0.49924487
0.49924427
0.49924517
0.499247
0.4992447
0.49924415
0.499245
0.49924546
0.499245
0.49924475
0.49924517
0.49924517
0.4992453
0.4992451
0.499245
0.4992451
0.49924368
0.49924517
0.49924546
0.499245
0.4992451
0.4992451
0.49924487
0.49924517
0.49924493
0.4992448
0.49924493
0.49924487
0.49924493
0.499245
0.49924517
0.4992451
0.49924475
0.4992451
0.49924475
0.4992451
0.49924546
0.4992451
0.49924475
0.49924487
0.49924493
0.4992451
0.49924523
0.49924493
0.49924493
0.4992447
0.49924535
0.4992453
0.49924546
0.4992445
0.49924523
0.4992451
0.49924558
0.49924445
0.4992451
0.4992451
0.49924505
0.49924487
0.49924517
0.49924505
0.499245
0.49924457
0.49924356
0.49924523
0.49924546
0.49924487
0.49924618
0.49924505
0.49924535
0.49924535
0.499245
0.4992451
0.4992451
0.49924475
0.49924523
0.49924523
0.49924475
0.49924487
0.49924535
0.49924523
0.49924475
0.49924493
0.49924523
0.49924475
0.49924523
0.49924487
0.49924487
0.49924594
0.499245
0.4992453
0.4992451
0.49924523
0.499245
0.499245
0.4992451
0.4992451
0.49924505
0.49924463
0.49924487
0.49924493
0.49924523
0.4992466
0.4992451
0.499245
0.49924523
0.4992451
0.4992453
0.49924475
0.49924505
0.499245
0.49924475
0.49924463
0.4992447
0.4992453
0.49924505
0.4992451
0.49924523
0.49924517
0.49924517
0.49924475
0.4992451
0.49924523
0.49924475
0.49924552
0.49924535
0.49924517
0.49924493
0.49924493
0.49924487
0.4992448
0.499245
0.49924493
0.49924505
0.4992453
0.4992445
0.49924475
0.499245
0.499245
0.49924487
0.49924523
0.4992451
0.4992445
0.49924535
0.49924558
0.4992453
0.49924463
0.49924475
0.4992451
0.4992451
0.49924517
0.49924517
0.4992451
0.4992451
0.49924493
0.499245
0.49924535
0.49924505
0.49924523
0.4992447
0.49924546
0.4992453
0.49924487
0.49924463
0.49924517
0.49924505
0.49924505
0.49924517
0.49924505
0.4992448
0.49924487
0.49924505
0.49924523
0.499245
0.49924517
0.49924594
0.499245
0.49924523
0.4992453
0.49924517
0.49924517
0.49924523
0.499245
0.4992448
0.49924487
0.499245
0.49924475
0.499245
0.49924523
0.499245
0.4992451
0.49924475
0.4992448
0.49924523
0.49924463
0.499245
0.49924523
0.49924487
0.4992454
0.4992451
0.499245
0.499245
0.49924523
0.49924523
0.499245
0.49924505
0.49924523
0.49924493
0.4992451
0.499245
0.49924523
0.49924487
0.49924386
0.49924493
0.49924475
0.4992448
0.49924487
0.4992451
0.49924475
0.49924517
0.49924487
0.4992451
0.49924493
0.49924535
0.49924475
0.49924505
0.499245
0.49924487
0.49924535
0.4992444
0.49924487
0.499245
0.49924523
0.499245
0.49924523
0.49924463
0.4992451
0.49924517
0.49924517
0.4992451
0.49924523
0.4992451
0.49924505
0.49924493
0.49924535
0.4992453
0.49924523
0.49924493
0.49924487
0.4992451
0.49924505
0.49924505
0.49924487
0.49924487
0.49924523
0.4992448
0.49924517
0.49924523
0.49924487
0.49924475
0.49924535
0.4992451
0.499245
0.499245
0.49924463
0.499245
0.499245
0.4992453
0.499245
0.49924535
0.49924487
0.49924475
0.49924523
0.499245
0.499245
0.49924392
0.4992445
0.499245
0.49924415
0.49924475
0.49924463
0.49924535
0.49924523
0.49924475
0.49924487
0.4992445
0.49924505
0.49924517
0.49924505
0.4992451
0.49924445
0.4992451
0.49924487
0.499245
0.49924487
0.49924487
0.4992448
0.4992454
0.49924487
0.499245
0.49924487
0.4992447
0.49924487
0.49924487
0.49924487
0.499245
0.49924463
0.49924517
0.49924523
0.4992451
0.49924493
0.49924535
0.49924475
0.49924493
0.4992451
0.4992451
0.49924493
0.49924493
0.4992451
0.499245
0.49924523
0.4992451
0.49924475
0.49924523
0.4992451
0.49924475
0.499245
0.4992445
0.49924392
0.4992444
0.499245
0.49924493
0.49924493
0.49924463
0.49924546
0.499245
0.49924487
0.49924523
0.4992451
0.49924463
0.4992451
0.49924475
0.49924487
0.4992451
0.49924487
0.49924523
0.49924523
0.4992448
0.49924546
0.49924523
0.499245
0.49924517
0.49924523
0.4992451
0.49924523
0.499245
0.49924463
0.499245
0.499245
0.4992448
0.49924493
0.49924433
0.49924475
0.49924523
0.49924535
0.49924463
0.499245
0.49924487
0.499245
0.49924523
0.499245
0.49924517
0.4992448
0.499245
0.4992451
0.49924487
0.49924463
0.49924523
0.4992453
0.4992451
0.499245
0.49924523
0.4992451
0.49924463
0.49924487
0.49924493
0.49924523
0.49924546
0.49924523
0.49924523
0.49924487
0.4992448
0.49924487
0.4992451
0.49924463
0.49924523
0.49924535
0.499245
0.49924546
0.4992451
0.49924487
0.49924505
0.4992444
0.49924523
0.4992453
0.4992451
0.49924493
0.4992451
0.49924523
0.49924475
0.49924493
0.4992448
0.49924487
0.49924505
0.49924368
0.49924505
0.49924535
0.49924475
0.49924487
0.49924505
0.49924487
0.49924517
0.49924523
0.49924487
0.4992445
0.4992453
0.49924505
0.49924505
0.4992451
0.49924517
0.4992451
0.49924493
0.4992451
0.499245
0.4992451
0.499245
0.49924546
0.49924475
0.49924505
0.49924487
0.499245
0.49924487
0.4992451
0.49924523
0.49924475
0.4992453
0.49924493
0.4992451
0.49924132
0.49924535
0.49924487
0.49924505
0.49924517
0.4992451
0.4992451
0.49924523
0.49924487
0.4992451
0.49924493
0.499245
0.4992451
0.4992451
0.49924487
0.499245
0.49924475
0.49924523
0.4992444
0.49924517
0.4992448
0.49924535
0.4992451
0.49924523
0.4992451
0.49924558
0.49924546
0.49924475
0.49924523
0.49924535
0.49924463
0.4992453
0.4992451
0.4992451
0.4992451
0.4992451
0.49924475
0.4992447
0.499245
0.49924517
0.49924523
0.4992451
0.49924463
0.49924546
0.4992451
0.49924487
0.49924475
0.4992451
0.49924493
0.49924517
0.49924523
0.4992447
0.49924487
0.4992454
0.49924487
0.49924493
0.49924493
0.49924463
0.4992451
0.49924517
0.49924523
0.49924487
0.4992453
0.499245
0.4992457
0.4992451
0.49924493
0.49924493
0.49924487
0.49924505
0.4992448
0.4992451
0.4992451
0.49924517
0.4992451
0.49924487
0.499245
0.4992451
0.49924523
0.49924517
0.49924523
0.49924523
0.4992451
0.49924487
0.499245
0.49924487
0.49924535
0.499245
0.49924487
0.49924523
0.49924523
0.49924487
0.49924505
0.49924487
0.49924487
0.4992448
0.49924475
0.499245
0.49924475
0.49924523
0.49924493
0.49924487
0.4992451
0.4992451
0.49924546
0.49924523
0.49924493
0.49924517
0.49924487
0.49924523
0.49924487
0.49924487
0.49924517
0.499245
0.49924487
0.49924535
0.4992448
0.4992451
0.49924505
0.4992451
0.49924517
0.49924475
0.49924475
0.4992448
0.4992451
0.4992451
0.49924523
0.499245
0.49924415
0.49924475
0.49924523
0.49924523
0.49924487
0.4992453
0.49924475
0.499245
0.49924517
0.49924535
0.499245
0.49924487
0.49924487
0.49924493
0.49924463
0.49924368
0.49924463
0.4992451
0.499245
0.49924475
0.49924487
0.49924523
0.49924487
0.49924463
0.49924517
0.4992454
0.49924505
0.4992448
0.49924487
0.49924523
0.49924487
0.499245
0.4992451
0.4992448
0.49924493
0.4992444
0.49924523
0.49924523
0.49924535
0.4992451
0.49924505
0.49924475
0.4992453
0.49924475
0.49924487
0.499245
0.499245
0.49924475
0.49924475
0.4992454
0.4992451
0.49924493
0.499245
0.49924517
0.49924535
0.499245
0.49924475
0.49924493
0.4992453
0.49924475
0.4992451
0.49924505
0.499245
0.4992451
0.49924487
0.49924505
0.49924517
0.4992451
0.49924475
0.4992445
0.49924487
0.49924535
0.49924523
0.49924523
0.4992451
0.4992451
0.499245
0.49924487
0.49924475
0.4992448
0.4992448
0.4992453
0.499245
0.49924475
0.49924523
0.4992448
0.4992453
0.4992447
0.49924475
0.49924427
0.4992451
0.4992451
0.49924523
0.4992451
0.49924535
0.4992451
0.49924523
0.49924558
0.4992451
0.4992445
0.49924475
0.499245
0.49924427
0.49924487
0.49924433
0.49924517
0.499245
0.49924523
0.4992444
0.49924475
0.49924463
0.49924535
0.4992451
0.499245
0.4992451
0.49924445
0.49924475
0.4992445
0.4992451
0.49924558
0.4992451
0.49924523
0.49924487
0.49924505
0.49924463
0.4992457
0.49924523
0.49924475
0.4992451
0.49924475
0.49924546
0.49924523
0.49924475
0.4992451
0.499245
0.4992453
0.49924523
0.49924535
0.49924505
0.499245
0.499245
0.49924475
0.499245
0.499245
0.49924475
0.49924505
0.4992453
0.4992444
0.49924546
0.4992448
0.4992451
0.49924475
0.4992451
0.49924463
0.49924517
0.4992453
0.49924493
0.49924535
0.49924457
0.4992451
0.49924475
0.4992453
0.49924493
0.49924403
0.49924487
0.499245
0.4992451
0.49924487
0.49924517
0.49924552
0.4992451
0.4992451
0.49924487
0.499245
0.49924487
0.49924523
0.49924535
0.4992451
0.49924487
0.49924493
0.49924517
0.4992451
0.499245
0.4992451
0.49924535
0.49924487
0.49924517
0.49924517
0.49924535
0.499245
0.499245
0.49924487
0.49924487
0.49924546
0.499245
0.49924487
0.4992451
0.49924523
0.4992451
0.499245
0.4992451
0.49924475
0.4992445
0.4992451
0.49924517
0.49924487
0.499245
0.49924523
0.49924517
0.4992444
0.4992451
0.49924475
0.49924493
0.499245
0.49924523
0.4992448
0.49924344
0.4992445
0.4992451
0.49924475
0.49924523
0.4992448
0.499245
0.4992451
0.4992457
0.499245
0.499245
0.4992451
0.4992451
0.49924517
0.499245
0.4992451
0.49924463
0.49924475
0.49924505
0.499245
0.49924475
0.49924517
0.49924493
0.4992448
0.499245
0.499245
0.4992451
0.49924487
0.4992451
0.49924523
0.49924475
0.4992451
0.499245
0.49924475
0.499245
0.49924487
0.49924487
0.49924487
0.49924487
0.49924487
0.49924475
0.49924493
0.49924475
0.49924523
0.49924535
0.4992451
0.49924505
0.49924493
0.499245
0.49924535
0.499245
0.49924487
0.4992451
0.49924523
0.49924517
0.499245
0.49924535
0.49924523
0.49924487
0.49924475
0.49924523
0.499245
0.49924523
0.49924546
0.49924523
0.49924523
0.49924606
0.49924487
0.499245
0.499245
0.49924517
0.4992451
0.49924558
0.499245
0.49924517
0.499245
0.49924475
0.49924463
0.49924535
0.49924463
0.49924493
0.49924475
0.49924523
0.49924505
0.4992451
0.4992451
0.49924546
0.4992451
0.49924523
0.49924505
0.49924517
0.49924523
0.499245
0.49924523
0.4992453
0.49924427
0.49924535
0.499245
0.49924523
0.49924487
0.49924535
0.49924493
0.49924493
0.49924517
0.49924517
0.499245
0.4992453
0.4992445
0.49924427
0.4992451
0.49924517
0.4992451
0.4992453
0.4992451
0.499245
0.49924475
0.49924487
0.4992451
0.4992451
0.49924487
0.49924546
0.49924487
0.4992453
0.49924535
0.49924546
0.499245
0.49924517
0.499245
0.499245
0.4992448
0.49924517
0.49924582
0.4992453
0.49924487
0.49924493
0.4992444
0.49924523
0.49924487
0.49924493
0.4992451
0.49924552
0.4992451
0.4992451
0.49924463
0.49924505
0.49924523
0.499245
0.4992451
0.49924505
0.499245
0.49924445
0.49924487
0.49924487
0.499245
0.49924487
0.4992451
0.4992451
0.49924475
0.499245
0.49924523
0.49924546
0.4992451
0.49924505
0.49924487
0.49924487
0.49924517
0.49924505
0.4992453
0.4992444
0.49924493
0.4992445
0.49924505
0.499245
0.49924487
0.49924535
0.49924487
0.4992451
0.499245
0.49924487
0.4992447
0.4992444
0.49924546
0.49924535
0.49924487
0.49924475
0.49924517
0.49924487
0.49924535
0.49924487
0.49924523
0.4992448
0.49924546
0.499245
0.49924475
0.49924523
0.49924505
0.4992451
0.49924487
0.49924523
0.499245
0.49924403
0.49924427
0.49924487
0.499245
0.49924517
0.49924463
0.49924517
0.49924523
0.49924487
0.4992451
0.49924523
0.49924517
0.49924463
0.499245
0.49924487
0.49924523
0.49924493
0.4992451
0.499245
0.49924523
0.499245
0.49924505
0.49924493
0.49924558
0.49924487
0.49924487
0.49924493
0.4992451
0.4992448
0.499245
0.49924523
0.4992451
0.4992451
0.49924523
0.499245
0.49924523
0.4992448
0.49924535
0.4992454
0.49924517
0.499245
0.49924523
0.499245
0.49924535
0.49924487
0.4992451
0.49924493
0.4992451
0.49924475
0.49924487
0.4992444
0.4992451
0.49924487
0.4992444
0.49924487
0.4992451
0.4992453
0.499245
0.49924475
0.499245
0.49924505
0.499245
0.499245
0.49924403
0.499245
0.4992451
0.499245
0.49924523
0.49924505
0.49924487
0.4992451
0.499245
0.4992451
0.49924475
0.499245
0.49924523
0.499245
0.4992451
0.49924505
0.49924505
0.49924427
0.4992451
0.49924535
0.49924505
0.49924523
0.49924535
0.49924523
0.4992448
0.49924493
0.4992453
0.499245
0.4992451
0.49924475
0.499245
0.49924523
0.499245
0.4992451
0.49924487
0.4992451
0.4992451
0.49924535
0.49924475
0.4992447
0.4992453
0.4992451
0.49924505
0.4992451
0.499245
0.4992454
0.4992451
0.49924523
0.49924463
0.4992451
0.4992451
0.49924523
0.49924493
0.49924535
0.4992451
0.49924493
0.49924535
0.49924523
0.4992454
0.49924505
0.49924535
0.49924552
0.4992451
0.49924493
0.49924493
0.49924463
0.49924493
0.499245
0.49924523
0.4992453
0.49924535
0.4992451
0.4992451
0.49924493
0.4992453
0.4992451
0.49924523
0.499245
0.49924523
0.49924493
0.49924487
0.499245
0.49924475
0.49924546
0.499245
0.4992451
0.49924487
0.499245
0.4992451
0.49924487
0.499245
0.499245
0.49924523
0.49924487
0.4992451
0.49924624
0.49924523
0.4992453
0.4992451
0.4992454
0.49924338
0.49924493
0.4992451
0.49924487
0.4992447
0.49924523
0.4992453
0.49924523
0.49924505
0.499245
0.49924523
0.499245
0.49924463
0.49924505
0.49924463
0.49924487
0.49924505
0.49924517
0.4992454
0.4992447
0.49924517
0.4992445
0.49924463
0.499245
0.4992451
0.499245
0.49924487
0.4992406
0.499245
0.499245
0.499245
0.49924505
0.49924523
0.49924523
0.4992451
0.49924487
0.49924493
0.49924517
0.4992451
0.4992451
0.49924487
0.49924475
0.4992451
0.49924487
0.499245
0.49924523
0.49924517
0.49924487
0.499245
0.49924487
0.49924523
0.499245
0.499245
0.49924517
0.499245
0.49924487
0.4992451
0.49924546
0.49924457
0.49924505
0.49924493
0.49924523
0.49924535
0.49924475
0.49924505
0.4992447
0.49924487
0.4992451
0.49924535
0.4992447
0.49924523
0.4992453
0.499245
0.49924505
0.49924535
0.49924505
0.49924487
0.49924487
0.4992451
0.4992447
0.49924487
0.49924487
0.49924463
0.499245
0.4992451
0.49924493
0.49924523
0.49924535
0.499245
0.49924487
0.49924463
0.4992453
0.49924463
0.4992451
0.49924487
0.49924493
0.49924475
0.49924475
0.49924523
0.4992454
0.499245
0.49924493
0.49924523
0.49924523
0.499245
0.4992453
0.49924523
0.4992451
0.49924487
0.49924558
0.4992451
0.49924487
0.4992451
0.49924487
0.499245
0.49924523
0.49924517
0.49924517
0.49924487
0.4992451
0.49924558
0.49924475
0.4992451
0.499245
0.499245
0.49924523
0.49924368
0.49924487
0.49924523
0.49924523
0.49924475
0.499245
0.499245
0.49924475
0.49924463
0.49924475
0.49924523
0.4992451
0.49924487
0.49924523
0.49924535
0.49924523
0.4992451
0.49924523
0.49924523
0.4992451
0.4992451
0.49924505
0.49924535
0.499245
0.49924475
0.4992451
0.49924558
0.4992451
0.49924505
0.499245
0.4992451
0.499245
0.49924487
0.49924523
0.49924517
0.49924493
0.499245
0.4992447
0.49924505
0.49924505
0.499245
0.4992454
0.499245
0.4992448
0.49924427
0.49924517
0.4992448
0.49924535
0.49924463
0.499245
0.4992451
0.4992447
0.49924535
0.49924505
0.49924517
0.49924523
0.49924463
0.4992451
0.49924487
0.4992451
0.49924487
0.4992451
0.49924475
0.4992451
0.4992451
0.499245
0.49924487
0.4992451
0.4992448
0.49924457
0.4992453
0.49924487
0.4992451
0.49924523
0.49924493
0.49924564
0.49924475
0.49924487
0.49924457
0.49924368
0.49924487
0.499245
0.49924523
0.49924463
0.49924463
0.49924463
0.4992453
0.49924517
0.49924523
0.499245
0.49924487
0.49924463
0.49924475
0.49924535
0.499245
0.49924487
0.499245
0.49924523
0.49924487
0.49924523
0.49924517
0.49924487
0.49924487
0.49924523
0.49924487
0.4992451
0.49924493
0.499245
0.49924535
0.49924523
0.499245
0.4992453
0.49924558
0.4992451
0.49924463
0.499245
0.4992442
0.4992453
0.4992453
0.49924523
0.49924487
0.4992451
0.499245
0.49924475
0.49924517
0.49924487
0.49924463
0.49924523
0.4992448
0.49924475
0.4992451
0.49924517
0.49924463
0.49924475
0.49924535
0.4992451
0.49924535
0.49924523
0.49924487
0.499245
0.4992451
0.49924487
0.49924487
0.49924523
0.4992457
0.49924463
0.49924493
0.49924475
0.49924487
0.49924487
0.4992451
0.49924523
0.49924475
0.4992451
0.49924493
0.4992451
0.49924493
0.499245
0.4992451
0.49924517
0.499245
0.499245
0.499245
0.49924523
0.49924517
0.49924535
0.49924558
0.4992451
0.4992447
0.49924535
0.4992453
0.4992445
0.49924487
0.499245
0.49924487
0.4992451
0.499245
0.4992424
0.49924505
0.4992451
0.4992451
0.49924517
0.4992451
0.4992444
0.4992453
0.49924505
0.49924505
0.49924475
0.49924475
0.49924487
0.499245
0.4992445
0.49924487
0.49924535
0.4992448
0.49924523
0.499247
0.499245
0.49924427
0.49924487
0.49924523
0.4992445
0.49924523
0.49924475
0.49924535
0.4992445
0.49924505
0.49924517
0.49924487
0.49924523
0.499245
0.49924493
0.49924517
0.49924457
0.49924517
0.499245
0.49924475
0.49924546
0.4992451
0.49924463
0.499245
0.4992453
0.4992451
0.49924523
0.4992451
0.49924487
0.49924487
0.49924487
0.4992451
0.49924535
0.4992451
0.49924523
0.49924487
0.4992451
0.4992451
0.499245
0.4992451
0.49924487
0.499245
0.49924517
0.4992451
0.4992457
0.49924505
0.49924505
0.49924535
0.49924475
0.49924535
0.49924523
0.499245
0.49924493
0.49924487
0.49924493
0.4992453
0.49924463
0.49924517
0.49924475
0.4992451
0.49924523
0.49924487
0.4992447
0.49924487
0.49924523
0.49924523
0.49924523
0.49924427
0.49924487
0.4992451
0.49924546
0.4992451
0.49924487
0.49924475
0.49924457
0.49924487
0.49924517
0.49924523
0.4992447
0.49924535
0.49924475
0.49924475
0.49924523
0.499245
0.49924505
0.4992453
0.4992448
0.49924517
0.49924487
0.4992451
0.49924535
0.49924487
0.4992451
0.49924517
0.4992448
0.49924487
0.499245
0.49924523
0.49924487
0.4992451
0.499245
0.49924487
0.4992451
0.4992451
0.4992451
0.49924487
0.4992451
0.4992448
0.49924523
0.49924493
0.49924487
0.49924487
0.499245
0.49924523
0.4992451
0.4992454
0.499245
0.49924487
0.49924487
0.49924552
0.49924487
0.499245
0.49924576
0.49924493
0.4992451
0.49924523
0.49924487
0.49924493
0.4992451
0.49924535
0.499245
0.4992453
0.499245
0.4992451
0.4992451
0.4992453
0.49924487
0.49924475
0.4992448
0.49924517
0.4992454
0.49924493
0.49924487
0.4992451
0.499245
0.49924487
0.49924523
0.4992451
0.4992444
0.49924487
0.49924523
0.49924523
0.49924517
0.4992451
0.499245
0.499245
0.499245
0.49924487
0.49924523
0.499245
0.4992448
0.49924517
0.49924463
0.49924487
0.4992454
0.4992451
0.499245
0.49924535
0.49924523
0.49924523
0.49924535
0.49924493
0.49924523
0.49924535
0.49924493
0.49924475
0.49924493
0.4992451
0.4992451
0.4992448
0.49924475
0.49924487
0.4992451
0.49924505
0.49924523
0.49924546
0.49924487
0.4992454
0.4992451
0.49924487
0.49924433
0.49924523
0.49924523
0.49924433
0.499245
0.49924523
0.49924535
0.49924475
0.49924463
0.49924505
0.49924535
0.499245
0.49924552
0.49924463
0.49924475
0.49924558
0.4992451
0.49924475
0.49924517
0.49924427
0.49924517
0.49924505
0.49924493
0.49924475
0.499245
0.49924523
0.49924517
0.49924505
0.49924523
0.49924403
0.49924475
0.49924523
0.49924475
0.49924523
0.49924493
0.49924487
0.49924493
0.49924487
0.49924487
0.49924517
0.4992451
0.49924523
0.49924487
0.4992451
0.49924487
0.499245
0.499245
0.49924487
0.49924535
0.49924523
0.49924535
0.49924517
0.4992451
0.4992447
0.49924487
0.499245
0.49924558
0.49924517
0.49924487
0.49924457
0.499245
0.49924475
0.4992451
0.49924546
0.4992448
0.4992451
0.49924487
0.49924403
0.49924475
0.49924523
0.4992451
0.4992453
0.49924463
0.49924523
0.49924475
0.49924487
0.49924517
0.49924523
0.49924463
0.4992451
0.4992451
0.4992451
0.49924523
0.49924487
0.4992451
0.4992453
0.4992448
0.4992448
0.4992448
0.49924475
0.49924523
0.49924523
0.499245
0.499245
0.4992451
0.4992451
0.49924475
0.49924487
0.49924487
0.499245
0.4992451
0.499245
0.499245
0.499245
0.49924582
0.49924487
0.49924493
0.49924546
0.49924523
0.499245
0.49924487
0.49924475
0.49924487
0.49924463
0.49924487
0.49924535
0.49924517
0.49924487
0.49924445
0.49924517
0.49924487
0.49924487
0.4992451
0.49924487
0.4992445
0.49924546
0.49924487
0.49924535
0.49924535
0.49924475
0.4992451
0.49924487
0.4992451
0.4992448
0.4992451
0.4992453
0.499245
0.4992451
0.49924493
0.4992451
0.49924535
0.49924475
0.499245
0.49924505
0.49924535
0.49924463
0.49924505
0.49924487
0.49924523
0.49924487
0.49924204
0.49924523
0.49924487
0.499245
0.499245
0.49924487
0.49924523
0.49924523
0.4992453
0.49924523
0.49924487
0.49924552
0.4992453
0.49924523
0.49924487
0.4992454
0.49924487
0.4992448
0.49924523
0.49924505
0.4992451
0.49924475
0.4992447
0.4992448
0.49924344
0.49924487
0.49924487
0.499245
0.499245
0.49924487
0.4992453
0.49924535
0.4992451
0.4992442
0.4992448
0.499245
0.499245
0.49924463
0.49924505
0.49924523
0.49924475
0.49924523
0.49924487
0.49924535
0.49924558
0.49924487
0.49924487
0.4992447
0.49924505
0.4992445
0.49924487
0.4992451
0.49924487
0.4992451
0.49924523
0.49924487
0.49924475
0.49924546
0.4992453
0.49924505
0.49924487
0.49924582
0.499245
0.49924505
0.49924517
0.49924523
0.49924523
0.4992451
0.49924427
0.4992451
0.4992448
0.49924487
0.49924523
0.49924487
0.4992451
0.49924392
0.4992451
0.49924457
0.49924505
0.49924493
0.49924523
0.49924493
0.49924523
0.499245
0.49924523
0.4992451
0.49924475
0.4992451
0.49924523
0.4992453
0.499245
0.499245
0.499245
0.4992454
0.49924523
0.49924523
0.4992431
0.49924487
0.4992451
0.49924493
0.49924523
0.49924463
0.49924493
0.4992451
0.49924523
0.4992453
0.4992451
0.49924493
0.499245
0.4992453
0.4992447
0.49924463
0.49924475
0.49924487
0.4992451
0.49924535
0.49924463
0.4992451
0.4992451
0.49924475
0.4992448
0.4992451
0.4992447
0.49924487
0.49924487
0.49924487
0.49924475
0.4992448
0.49924475
0.4992445
0.49924356
0.49924487
0.499245
0.49924475
0.49924523
0.4992453
0.49924487
0.49924546
0.49924487
0.4992451
0.49924505
0.49924523
0.4992451
0.4992451
0.4992451
0.49924493
0.49924415
0.4992453
0.4992451
0.4992451
0.499245
0.49924487
0.49924505
0.49924487
0.499245
0.49924523
0.4992451
0.4992453
0.49924505
0.49924493
0.49924463
0.499245
0.499245
0.49924523
0.49924487
0.49924523
0.4992453
0.4992451
0.49924493
0.49924517
0.4992444
0.49924535
0.4992451
0.49924463
0.49924523
0.4992457
0.49924368
0.49924487
0.4992453
0.49924523
0.4992451
0.4992457
0.49924523
0.4992453
0.499245
0.49924505
0.49924535
0.499245
0.49924487
0.49924368
0.49924535
0.4992448
0.49924493
0.49924535
0.49924487
0.49924505
0.4992451
0.49924517
0.499245
0.49924487
0.499245
0.49924487
0.4992451
0.49924517
0.49924517
0.49924523
0.499245
0.49924487
0.4992453
0.49924523
0.499245
0.49924487
0.4992451
0.49924362
0.499245
0.49924487
0.499245
0.49924475
0.49924487
0.499245
0.49924487
0.49924493
0.49924535
0.49924523
0.49924558
0.499245
0.4992447
0.4992451
0.49924463
0.4992451
0.49924487
0.49924487
0.49924487
0.49924523
0.49924487
0.499245
0.4992451
0.49924463
0.49924445
0.49924546
0.49924523
0.49924535
0.49924517
0.499245
0.49924493
0.49924487
0.49924463
0.49924523
0.49924523
0.499245
0.49924487
0.49924535
0.499245
0.4992451
0.4992454
0.4992451
0.49924523
0.4992457
0.4992451
0.49924505
0.49924535
0.49924517
0.49924523
0.49924523
0.49924487
0.49924493
0.49924517
0.49924493
0.4992442
0.49924523
0.49924475
0.49924523
0.49924523
0.49924517
0.49924546
0.499245
0.49924523
0.4992451
0.49924487
0.4992451
0.499245
0.49924523
0.49924523
0.49924487
0.4992453
0.49924487
0.4992451
0.49924487
0.49924433
0.499245
0.49924517
0.49924475
0.49924505
0.4992451
0.4992445
0.49924523
0.4992451
0.49924558
0.4992447
0.49924487
0.49924487
0.49924517
0.49924493
0.4992448
0.49924505
0.49924546
0.49924475
0.49924523
0.499245
0.4992451
0.499245
0.499245
0.4992445
0.49924487
0.49924487
0.49924517
0.49924487
0.49924517
0.49924487
0.4992451
0.49924535
0.49924493
0.4992453
0.49924487
0.4992451
0.49924523
0.49924535
0.49924523
0.4992451
0.4992451
0.4992445
0.49924523
0.49924505
0.49924535
0.49924475
0.49924493
0.49924487
0.49924523
0.4992454
0.49924576
0.49924517
0.49924523
0.4992451
0.499245
0.49924463
0.4992451
0.499245
0.499245
0.49924487
0.49924535
0.49924493
0.49924517
0.4992448
0.4992451
0.49924523
0.49924523
0.49924487
0.499245
0.4992451
0.49924523
0.4992445
0.49924517
0.49924487
0.49924463
0.49924535
0.49924487
0.4992451
0.49924475
0.499245
0.49924475
0.499245
0.4992451
0.49924493
0.4992451
0.4992448
0.499245
0.4992454
0.499245
0.49924487
0.49924487
0.49924523
0.49924487
0.49924523
0.49924487
0.49924475
0.49924493
0.49924517
0.49924463
0.49924475
0.49924523
0.4992453
0.499245
0.49924463
0.49924487
0.49924493
0.49924523
0.49924517
0.4992451
0.49924523
0.4992451
0.49924463
0.49924487
0.49924535
0.4992447
0.4992453
0.499245
0.49924487
0.4992453
0.49924475
0.49924546
0.49924487
0.49924487
0.49924415
0.49924505
0.49924535
0.499245
0.49924523
0.4992451
0.49924523
0.49924558
0.4992445
0.49924517
0.4992451
0.49924558
0.49924487
0.49924523
0.4992451
0.49924523
0.49924517
0.49924523
0.49924475
0.49924594
0.49924487
0.49924523
0.499245
0.49924523
0.49924463
0.49924523
0.49924475
0.4992457
0.49924493
0.49924505
0.49924523
0.4992448
0.49924523
0.49924517
0.49924517
0.4992451
0.49924505
0.49924517
0.49924475
0.499245
0.4992448
0.49924523
0.49924487
0.49924493
0.4992448
0.49924535
0.49924523
0.49924523
0.49924487
0.49924475
0.49924487
0.49924493
0.49924475
0.49924535
0.49924523
0.49924433
0.49924487
0.49924487
0.4992451
0.49924505
0.499245
0.499245
0.49924475
0.49924493
0.499245
0.4992451
0.4992453
0.49924487
0.49924523
0.499245
0.49924487
0.49924493
0.499245
0.4992448
0.49924487
0.49924505
0.499245
0.49924475
0.4992451
0.49924475
0.499245
0.49924493
0.4992451
0.4992451
0.4992444
0.49924517
0.4992457
0.499245
0.49924475
0.49924523
0.49924493
0.4992447
0.49924505
0.49924523
0.49924487
0.499245
0.49924517
0.49924552
0.4992453
0.49924517
0.49924475
0.49924505
0.49924535
0.49924523
0.49924546
0.4992453
0.4992451
0.49924487
0.49924535
0.49924475
0.49924517
0.49924493
0.4992453
0.49924487
0.499245
0.49924493
0.49924523
0.49924535
0.49924523
0.499245
0.4992451
0.49924523
0.4992451
0.49924487
0.4992451
0.49924427
0.49924487
0.4992453
0.49924546
0.499245
0.49924475
0.49924505
0.4992451
0.4992453
0.49924475
0.499245
0.49924523
0.499245
0.4992445
0.49924493
0.499245
0.49924523
0.49924487
0.499245
0.4992451
0.49924523
0.4992448
0.49924535
0.49924582
0.49924523
0.499245
0.49924523
0.49924535
0.4992453
0.4992447
0.4992445
0.49924535
0.49924487
0.4992453
0.499245
0.499245
0.49924493
0.49924475
0.49924517
0.49924487
0.49924287
0.49924517
0.49924523
0.499245
0.49924505
0.49924523
0.49924493
0.49924535
0.49924523
0.49924523
0.49924487
0.4992447
0.49924487
0.4992451
0.4992444
0.49924487
0.49924457
0.49924523
0.4992445
0.49924493
0.4992451
0.49924523
0.4992451
0.4992451
0.49924517
0.49924487
0.4992451
0.49924487
0.49924475
0.4992451
0.4992451
0.4992453
0.49924475
0.49924535
0.49924523
0.49924505
0.49924523
0.4992451
0.49924523
0.49924505
0.499245
0.4992451
0.49924457
0.49924487
0.4992451
0.4992451
0.49924517
0.49924523
0.49924493
0.49924523
0.49924594
0.4992444
0.4992453
0.49924475
0.499245
0.499245
0.4992447
0.49924493
0.4992451
0.4992451
0.49924487
0.49924523
0.49924517
0.49924505
0.49924523
0.49924523
0.49924493
0.49924523
0.4992451
0.4992451
0.49924523
0.49924523
0.4992451
0.49924505
0.499245
0.49924487
0.49924535
0.49924493
0.49924475
0.4992438
0.49924493
0.49924558
0.499245
0.4992447
0.4992451
0.4992451
0.499245
0.499245
0.49924475
0.49924523
0.49924517
0.4992447
0.49924475
0.499245
0.4992447
0.49924523
0.49924523
0.49924523
0.4992451
0.49924475
0.49924523
0.499245
0.49924523
0.49924535
0.49924487
0.4992451
0.49924457
0.49924535
0.49924487
0.49924493
0.49924475
0.49924475
0.49924535
0.49924546
0.499245
0.499245
0.49924523
0.499245
0.49924535
0.49924546
0.49924487
0.4992448
0.49924487
0.49924475
0.49924535
0.499245
0.49924487
0.49924517
0.49924523
0.49924523
0.49924487
0.49924505
0.49924475
0.49924487
0.49924523
0.49924457
0.49924517
0.4992445
0.4992451
0.4992444
0.49924517
0.4992441
0.499245
0.4992451
0.49924535
0.49924487
0.4992453
0.49924517
0.49924523
0.499245
0.49924445
0.499245
0.49924487
0.49924493
0.49924487
0.49924535
0.49924535
0.49924487
0.49924546
0.49924523
0.49924487
0.4992451
0.499245
0.49924523
0.499245
0.49924517
0.4992451
0.499245
0.4992453
0.49924463
0.49924487
0.4992453
0.49924463
0.49924505
0.499245
0.49924487
0.49924493
0.49924505
0.49924487
0.49924493
0.49924487
0.49924427
0.4992457
0.4992451
0.49924493
0.49924517
0.4992451
0.49924517
0.49924523
0.49924517
0.49924517
0.4992451
0.4992451
0.49924523
0.49924487
0.49924493
0.499245
0.499245
0.4992451
0.49924523
0.4992451
0.49924523
0.49924535
0.4992451
0.4992451
0.49924535
0.49924493
0.49924487
0.4992451
0.499245
0.49924493
0.49924487
0.49924523
0.49924487
0.499245
0.49924487
0.4992453
0.4992453
0.49924475
0.4992451
0.49924523
0.49924535
0.49924523
0.49924487
0.49924523
0.4992451
0.4992451
0.49924523
0.4992451
0.49924475
0.49924493
0.4992451
0.49924487
0.499245
0.49924463
0.49924475
0.4992447
0.499245
0.49924517
0.49924505
0.49924523
0.49924558
0.49924535
0.49924523
0.49924523
0.499245
0.4992447
0.4992451
0.49924535
0.49924457
0.4992448
0.49924517
0.4992448
0.499245
0.49924505
0.4992451
0.49924523
0.4992451
0.49924374
0.4992451
0.4992453
0.49924475
0.49924517
0.499245
0.49924493
0.49924523
0.4992451
0.4992453
0.499245
0.49924493
0.49924517
0.49924523
0.49924523
0.49924517
0.499245
0.49924475
0.49924487
0.49924475
0.4992451
0.4992451
0.49924493
0.4992447
0.49924606
0.49924546
0.4992451
0.49924523
0.49924523
0.49924523
0.499245
0.4992451
0.49924523
0.49924475
0.4992451
0.49924475
0.4992453
0.49924463
0.4992451
0.49924475
0.49924475
0.49924475
0.499245
0.4992448
0.49924475
0.4992451
0.49924535
0.4992451
0.49924487
0.49924523
0.49924475
0.49924523
0.49924517
0.49924487
0.49924535
0.4992453
0.49924487
0.49924517
0.4992451
0.49924487
0.49924517
0.49924493
0.499245
0.4992451
0.4992451
0.4992444
0.49924487
0.49924505
0.49924475
0.499245
0.49924475
0.49924487
0.499245
0.49924552
0.49924523
0.499245
0.49924487
0.49924535
0.49924493
0.4992453
0.49924523
0.49924523
0.49924415
0.49924457
0.49924576
0.4992448
0.4992451
0.49924427
0.49924523
0.4992453
0.49924517
0.49924487
0.49924523
0.49924546
0.49924505
0.49924487
0.4992453
0.49924588
0.49924463
0.49924493
0.49924523
0.4992451
0.49924523
0.49924493
0.4992451
0.49924517
0.49924523
0.49924517
0.4992451
0.49924517
0.4992451
0.4992451
0.49924517
0.49924475
0.49924475
0.49924523
0.49924487
0.4992451
0.49924493
0.4992447
0.4992451
0.49924475
0.49924493
0.49924487
0.49924546
0.49924523
0.4992451
0.4992451
0.49924523
0.49924535
0.49924517
0.49924517
0.49924463
0.49924558
0.49924475
0.4992451
0.49924475
0.49924523
0.49924505
0.4992448
0.4992448
0.499245
0.49924487
0.49924445
0.49924523
0.49924463
0.49924487
0.49924475
0.49924505
0.49924487
0.499245
0.49924523
0.49924463
0.49924487
0.49924487
0.49924487
0.4992448
0.49924415
0.49924558
0.49924433
0.4992448
0.499245
0.49924517
0.49924523
0.49924493
0.49924475
0.49924475
0.49924523
0.4992451
0.49924517
0.49924493
0.4992453
0.4992451
0.49924546
0.49924535
0.499245
0.4992463
0.49924523
0.4992451
0.49924493
0.49924505
0.49924517
0.49924523
0.49924493
0.49924475
0.49924523
0.4992451
0.4992448
0.49924523
0.49924535
0.49924505
0.49924493
0.4992451
0.499245
0.49924517
0.499245
0.49924535
0.499245
0.499245
0.49924523
0.499245
0.49924517
0.49924517
0.49924493
0.49924523
0.49924517
0.49924487
0.49924523
0.49924535
0.49924487
0.49924523
0.4992451
0.499245
0.499245
0.4992451
0.499245
0.4992451
0.49924433
0.4992453
0.499245
0.49924463
0.49924523
0.49924517
0.499245
0.4992444
0.4992451
0.4992447
0.49924475
0.49924523
0.4992451
0.49924493
0.4992451
0.499245
0.4992453
0.49924493
0.49924535
0.4992451
0.4992451
0.49924517
0.4992445
0.49924475
0.49924457
0.4992451
0.49924493
0.4992451
0.49924517
0.49924546
0.4992451
0.49924487
0.499245
0.49924523
0.49924487
0.4992453
0.49924487
0.49924475
0.49924487
0.49924523
0.49924523
0.499245
0.4992451
0.49924535
0.4992451
0.49924535
0.499245
0.49924463
0.49924517
0.49924487
0.49924427
0.4992451
0.49924523
0.499245
0.49924463
0.4992447
0.499245
0.49924523
0.499245
0.49924487
0.49924505
0.499245
0.49924475
0.49924487
0.49924505
0.499245
0.499245
0.49924523
0.49924523
0.49924493
0.49924517
0.49924517
0.49924535
0.49924517
0.499245
0.49924523
0.49924475
0.49924493
0.4992451
0.4992451
0.49924523
0.4992451
0.499245
0.49924505
0.49924475
0.49924487
0.49924427
0.4992453
0.49924523
0.499245
0.49924505
0.49924517
0.4992451
0.49924523
0.49924523
0.4992451
0.499245
0.4992448
0.49924505
0.4992444
0.49924487
0.4992451
0.49924505
0.499245
0.4992451
0.49924487
0.49924517
0.49924523
0.49924487
0.49924535
0.4992448
0.49924517
0.49924487
0.49924535
0.4992448
0.4992451
0.49924487
0.4992451
0.49924535
0.499245
0.49924546
0.49924463
0.499245
0.49924523
0.49924523
0.4992451
0.499245
0.49924517
0.499245
0.49924505
0.49924487
0.49924523
0.4992451
0.499245
0.499245
0.49924475
0.49924487
0.49924487
0.4992453
0.49924487
0.4992447
0.49924517
0.49924535
0.4992451
0.49924493
0.4992445
0.4992451
0.4992448
0.4992451
0.49924576
0.49924487
0.49924505
0.49924463
0.499245
0.49924487
0.49924493
0.4992451
0.49924493
0.49924463
0.49924523
0.49924517
0.49924493
0.49924493
0.499245
0.49924558
0.49924493
0.49924517
0.49924475
0.49924535
0.499245
0.49924535
0.4992447
0.4992451
0.49924487
0.49924457
0.499245
0.49924517
0.499245
0.49924517
0.49924523
0.49924487
0.49924523
0.499245
0.49924487
0.49924487
0.4992453
0.49924475
0.499245
0.49924475
0.49924535
0.49924523
0.49924517
0.499245
0.49924505
0.49924493
0.49924475
0.49924487
0.4992451
0.49924463
0.49924558
0.49924505
0.49924535
0.499245
0.4992451
0.4992457
0.49924523
0.49924475
0.4992451
0.49924487
0.49924475
0.49924535
0.499245
0.49924463
0.4992451
0.499245
0.49924523
0.4992451
0.49924493
0.49924523
0.49924487
0.4992451
0.49924517
0.4992447
0.499245
0.49924475
0.4992445
0.4992451
0.49924523
0.49924463
0.49924523
0.49924523
0.49924493
0.4992451
0.49924487
0.49924475
0.49924517
0.49924487
0.499245
0.49924487
0.4992451
0.49924535
0.49924535
0.49924487
0.4992451
0.49924487
0.49924463
0.49924403
0.49924523
0.49924493
0.49924505
0.49924546
0.49924523
0.4992451
0.4992451
0.49924535
0.49924475
0.499245
0.4992445
0.49924487
0.499245
0.49924493
0.49924523
0.49924487
0.499245
0.4992451
0.49924523
0.49924475
0.49924487
0.499245
0.49924475
0.499245
0.49924523
0.4992451
0.4992451
0.49924493
0.49924487
0.49924493
0.49924487
0.49924523
0.49924523
0.49924535
0.4992451
0.4992445
0.49924487
0.49924487
0.4992451
0.499245
0.4992451
0.49924487
0.499245
0.4992451
0.4992441
0.49924427
0.49924517
0.4992444
0.4992451
0.49924517
0.49924487
0.499245
0.4992447
0.49924517
0.4992457
0.49924463
0.4992448
0.4992454
0.49924552
0.49924487
0.4992453
0.4992453
0.4992451
0.49924523
0.49924487
0.499245
0.49924517
0.49924517
0.49924445
0.49924505
0.49924475
0.4992447
0.4992447
0.499245
0.49924517
0.49924523
0.499245
0.499245
0.499245
0.49924457
0.499245
0.4992451
0.49924517
0.4992451
0.499245
0.49924475
0.49924523
0.49924487
0.49924535
0.49924523
0.49924493
0.4992451
0.49924493
0.49924463
0.49924493
0.4992447
0.49924535
0.49924523
0.49924535
0.4992451
0.499245
0.4992451
0.49924493
0.499245
0.4992451
0.499245
0.4992451
0.49924523
0.4992463
0.49924392
0.4992448
0.4992445
0.4992448
0.499245
0.499245
0.499245
0.4992451
0.49924463
0.49924493
0.49924487
0.499245
0.4992451
0.49924505
0.49924523
0.49924475
0.4992453
0.4992451
0.49924535
0.49924433
0.49924523
0.49924564
0.4992451
0.49924517
0.49924523
0.49924505
0.4992448
0.49924463
0.4992448
0.49924523
0.49924475
0.49924463
0.4992451
0.49924475
0.499245
0.49924463
0.49924535
0.49924523
0.49924475
0.4992448
0.49924475
0.49924564
0.49924493
0.499245
0.49924523
0.499245
0.49924487
0.49924546
0.49924523
0.49924535
0.49924535
0.4992444
0.49924457
0.4992453
0.499245
0.49924475
0.49924493
0.4992448
0.49924493
0.49924487
0.49924463
0.49924517
0.49924487
0.49924487
0.49924523
0.499245
0.49924493
0.49924523
0.49924487
0.49924523
0.49924475
0.49924505
0.49924493
0.49924487
0.49924475
0.49924523
0.4992454
0.499245
0.49924517
0.49924523
0.4992453
0.4992453
0.4992453
0.4992451
0.499245
0.49924493
0.499245
0.49924523
0.4992448
0.49924487
0.4992451
0.49924523
0.49924523
0.49924517
0.4992451
0.49924427
0.49924415
0.4992451
0.49924463
0.4992451
0.49924558
0.49924517
0.49924445
0.49924475
0.49924487
0.4992451
0.499245
0.49924287
0.4992453
0.49924517
0.4992451
0.49924517
0.49924517
0.49924517
0.49924475
0.49924517
0.49924517
0.4992451
0.49924493
0.49924487
0.49924523
0.49924487
0.49924546
0.49924523
0.49924523
0.499245
0.49924463
0.4992451
0.4992457
0.49924427
0.4992451
0.49924505
0.49924523
0.499245
0.4992448
0.499245
0.4992457
0.49924558
0.49924505
0.49924523
0.499245
0.49924535
0.49924517
0.49924523
0.49924475
0.4992451
0.49924487
0.49924505
0.4992451
0.499245
0.4992451
0.49924523
0.49924487
0.49924475
0.49924493
0.49924535
0.4992451
0.49924475
0.49924523
0.4992451
0.4992451
0.49924487
0.49924487
0.4992451
0.49924493
0.499245
0.49924475
0.49924487
0.49924535
0.49924523
0.499245
0.49924487
0.49924546
0.49924487
0.4992451
0.49924463
0.4992451
0.49924493
0.49924523
0.49924487
0.4992451
0.4992451
0.4992451
0.499245
0.4992448
0.4992451
0.49924546
0.49924475
0.49924535
0.4992442
0.49924535
0.49924493
0.49924463
0.49924415
0.49924517
0.49924487
0.49924475
0.4992451
0.4992451
0.49924487
0.4992451
0.49924487
0.4992448
0.4992448
0.4992451
0.49924523
0.49924517
0.49924487
0.49924457
0.49924487
0.49924535
0.499245
0.49924535
0.49924523
0.499245
0.49924523
0.49924517
0.49924535
0.4992454
0.499245
0.49924505
0.4992451
0.499245
0.49924487
0.4992453
0.4992438
0.4992453
0.49924475
0.4992448
0.49924535
0.49924552
0.499245
0.4992451
0.49924517
0.4992451
0.49924535
0.49924523
0.4992448
0.4992445
0.49924505
0.49924558
0.49924523
0.49924487
0.49924523
0.49924517
0.49924576
0.49924445
0.49924487
0.4992453
0.49924523
0.49924487
0.49924523
0.4992451
0.49924487
0.49924523
0.4992451
0.49924493
0.4992445
0.49924487
0.49924517
0.4992453
0.4992451
0.49924475
0.499245
0.49924463
0.4992451
0.49924505
0.49924475
0.49924487
0.49924546
0.49924552
0.4992451
0.49924505
0.499245
0.499245
0.4992448
0.49924487
0.49924523
0.4992448
0.49924535
0.4992448
0.4992448
0.49924487
0.49924535
0.49924517
0.49924487
0.49924523
0.4992451
0.49924487
0.49924523
0.49924517
0.4992457
0.49924523
0.499245
0.49924475
0.4992448
0.49924463
0.4992451
0.4992448
0.49924463
0.4992445
0.49924523
0.49924535
0.49924517
0.49924487
0.49924463
0.49924523
0.499245
0.499245
0.4992451
0.49924493
0.49924463
0.4992451
0.4992451
0.4992451
0.49924535
0.49924427
0.4992451
0.49924463
0.4992448
0.4992451
0.49924475
0.4992451
0.49924487
0.499245
0.499245
0.49924487
0.4992447
0.49924535
0.4992448
0.499245
0.49924487
0.49924517
0.49924523
0.49924535
0.49924523
0.4992447
0.49924487
0.4992451
0.4992451
0.499245
0.49924517
0.49924523
0.49924487
0.4992451
0.4992451
0.49924546
0.4992453
0.4992447
0.49924493
0.499245
0.49924535
0.499245
0.49924517
0.49924487
0.49924582
0.49924517
0.49924493
0.49924475
0.49924523
0.499245
0.49924523
0.4992451
0.49924546
0.4992453
0.4992448
0.49924517
0.499245
0.49924523
0.4992453
0.49924523
0.49924487
0.49924546
0.4992448
0.49924546
0.49924487
0.49924523
0.499245
0.49924523
0.49924535
0.49924475
0.49924487
0.4992451
0.4992451
0.4992451
0.499245
0.49924487
0.49924463
0.499245
0.49924493
0.49924535
0.4992451
0.49924463
0.49924523
0.49924523
0.49924487
0.49924505
0.499245
0.49924475
0.4992444
0.49924523
0.4992451
0.49924517
0.49924517
0.4992451
0.49924535
0.4992447
0.49924487
0.49924487
0.49924517
0.49924523
0.49924487
0.4992444
0.49924552
0.49924582
0.499245
0.49924487
0.49924487
0.49924463
0.49924523
0.49924523
0.4992451
0.4992451
0.4992451
0.49924523
0.49924535
0.49924487
0.499245
0.49924523
0.4992451
0.49924523
0.49924517
0.49924487
0.49924523
0.49924523
0.4992451
0.49924487
0.49924535
0.49924457
0.49924493
0.49924487
0.4992448
0.49924493
0.49924535
0.49924523
0.49924487
0.49924546
0.49924552
0.49924505
0.49924523
0.49924523
0.49924546
0.4992451
0.49924523
0.4992454
0.49924487
0.4992448
0.49924523
0.49924487
0.49924523
0.49924535
0.4992448
0.49924546
0.4992445
0.4992451
0.49924523
0.499245
0.4992453
0.49924457
0.49924523
0.49924535
0.499245
0.49924523
0.499245
0.4992453
0.49924493
0.49924517
0.49924558
0.49924487
0.4992451
0.49924463
0.4992451
0.49924487
0.4992444
0.4992451
0.49924493
0.49924475
0.4992451
0.49924487
0.4992451
0.49924457
0.49924487
0.499245
0.49924523
0.49924487
0.49924487
0.49924487
0.49924493
0.499245
0.4992451
0.4992451
0.499245
0.499245
0.49924505
0.4992447
0.4992448
0.4992451
0.4992451
0.4992451
0.49924487
0.49924487
0.49924475
0.499245
0.499247
0.49924475
0.49924475
0.49924523
0.49924457
0.499245
0.49924487
0.49924475
0.4992447
0.49924523
0.49924487
0.49924517
0.499245
0.499245
0.49924517
0.49924475
0.4992447
0.49924487
0.49924505
0.49924487
0.4992451
0.49924487
0.49924523
0.499245
0.499245
0.4992457
0.4992453
0.49924487
0.499245
0.49924517
0.49924546
0.4992451
0.4992448
0.499245
0.49924523
0.4992448
0.49924517
0.49924523
0.49924517
0.4992451
0.4992451
0.499245
0.49924487
0.49924487
0.49924505
0.49924523
0.4992445
0.4992447
0.4992451
0.49924487
0.49924505
0.49924493
0.499245
0.49924457
0.49924487
0.49924487
0.4992451
0.49924487
0.49924654
0.49924517
0.4992451
0.49924397
0.49924535
0.4992448
0.49924558
0.4992447
0.49924487
0.4992451
0.49924523
0.499245
0.49924475
0.49924487
0.49924463
0.4992448
0.4992448
0.49924487
0.49924552
0.49924523
0.49924475
0.499245
0.49924517
0.49924475
0.49924403
0.49924523
0.499245
0.49924192
0.4992444
0.4992445
0.49924493
0.49924546
0.4992448
0.49924523
0.499245
0.49924517
0.49924475
0.49924523
0.49924523
0.49924493
0.49924523
0.49924463
0.49924523
0.499245
0.49924493
0.499245
0.49924517
0.49924457
0.499245
0.4992445
0.49924487
0.49924487
0.4992451
0.4992451
0.49924475
0.49924487
0.49924487
0.499245
0.49924463
0.49924523
0.499245
0.49924505
0.4992457
0.4992451
0.4992451
0.49924517
0.49924535
0.49924457
0.49924475
0.49924487
0.49924517
0.49924517
0.4992447
0.4992451
0.49924487
0.49924523
0.49924535
0.4992451
0.49924475
0.4992451
0.49924463
0.49924523
0.4992451
0.499245
0.4992451
0.49924487
0.4992451
0.49924523
0.4992457
0.49924517
0.4992445
0.499245
0.49924517
0.49924546
0.49924523
0.499245
0.49924487
0.4992445
0.49924505
0.499245
0.4992448
0.4992447
0.49924487
0.49924523
0.49924582
0.49924493
0.49924535
0.4992451
0.49924463
0.4992451
0.49924475
0.49924517
0.49924505
0.49924546
0.49924445
0.49924493
0.499245
0.49924523
0.49924463
0.4992453
0.4992451
0.499245
0.49924523
0.4992451
0.49924546
0.49924475
0.4992451
0.49924475
0.49924523
0.4992453
0.49924517
0.4992447
0.49924517
0.49924487
0.49924523
0.49924535
0.4992451
0.49924475
0.49924475
0.49924487
0.4992451
0.49924535
0.49924505
0.499245
0.499245
0.4992454
0.49924523
0.49924457
0.4992451
0.499245
0.49924523
0.49924535
0.49924475
0.49924523
0.49924463
0.499245
0.49924523
0.49924487
0.4992451
0.4992451
0.49924505
0.499245
0.4992451
0.4992451
0.49924523
0.49924487
0.49924535
0.49924475
0.499245
0.49924487
0.49924535
0.4992451
0.4992451
0.499245
0.49924535
0.49924523
0.49924457
0.49924517
0.499245
0.4992453
0.49924392
0.49924487
0.49924487
0.499245
0.49924523
0.4992451
0.49924493
0.49924487
0.49924546
0.49924546
0.4992451
0.49924558
0.499245
0.49924493
0.4992445
0.49924475
0.4992454
0.4992453
0.4992451
0.499245
0.49924535
0.49924517
0.4992451
0.49924487
0.499245
0.49924523
0.49924505
0.49924475
0.4992431
0.4992454
0.49924487
0.49924475
0.49924463
0.4992451
0.49924487
0.4992448
0.49924517
0.49924636
0.49924523
0.49924546
0.4992451
0.4992445
0.499245
0.49924457
0.49924403
0.49924523
0.4992451
0.49924487
0.49924487
0.49924463
0.49924523
0.4992451
0.49924523
0.49924523
0.4992451
0.49924505
0.49924487
0.49924552
0.4992451
0.4992447
0.49924523
0.49924517
0.49924487
0.49924475
0.4992451
0.49924552
0.49924487
0.49924475
0.49924517
0.49924535
0.4992453
0.49924558
0.49924475
0.49924535
0.4992451
0.4992451
0.499245
0.499245
0.49924517
0.49924535
0.49924535
0.49924493
0.49924445
0.49924493
0.49924523
0.4992451
0.4992451
0.49924523
0.499245
0.49924523
0.49924487
0.499245
0.49924523
0.499245
0.4992451
0.49924487
0.49924505
0.4992451
0.4992444
0.499245
0.49924535
0.49924535
0.49924487
0.4992448
0.49924487
0.49924427
0.4992453
0.4992451
0.4992453
0.49924487
0.49924493
0.49924535
0.49924487
0.49924535
0.49924487
0.4992445
0.4992451
0.4992448
0.49924487
0.49924487
0.49924493
0.4992451
0.4992451
0.499245
0.4992451
0.4992451
0.49924475
0.49924493
0.49924523
0.49924475
0.4992451
0.4992448
0.4992451
0.49924517
0.49924505
0.499245
0.49924523
0.49924487
0.49924546
0.49924517
0.49924523
0.49924445
0.499245
0.4992451
0.49924493
0.4992451
0.499245
0.49924487
0.49924487
0.4992451
0.49924505
0.49924558
0.49924487
0.499245
0.4992451
0.49924487
0.499245
0.499245
0.49924517
0.4992451
0.49924546
0.49924517
0.49924487
0.49924523
0.4992453
0.49924535
0.4992444
0.49924523
0.499245
0.49924535
0.49924487
0.499245
0.49924523
0.49924523
0.49924505
0.49924487
0.49924493
0.49924463
0.4992445
0.4992451
0.4992451
0.49924523
0.4992451
0.49924517
0.49924487
0.49924535
0.49924487
0.49924427
0.49924546
0.499245
0.49924493
0.49924344
0.499245
0.4992453
0.49924487
0.49924546
0.49924463
0.49924475
0.49924523
0.4992445
0.4992447
0.49924505
0.49924558
0.4992451
0.4992451
0.49924475
0.49924487
0.49924505
0.499245
0.49924487
0.4992451
0.4992451
0.49924487
0.49924505
0.4992451
0.49924523
0.4992438
0.49924523
0.49924535
0.49924523
0.49924487
0.499245
0.49924487
0.49924475
0.49924505
0.49924487
0.4992451
0.49924487
0.4992453
0.4992451
0.4992451
0.49924475
0.49924523
0.49924487
0.4992448
0.4992451
0.49924463
0.49924517
0.4992451
0.499245
0.49924546
0.49924487
0.49924475
0.49924642
0.499245
0.4992451
0.499245
0.4992453
0.49924487
0.4992451
0.49924493
0.49924487
0.499245
0.49924523
0.49924535
0.49924463
0.49924487
0.4992431
0.49924487
0.4992445
0.49924517
0.4992451
0.49924493
0.499245
0.4992451
0.49924487
0.49924517
0.499245
0.499245
0.499245
0.49924487
0.49924523
0.4992447
0.49924493
0.4992448
0.49924517
0.499245
0.49924523
0.49924523
0.4992448
0.4992448
0.4992453
0.49924523
0.499245
0.4992447
0.49924487
0.49924535
0.4992451
0.4992451
0.49924505
0.49924487
0.49924487
0.49924487
0.49924523
0.49924493
0.4992451
0.499245
0.49924523
0.49924487
0.499245
0.4992453
0.49924487
0.49924552
0.49924505
0.49924505
0.49924487
0.49924523
0.49924517
0.49924564
0.49924475
0.49924475
0.49924457
0.499245
0.49924523
0.49924463
0.4992448
0.499245
0.49924475
0.499245
0.49924517
0.49924487
0.49924517
0.49924523
0.49924463
0.49924487
0.49924523
0.49924487
0.49924487
0.499245
0.49924535
0.4992451
0.4992451
0.499245
0.4992448
0.49924535
0.4992448
0.49924463
0.49924475
0.49924523
0.49924523
0.49924475
0.4992451
0.49924523
0.499245
0.499245
0.499245
0.499245
0.4992448
0.49924523
0.4992448
0.49924487
0.4992448
0.499245
0.499245
0.4992451
0.49924523
0.4992453
0.49924505
0.49924475
0.49924487
0.499245
0.49924535
0.49924546
0.49924487
0.49924487
0.49924535
0.49924487
0.49924427
0.4992451
0.4992451
0.4992451
0.499245
0.49924487
0.49924517
0.49924427
0.4992454
0.499245
0.499245
0.49924493
0.499245
0.499245
0.49924475
0.4992451
0.4992451
0.49924505
0.49924505
0.49924523
0.49924517
0.49924517
0.49924523
0.49924475
0.4992444
0.499245
0.49924505
0.4992451
0.49924517
0.4992444
0.4992453
0.49924523
0.49924588
0.499245
0.4992451
0.49924487
0.49924523
0.4992453
0.499245
0.4992451
0.499245
0.49924523
0.49924523
0.49924427
0.4992445
0.49924487
0.499245
0.49924523
0.49924487
0.49924487
0.4992451
0.49924535
0.49924487
0.49924523
0.49924487
0.49924487
0.4992451
0.49924487
0.49924505
0.49924475
0.49924493
0.49924493
0.49924475
0.4992451
0.49924463
0.4992454
0.49924487
0.49924523
0.49924546
0.49924523
0.49924558
0.49924463
0.49924523
0.499245
0.49924487
0.49924523
0.4992453
0.49924493
0.49924517
0.499245
0.49924523
0.4992451
0.4992451
0.4992445
0.49924475
0.49924475
0.4992451
0.49924535
0.49924475
0.49924505
0.49924463
0.499245
0.49924463
0.49924523
0.49924487
0.4992447
0.49924523
0.49924535
0.49924463
0.49924487
0.49924487
0.49924523
0.49924475
0.49924523
0.49924517
0.4992451
0.49924606
0.49924535
0.4992448
0.49924493
0.49924523
0.49924487
0.49924535
0.49924487
0.4992451
0.49924475
0.4992453
0.4992448
0.49924487
0.49924523
0.4992451
0.49924487
0.49924487
0.49924487
0.4992451
0.49924505
0.49924523
0.49924535
0.49924487
0.49924523
0.49924475
0.49924517
0.499245
0.49924517
0.4992451
0.4992451
0.499245
0.4992451
0.49924487
0.49924475
0.499245
0.499245
0.4992451
0.4992451
0.49924523
0.4992451
0.49924535
0.49924475
0.49924523
0.4992445
0.49924493
0.4992454
0.4992448
0.49924523
0.4992448
0.49924475
0.49924535
0.4992451
0.49924475
0.499245
0.4992451
0.49924487
0.4992451
0.4992448
0.499245
0.49924523
0.49924487
0.499245
0.49924475
0.49924535
0.4992451
0.49924535
0.49924523
0.4992448
0.4992448
0.4992447
0.49924535
0.4992447
0.49924487
0.49924517
0.49924535
0.4992457
0.49924475
0.4992448
0.499245
0.4992451
0.49924535
0.4992451
0.49924457
0.49924487
0.499245
0.49924493
0.49924523
0.499245
0.499245
0.49924523
0.49924487
0.49924475
0.49924523
0.49924535
0.49924392
0.4992454
0.49924523
0.4992451
0.49924523
0.499245
0.4992448
0.49924517
0.49924535
0.49924535
0.49924487
0.499245
0.49924517
0.4992444
0.49924487
0.49924475
0.49924517
0.4992448
0.499245
0.4992444
0.49924558
0.49924523
0.4992454
0.49924463
0.49924487
0.4992451
0.49924523
0.49924523
0.49924523
0.4992453
0.49924487
0.49924475
0.4992448
0.49924487
0.49924523
0.49924523
0.499245
0.49924487
0.49924523
0.4992451
0.4992453
0.49924463
0.499245
0.499245
0.4992451
0.499245
0.49924493
0.4992451
0.4992451
0.49924505
0.49924487
0.499245
0.49924475
0.49924517
0.49924523
0.49924493
0.499245
0.49924558
0.4992451
0.49924523
0.49924558
0.49924487
0.49924523
0.49924493
0.49924535
0.49924475
0.49924427
0.49924523
0.49924487
0.499245
0.4992451
0.4992448
0.49924487
0.4992451
0.499245
0.49924487
0.4992448
0.4992453
0.49924475
0.4992445
0.4992451
0.49924487
0.499245
0.49924523
0.499245
0.499245
0.49924523
0.49924523
0.4992448
0.49924517
0.4992457
0.49924487
0.499245
0.49924493
0.49924523
0.49924523
0.49924523
0.49924523
0.49924487
0.49924523
0.49924457
0.49924475
0.49924475
0.49924505
0.4992451
0.499245
0.499245
0.49924475
0.4992448
0.49924523
0.49924523
0.49924523
0.49924535
0.4992453
0.49924535
0.49924487
0.49924493
0.49924487
0.4992451
0.499245
0.49924517
0.49924493
0.49924475
0.49924523
0.4992447
0.4992457
0.49924487
0.49924523
0.4992451
0.499245
0.49924523
0.499245
0.49924487
0.49924463
0.49924487
0.499245
0.49924523
0.499245
0.499245
0.499245
0.49924523
0.499245
0.4992451
0.49924487
0.49924362
0.49924487
0.49924487
0.499245
0.4992453
0.49924415
0.499245
0.49924535
0.4992447
0.4992447
0.4992451
0.49924487
0.49924517
0.499245
0.49924475
0.499245
0.49924546
0.49924445
0.4992447
0.499245
0.4992451
0.4992453
0.49924475
0.4992451
0.4992451
0.49924523
0.49924445
0.49924523
0.49924487
0.49924505
0.49924493
0.49924487
0.49924505
0.49924523
0.49924463
0.49924523
0.49924517
0.4992451
0.49924487
0.4992453
0.49924505
0.49924505
0.49924487
0.499245
0.4992448
0.49924505
0.49924487
0.4992448
0.49924523
0.49924505
0.49924475
0.49924523
0.49924475
0.499245
0.49924523
0.49924475
0.49924523
0.49924487
0.499245
0.49924505
0.49924487
0.49924576
0.49924475
0.49924487
0.4992451
0.499245
0.4992447
0.49924558
0.49924523
0.49924535
0.4992448
0.49924463
0.49924487
0.4992451
0.499245
0.4992451
0.4992453
0.49924535
0.4992448
0.49924523
0.49924475
0.4992448
0.499245
0.49924552
0.49924475
0.49924487
0.499245
0.49924487
0.49924517
0.49924475
0.499245
0.49924523
0.49924475
0.49924523
0.49924493
0.499245
0.49924523
0.49924487
0.49924523
0.49924487
0.49924672
0.499245
0.49924487
0.4992453
0.4992451
0.499245
0.499245
0.4992451
0.499245
0.49924505
0.49924517
0.49924505
0.49924493
0.4992451
0.49924505
0.49924487
0.49924487
0.49924517
0.49924463
0.49924493
0.4992453
0.4992451
0.49924535
0.49924487
0.49924487
0.4992448
0.4992454
0.49924523
0.499245
0.49924535
0.49924523
0.49924523
0.4992451
0.49924487
0.4992451
0.499245
0.4992448
0.49924546
0.49924463
0.4992451
0.4992451
0.49924523
0.499245
0.4992448
0.49924487
0.49924475
0.4992453
0.499245
0.49924505
0.49924487
0.49924475
0.499245
0.49924493
0.49924487
0.49924505
0.49924487
0.4992444
0.49924475
0.49924523
0.4992451
0.49924493
0.49924523
0.49924517
0.49924487
0.49924505
0.49924457
0.49924523
0.49924487
0.4992453
0.4992451
0.4992451
0.49924523
0.4992448
0.4992445
0.49924523
0.4992445
0.4992451
0.499245
0.499245
0.49924546
0.49924487
0.49924523
0.49924505
0.49924523
0.49924523
0.49924517
0.49924535
0.49924403
0.4992451
0.49924505
0.49924487
0.499245
0.49924505
0.4992451
0.49924487
0.499245
0.49924487
0.4992451
0.49924475
0.49924523
0.49924487
0.4992445
0.4992447
0.49924463
0.4992451
0.49924517
0.49924517
0.4992445
0.49924475
0.49924493
0.4992451
0.4992451
0.49924475
0.49924546
0.499245
0.4992453
0.49924535
0.49924535
0.4992451
0.4992451
0.49924475
0.49924517
0.49924546
0.49924523
0.49924594
0.49924475
0.49924487
0.49924487
0.4992445
0.49924493
0.4992451
0.4992451
0.49924523
0.499245
0.4992451
0.4992451
0.49924523
0.49924505
0.49924487
0.49924487
0.4992451
0.49924535
0.49924487
0.4992448
0.4992448
0.4992445
0.49924523
0.49924487
0.49924505
0.49924493
0.499245
0.4992451
0.49924487
0.49924487
0.4992451
0.49924487
0.49924505
0.49924487
0.49924517
0.49924505
0.499245
0.4992451
0.4992451
0.4992451
0.49924523
0.499245
0.49924487
0.49924493
0.49924535
0.4992451
0.4992451
0.49924523
0.49924487
0.4992451
0.49924487
0.499245
0.49924487
0.4992453
0.4992448
0.49924475
0.49924558
0.49924463
0.49924475
0.49924475
0.49924463
0.4992451
0.4992451
0.499245
0.49924475
0.49924493
0.49924475
0.4992451
0.49924523
0.49924403
0.4992451
0.49924487
0.49924535
0.49924487
0.49924535
0.49924505
0.4992453
0.4992451
0.49924523
0.49924475
0.49924505
0.499245
0.49924487
0.49924493
0.4992451
0.49924535
0.4992451
0.49924523
0.49924523
0.4992451
0.49924493
0.49924475
0.49924523
0.49924523
0.49924493
0.49924523
0.49924517
0.49924487
0.49924535
0.49924475
0.499245
0.49924475
0.49924475
0.49924523
0.49924445
0.49924493
0.49924493
0.499245
0.49924463
0.49924487
0.4992445
0.49924487
0.4992445
0.49924535
0.49924535
0.499245
0.49924523
0.4992451
0.4992451
0.4992451
0.49924517
0.49924552
0.49924475
0.49924487
0.49924475
0.49924463
0.49924487
0.49924475
0.4992453
0.49924523
0.4992451
0.49924535
0.499245
0.49924535
0.49924505
0.49924523
0.49924487
0.49924535
0.4992448
0.49924487
0.4992451
0.499245
0.4992451
0.499245
0.49924487
0.49924523
0.49924493
0.49924523
0.49924487
0.49924487
0.499245
0.49924445
0.49924523
0.49924392
0.49924475
0.49924475
0.4992451
0.49924523
0.4992451
0.49924523
0.49924487
0.4992451
0.49924487
0.4992451
0.49924487
0.49924487
0.49924523
0.4992451
0.49924523
0.49924487
0.49924535
0.49924523
0.49924487
0.49924535
0.4992451
0.49924523
0.499245
0.49924505
0.49924487
0.49924505
0.49924523
0.49924523
0.49924487
0.49924487
0.49924493
0.499245
0.49924487
0.49924523
0.49924487
0.49924546
0.49924493
0.4992451
0.49924535
0.49924505
0.49924487
0.49924505
0.499245
0.499245
0.49924523
0.49924523
0.4992453
0.4992451
0.4992451
0.499245
0.499245
0.49924463
0.49924433
0.4992451
0.49924475
0.49924493
0.499245
0.49924535
0.4992451
0.49924582
0.49924523
0.49924523
0.49924475
0.49924505
0.4992451
0.4992451
0.4992451
0.49924487
0.4992448
0.49924505
0.499245
0.49924535
0.49924475
0.49924493
0.49924487
0.49924493
0.4992451
0.4992451
0.49924475
0.49924505
0.4992445
0.49924523
0.49924523
0.499245
0.4992445
0.49924463
0.499245
0.49924546
0.499245
0.49924523
0.499245
0.49924505
0.49924517
0.4992444
0.499245
0.49924523
0.49924493
0.499245
0.49924517
0.499245
0.49924475
0.49924523
0.49924523
0.49924523
0.49924535
0.4992448
0.4992451
0.499245
0.4992451
0.4992451
0.4992448
0.49924457
0.499245
0.49924493
0.4992448
0.499245
0.49924523
0.49924523
0.49924493
0.49924517
0.49924517
0.4992451
0.4992445
0.4992451
0.499245
0.49924493
0.49924505
0.49924487
0.49924523
0.49924475
0.49924463
0.49924505
0.4992451
0.49924505
0.4992447
0.49924523
0.49924493
0.49924475
0.49924493
0.4992445
0.49924505
0.49924487
0.499245
0.49924463
0.499245
0.49924493
0.49924487
0.4992451
0.4992445
0.4992451
0.49924517
0.49924505
0.49924517
0.4992451
0.4992445
0.4992445
0.49924523
0.499245
0.4992447
0.49924487
0.499245
0.49924475
0.49924523
0.49924523
0.4992451
0.49924523
0.49924523
0.4992451
0.4992444
0.4992451
0.4992451
0.4992453
0.49924523
0.49924505
0.4992451
0.49924487
0.49924475
0.4992451
0.4992451
0.49924517
0.49924487
0.49924493
0.499245
0.49924564
0.49924475
0.499245
0.49924523
0.49924523
0.49924505
0.49924523
0.4992451
0.49924564
0.49924517
0.4992451
0.49924475
0.49924517
0.4992451
0.49924535
0.49924546
0.4992451
0.49924487
0.49924535
0.49924487
0.4992451
0.49924505
0.4992451
0.4992451
0.4992445
0.4992448
0.49924523
0.499245
0.499245
0.4992451
0.49924475
0.49924493
0.49924487
0.49924487
0.4992448
0.499245
0.49924535
0.49924517
0.49924487
0.49924535
0.49924517
0.49924487
0.49924487
0.49924535
0.49924487
0.49924493
0.4992451
0.49924427
0.49924487
0.49924475
0.49924415
0.49924475
0.49924487
0.49924505
0.49924487
0.4992451
0.4992445
0.499245
0.499245
0.4992451
0.4992445
0.49924356
0.49924487
0.49924493
0.499245
0.4992451
0.499245
0.4992444
0.49924475
0.4992451
0.49924397
0.499245
0.49924517
0.49924523
0.49924475
0.49924403
0.4992451
0.49924505
0.4992451
0.49924535
0.499245
0.4992444
0.49924487
0.4992451
0.49924338
0.49924493
0.49924487
0.4992451
0.499245
0.49924523
0.49924535
0.49924517
0.4992451
0.49924558
0.4992453
0.49924523
0.49924505
0.4992453
0.4992451
0.49924523
0.4992451
0.4992451
0.49924475
0.4992451
0.4992454
0.49924487
0.49924523
0.49924517
0.4992451
0.49924523
0.499245
0.49924523
0.49924332
0.49924493
0.4992451
0.499245
0.49924517
0.49924487
0.499245
0.49924523
0.499245
0.4992447
0.499245
0.4992453
0.4992447
0.499245
0.49924475
0.49924445
0.499245
0.49924505
0.49924433
0.49924523
0.49924463
0.49924546
0.49924523
0.4992451
0.49924523
0.49924493
0.49924475
0.4992453
0.499245
0.49924517
0.4992451
0.4992453
0.49924475
0.49924517
0.49924523
0.4992451
0.4992451
0.49924493
0.49924535
0.49924523
0.49924463
0.49924487
0.4992453
0.49924487
0.499245
0.49924487
0.4992451
0.49924523
0.49924475
0.49924505
0.49924523
0.4992451
0.49924535
0.49924523
0.49924535
0.4992447
0.49924493
0.49924523
0.4992451
0.49924493
0.49924546
0.4992451
0.4992451
0.499245
0.49924505
0.4992451
0.49924475
0.49924493
0.49924487
0.499245
0.49924523
0.49924505
0.499245
0.499245
0.49924523
0.49924523
0.49924523
0.49924493
0.49924487
0.49924523
0.49924487
0.49924535
0.49924523
0.499245
0.49924457
0.4992454
0.499245
0.49924475
0.49924475
0.49924523
0.499245
0.4992447
0.499245
0.499245
0.49924523
0.499245
0.4992453
0.49924487
0.4992451
0.499245
0.49924523
0.49924517
0.49924475
0.49924487
0.499246
0.49924523
0.49924475
0.499245
0.4992448
0.49924517
0.49924487
0.49924535
0.4992448
0.49924517
0.4992451
0.49924523
0.49924523
0.4992444
0.49924523
0.49924487
0.49924487
0.4992451
0.49924493
0.49924517
0.4992448
0.49924487
0.4992448
0.49924475
0.4992454
0.49924505
0.49924523
0.49924493
0.49924493
0.4992448
0.49924493
0.4992451
0.499245
0.49924487
0.499245
0.4992451
0.49924517
0.49924475
0.49924523
0.49924523
0.49924487
0.49924487
0.49924445
0.49924535
0.499245
0.4992451
0.49924487
0.4992451
0.49924523
0.4992448
0.49924535
0.49924487
0.49924487
0.49924487
0.499245
0.4992451
0.49924487
0.49924523
0.499245
0.49924463
0.499245
0.49924535
0.49924487
0.49924475
0.49924463
0.49924523
0.499245
0.49924487
0.4992453
0.49924475
0.49924487
0.49924487
0.4992451
0.49924523
0.49924487
0.49924523
0.49924487
0.49924487
0.49924505
0.49924487
0.4992453
0.49924523
0.4992451
0.4992451
0.49924487
0.49924523
0.49924463
0.49924475
0.49924475
0.49924505
0.4992447
0.4992447
0.49924487
0.49924523
0.49924493
0.499245
0.4992451
0.499245
0.49924487
0.49924487
0.499245
0.49924523
0.4992457
0.4992451
0.49924487
0.49924487
0.499245
0.49924523
0.49924523
0.4992451
0.499245
0.4992448
0.4992451
0.4992448
0.4992451
0.49924487
0.49924517
0.499245
0.4992454
0.49924487
0.4992451
0.4992451
0.49924493
0.49924523
0.49924523
0.49924457
0.4992451
0.49924505
0.49924523
0.49924517
0.49924552
0.4992451
0.499245
0.49924493
0.49924344
0.499245
0.49924487
0.4992451
0.49924546
0.49924493
0.49924475
0.49924523
0.49924505
0.49924493
0.49924487
0.4992448
0.499245
0.4992454
0.49924523
0.49924463
0.4992451
0.499245
0.49924475
0.499245
0.49924487
0.49924487
0.4992453
0.49924475
0.49924517
0.49924535
0.49924487
0.4992451
0.49924523
0.4992451
0.49924546
0.4992447
0.4992451
0.49924475
0.49924523
0.49924546
0.4992451
0.49924475
0.499245
0.49924523
0.49924606
0.49924463
0.49924523
0.4992451
0.49924523
0.49924523
0.499245
0.49924505
0.499245
0.49924487
0.4992453
0.4992451
0.4992453
0.49924517
0.49924535
0.499245
0.49924487
0.499245
0.49924523
0.4992451
0.49924475
0.49924487
0.49924523
0.49924463
0.49924505
0.49924535
0.49924487
0.4992451
0.49924475
0.49924457
0.49924368
0.49924505
0.49924517
0.49924475
0.499245
0.4992451
0.4992451
0.49924457
0.4992448
0.4992453
0.499245
0.49924505
0.4992451
0.4992451
0.49924487
0.49924475
0.49924475
0.49924535
0.499245
0.499245
0.49924463
0.49924475
0.49924505
0.499245
0.49924463
0.4992453
0.49924517
0.49924457
0.49924523
0.49924487
0.49924487
0.49924487
0.4992451
0.499245
0.49924535
0.4992451
0.49924475
0.49924505
0.499245
0.49924463
0.49924415
0.4992447
0.49924487
0.4992451
0.4992451
0.49924535
0.499245
0.49924523
0.49924535
0.4992454
0.49924475
0.499245
0.4992451
0.49924535
0.499245
0.499245
0.49924523
0.49924463
0.49924523
0.49924487
0.49924523
0.49924523
0.4992445
0.49924523
0.49924523
0.49924475
0.49924487
0.49924487
0.49924487
0.49924517
0.499245
0.49924487
0.49924517
0.49924487
0.4992453
0.49924517
0.49924487
0.49924535
0.49924523
0.499245
0.49924523
0.49924505
0.499245
0.49924487
0.49924487
0.499245
0.4992451
0.49924523
0.49924523
0.49924463
0.49924487
0.4992448
0.49924505
0.49924487
0.49924535
0.4992453
0.49924463
0.499245
0.4992453
0.49924463
0.4992451
0.499245
0.49924475
0.49924505
0.49924523
0.49924338
0.49924523
0.4992451
0.49924475
0.49924475
0.4992451
0.49924493
0.49924523
0.49924487
0.4992451
0.499245
0.49924475
0.49924487
0.49924535
0.49924493
0.4992451
0.49924523
0.499245
0.4992451
0.49924475
0.4992451
0.4992451
0.49924463
0.4992451
0.4992453
0.49924517
0.4992445
0.49924487
0.49924475
0.49924535
0.49924546
0.49924475
0.49924523
0.49924487
0.49924523
0.49924487
0.49924535
0.4992448
0.49924517
0.49924493
0.4992451
0.49924535
0.49924487
0.499245
0.499245
0.49924523
0.4992451
0.49924487
0.49924475
0.49924523
0.4992448
0.49924523
0.49924523
0.499245
0.49924523
0.4992451
0.49924487
0.49924517
0.4992451
0.49924523
0.4992453
0.49924493
0.49924523
0.4992454
0.49924523
0.49924523
0.49924523
0.4992451
0.49924487
0.49924523
0.49924505
0.49924517
0.49924558
0.49924475
0.49924463
0.49924487
0.499245
0.499245
0.4992448
0.49924487
0.49924493
0.49924487
0.4992451
0.4992448
0.49924493
0.49924523
0.49924523
0.499245
0.49924523
0.49924475
0.49924433
0.49924523
0.49924505
0.49924523
0.49924523
0.49924523
0.49924487
0.4992454
0.49924463
0.499245
0.49924463
0.4992445
0.49924457
0.49924505
0.49924487
0.49924493
0.49924493
0.499245
0.499245
0.49924523
0.49924517
0.4992451
0.49924535
0.49924487
0.49924523
0.49924517
0.49924487
0.49924523
0.4992453
0.499245
0.49924475
0.49924475
0.49924523
0.4992447
0.499245
0.49924493
0.49924475
0.4992454
0.4992444
0.4992451
0.499245
0.49924523
0.49924487
0.49924475
0.4992447
0.499245
0.49924487
0.49924523
0.4992451
0.49924493
0.49924487
0.49924505
0.4992448
0.4992448
0.49924535
0.499245
0.49924546
0.49924487
0.49924463
0.499245
0.49924505
0.49924487
0.4992447
0.4992451
0.4992451
0.49924505
0.49924505
0.49924493
0.49924475
0.49924493
0.49924505
0.499245
0.49924535
0.49924475
0.499245
0.4992454
0.49924487
0.49924457
0.49924505
0.49924487
0.4992447
0.4992454
0.49924487
0.49924475
0.4992451
0.4992451
0.4992451
0.499245
0.49924523
0.4992451
0.49924475
0.49924487
0.4992453
0.49924523
0.49924523
0.49924523
0.49924523
0.49924523
0.49924517
0.499245
0.49924475
0.4992453
0.49924535
0.499245
0.49924475
0.499245
0.4992451
0.4992451
0.49924546
0.4992451
0.499245
0.49924523
0.499245
0.4992451
0.4992451
0.49924475
0.49924505
0.49924493
0.4992451
0.4992448
0.49924493
0.4992445
0.49924487
0.49924517
0.49924517
0.49924487
0.49924535
0.49924487
0.4992451
0.49924517
0.499245
0.49924487
0.49924487
0.4992447
0.49924552
0.499245
0.49924517
0.49924505
0.49924487
0.49924517
0.49924487
0.49924523
0.49924523
0.49924517
0.49924332
0.49924505
0.4992445
0.49924463
0.49924487
0.499245
0.4992451
0.49924475
0.4992448
0.4992445
0.499245
0.49924546
0.49924517
0.49924535
0.49924523
0.49924368
0.4992451
0.4992451
0.4992451
0.49924523
0.49924487
0.4992451
0.499245
0.4992453
0.49924493
0.49924493
0.499245
0.4992451
0.4992453
0.49924535
0.49924523
0.49924523
0.4992451
0.49924487
0.49924487
0.49924457
0.49924487
0.49924517
0.499245
0.499245
0.4992451
0.4992451
0.4992445
0.49924374
0.49924493
0.4992451
0.4992451
0.49924487
0.49924535
0.49924487
0.499245
0.4992451
0.49924493
0.49924535
0.499245
0.49924487
0.49924523
0.49924535
0.49924523
0.4992451
0.4992454
0.49924535
0.4992451
0.49924487
0.49924523
0.49924523
0.49924475
0.49924505
0.49924535
0.49924523
0.499245
0.4992451
0.499245
0.499245
0.49924523
0.49924463
0.49924523
0.4992448
0.4992451
0.4992444
0.49924517
0.499245
0.49924517
0.49924523
0.49924487
0.4992448
0.49924487
0.49924535
0.49924535
0.4992451
0.49924523
0.499245
0.4992451
0.49924475
0.49924523
0.49924403
0.49924493
0.49924475
0.49924493
0.49924552
0.4992454
0.49924517
0.499245
0.49924523
0.499245
0.49924523
0.49924523
0.49924505
0.49924487
0.4992448
0.49924505
0.49924523
0.499245
0.49924475
0.499245
0.49924457
0.4992447
0.4992451
0.4992445
0.49924475
0.49924493
0.4992445
0.49924463
0.4992451
0.4992451
0.49924517
0.4992453
0.49924487
0.49924684
0.4992451
0.49924487
0.49924487
0.4992451
0.499245
0.4992451
0.4992451
0.4992445
0.49924505
0.49924523
0.499245
0.4992451
0.49924523
0.4992451
0.49924535
0.499245
0.499245
0.49924445
0.4992451
0.4992448
0.4992451
0.4992451
0.49924517
0.499245
0.49924463
0.49924493
0.49924517
0.49924523
0.49924523
0.49924523
0.4992451
0.49924523
0.49924463
0.49924517
0.49924457
0.4992451
0.49924546
0.49924505
0.49924487
0.49924445
0.49924493
0.499245
0.49924493
0.49924535
0.49924475
0.49924475
0.49924523
0.49924493
0.4992451
0.49924523
0.49924475
0.4992448
0.4992451
0.49924487
0.499245
0.49924546
0.49924523
0.4992451
0.4992451
0.4992454
0.4992447
0.4992448
0.49924475
0.4992447
0.4992451
0.4992451
0.49924487
0.49924487
0.4992451
0.49924523
0.499245
0.49924517
0.4992451
0.499245
0.499245
0.49924487
0.49924523
0.4992451
0.499245
0.49924517
0.4992444
0.499245
0.49924487
0.4992451
0.4992447
0.49924487
0.49924487
0.4992451
0.49924487
0.49924487
0.49924487
0.499245
0.49924487
0.49924523
0.4992451
0.49924487
0.4992451
0.49924558
0.49924535
0.49924493
0.49924505
0.49924505
0.4992454
0.49924505
0.49924475
0.4992447
0.49924523
0.499245
0.4992451
0.4992448
0.49924505
0.49924463
0.49924487
0.49924546
0.49924427
0.4992448
0.49924517
0.49924475
0.49924535
0.49924487
0.49924475
0.499245
0.49924487
0.499245
0.49924523
0.49924517
0.499245
0.49924487
0.4992448
0.499245
0.49924523
0.49924523
0.499245
0.49924517
0.49924487
0.49924523
0.49924493
0.49924487
0.49924523
0.499245
0.49924523
0.49924487
0.499245
0.4992448
0.49924523
0.4992451
0.499245
0.49924505
0.49924505
0.4992448
0.49924415
0.49924535
0.4992451
0.4992451
0.4992451
0.4992453
0.49924523
0.49924487
0.4992451
0.49924487
0.49924523
0.4992448
0.49924487
0.49924487
0.49924487
0.49924487
0.4992448
0.4992451
0.4992451
0.49924493
0.49924523
0.499245
0.49924523
0.4992453
0.499245
0.49924487
0.49924517
0.49924463
0.499245
0.49924487
0.4992448
0.49924523
0.49924463
0.49924517
0.4992451
0.4992448
0.49924493
0.49924475
0.49924487
0.49924487
0.49924475
0.49924558
0.4992444
0.49924487
0.49924523
0.49924523
0.49924558
0.4992451
0.49924487
0.499245
0.49924397
0.499245
0.49924487
0.4992448
0.4992451
0.499245
0.4992441
0.49924487
0.49924523
0.4992451
0.49924535
0.49924487
0.49924523
0.49924523
0.49924523
0.4992448
0.4992453
0.4992447
0.4992447
0.49924487
0.49924487
0.49924475
0.49924505
0.4992451
0.49924517
0.49924487
0.49924523
0.499245
0.49924523
0.49924517
0.49924475
0.4992453
0.49924505
0.49924493
0.4992451
0.49924463
0.49924493
0.49924523
0.49924535
0.49924564
0.49924427
0.49924475
0.49924523
0.49924493
0.49924493
0.4992451
0.49924475
0.49924505
0.499245
0.49924523
0.49924487
0.49924505
0.4992448
0.49924487
0.49924505
0.49924487
0.499245
0.49924523
0.4992447
0.49924475
0.4992451
0.49924475
0.4992451
0.49924487
0.49924517
0.4992451
0.49924535
0.49924535
0.4992451
0.49924493
0.499245
0.49924535
0.49924475
0.4992424
0.499245
0.4992451
0.4992454
0.49924535
0.4992451
0.49924505
0.49924523
0.49924493
0.49924523
0.49924523
0.49924487
0.4992451
0.49924535
0.499245
0.499245
0.499245
0.4992451
0.4992451
0.49924487
0.499245
0.49924535
0.49924505
0.49924523
0.49924546
0.49924505
0.49924535
0.49924475
0.49924523
0.49924475
0.49924552
0.4992444
0.49924463
0.49924487
0.49924523
0.499245
0.499245
0.49924523
0.499245
0.4992451
0.499245
0.49924487
0.49924487
0.499245
0.49924475
0.499245
0.4992457
0.4992451
0.499245
0.49924523
0.499245
0.499245
0.49924523
0.4992448
0.4992444
0.49924487
0.4992451
0.4992451
0.49924523
0.49924487
0.4992453
0.49924517
0.49924517
0.49924505
0.499245
0.4992451
0.4992451
0.49924523
0.4992451
0.49924493
0.49924523
0.4992453
0.499245
0.49924523
0.4992453
0.49924487
0.49924517
0.49924523
0.49924463
0.49924493
0.49924487
0.49924523
0.49924505
0.49924487
0.49924487
0.499245
0.49924493
0.49924535
0.49924505
0.4992451
0.4992451
0.49924493
0.4992451
0.499245
0.49924505
0.499245
0.4992451
0.49924535
0.49924487
0.499245
0.4992447
0.49924517
0.49924517
0.4992451
0.49924558
0.49924517
0.49924517
0.49924517
0.499245
0.49924487
0.49924517
0.49924487
0.4992453
0.4992469
0.4992451
0.49924535
0.4992451
0.4992448
0.49924523
0.49924493
0.4992438
0.49924582
0.49924558
0.49924487
0.499245
0.4992451
0.4992448
0.4992451
0.4992451
0.4992451
0.49924493
0.49924427
0.49924505
0.4992451
0.4992448
0.49924517
0.49924523
0.4992448
0.49924523
0.49924523
0.4992451
0.499245
0.4992453
0.49924523
0.49924535
0.499245
0.499245
0.49924475
0.49924535
0.49924487
0.49924487
0.49924517
0.49924487
0.49924487
0.49924368
0.49924517
0.4992451
0.499245
0.4992451
0.49924487
0.49924487
0.4992451
0.49924487
0.4992445
0.4992445
0.49924463
0.4992451
0.499245
0.49924535
0.499245
0.4992454
0.499245
0.49924523
0.49924546
0.49924487
0.49924523
0.49924463
0.49924517
0.4992447
0.4992451
0.49924475
0.49924505
0.499245
0.4992451
0.4992451
0.499245
0.49924523
0.49924523
0.49924523
0.4992451
0.49924463
0.499245
0.49924523
0.49924535
0.49924493
0.49924493
0.49924493
0.49924463
0.4992451
0.49924523
0.49924535
0.49924505
0.49924487
0.499245
0.49924493
0.499245
0.49924475
0.49924445
0.49924475
0.4992457
0.4992451
0.49924487
0.49924475
0.499245
0.4992451
0.49924517
0.49924523
0.499245
0.49924487
0.49924487
0.4992448
0.49924487
0.499245
0.4992451
0.49924505
0.49924475
0.49924523
0.499245
0.49924523
0.4992451
0.49924433
0.49924463
0.49924535
0.49924523
0.49924475
0.499245
0.49924487
0.49924505
0.4992453
0.49924505
0.4992451
0.49924487
0.499245
0.49924397
0.49924558
0.49924487
0.49924523
0.49924487
0.4992445
0.49924493
0.4992453
0.49924475
0.4992451
0.4992451
0.4992453
0.49924487
0.4992457
0.49924487
0.49924523
0.499245
0.49924475
0.49924546
0.49924493
0.4992451
0.4992451
0.499245
0.49924457
0.49924475
0.49924523
0.499245
0.4992451
0.4992448
0.49924505
0.499245
0.49924487
0.49924475
0.4992444
0.49924523
0.499245
0.49924523
0.499245
0.4992451
0.49924505
0.49924517
0.4992451
0.499245
0.49924505
0.49924552
0.499245
0.4992454
0.499245
0.49924487
0.4992451
0.49924523
0.49924463
0.4992444
0.49924463
0.49924517
0.4992451
0.49924523
0.49924487
0.4992451
0.49924523
0.49924517
0.49924493
0.499245
0.4992451
0.49924523
0.499245
0.49924523
0.499245
0.4992444
0.49924487
0.4992451
0.499245
0.4992453
0.49924487
0.4992451
0.49924523
0.49924487
0.499245
0.49924523
0.49924535
0.4992453
0.4992451
0.49924493
0.499245
0.49924558
0.4992448
0.49924523
0.4992447
0.49924505
0.49924517
0.49924535
0.49924475
0.49924505
0.49924463
0.49924523
0.499245
0.49924505
0.49924505
0.49924505
0.4992451
0.4992448
0.49924487
0.4992451
0.49924523
0.49924487
0.49924523
0.49924475
0.49924493
0.499245
0.49924487
0.4992451
0.49924487
0.4992451
0.4992451
0.49924505
0.49924523
0.49924546
0.4992451
0.49924487
0.49924487
0.49924487
0.49924463
0.499245
0.4992453
0.49924523
0.49924493
0.49924487
0.4992448
0.49924487
0.49924523
0.4992447
0.4992451
0.499245
0.49924523
0.49924523
0.49924505
0.49924535
0.49924463
0.49924445
0.4992448
0.49924523
0.49924463
0.49924535
0.4992451
0.4992451
0.49924487
0.49924535
0.49924517
0.4992457
0.4992454
0.4992451
0.49924475
0.49924505
0.4992451
0.49924546
0.499245
0.49924523
0.49924523
0.4992451
0.49924535
0.49924493
0.4992451
0.49924487
0.49924523
0.49924493
0.4992453
0.4992457
0.49924487
0.49924505
0.49924517
0.499245
0.4992441
0.4992453
0.499245
0.4992451
0.49924523
0.49924475
0.4992451
0.49924463
0.49924427
0.4992451
0.49924517
0.499245
0.49924517
0.49924535
0.49924487
0.49924523
0.49924523
0.49924523
0.49924523
0.49924487
0.4992448
0.49924493
0.49924517
0.49924505
0.499245
0.4992451
0.49924493
0.4992451
0.49924564
0.49924487
0.4992451
0.49924475
0.4992448
0.4992451
0.49924475
0.49924517
0.4992451
0.49924517
0.49924487
0.49924487
0.49924558
0.49924487
0.499245
0.49924523
0.49924493
0.49924517
0.49924517
0.499245
0.49924475
0.49924517
0.49924487
0.49924487
0.4992454
0.499245
0.4992448
0.49924505
0.49924487
0.4992445
0.49924493
0.49924523
0.49924535
0.4992453
0.49924523
0.49924475
0.499245
0.49924535
0.49924517
0.49924523
0.49924493
0.49924535
0.49924475
0.4992451
0.499245
0.49924517
0.49924523
0.49924457
0.49924523
0.4992451
0.49924463
0.49924535
0.4992451
0.49924493
0.49924487
0.49924523
0.49924517
0.49924523
0.49924523
0.49924523
0.49924505
0.49924523
0.4992451
0.4992451
0.49924487
0.499245
0.49924523
0.49924475
0.49924523
0.4992444
0.4992451
0.4992451
0.49924475
0.49924523
0.49924487
0.49924487
0.49924463
0.4992451
0.499245
0.49924487
0.49924475
0.49924523
0.4992453
0.49924493
0.49924493
0.49924523
0.49924487
0.49924505
0.49924564
0.4992454
0.49924487
0.49924523
0.499245
0.49924523
0.49924505
0.499245
0.4992451
0.49924487
0.49924517
0.49924487
0.499245
0.49924493
0.499245
0.49924427
0.49924475
0.49924517
0.49924535
0.49924475
0.49924523
0.49924523
0.49924487
0.4992454
0.4992451
0.49924523
0.49924546
0.499245
0.49924523
0.49924463
0.4992451
0.4992453
0.49924487
0.49924487
0.49924475
0.49924517
0.4992451
0.49924523
0.49924517
0.49924487
0.49924487
0.499245
0.4992451
0.49924493
0.49924493
0.49924403
0.49924552
0.49924505
0.49924463
0.49924546
0.49924475
0.49924535
0.49924546
0.49924493
0.4992448
0.49924487
0.49924487
0.49924475
0.49924493
0.499245
0.49924523
0.49924493
0.4992451
0.49924517
0.4992451
0.49924523
0.49924523
0.49924487
0.49924487
0.49924487
0.49924523
0.49924678
0.49924517
0.4992448
0.49924457
0.49924493
0.499245
0.4992448
0.49924523
0.499245
0.499245
0.499245
0.49924523
0.4992451
0.49924535
0.49924535
0.49924535
0.49924523
0.49924523
0.49924564
0.49924487
0.49924523
0.4992451
0.49924493
0.49924487
0.49924463
0.49924487
0.49924463
0.499245
0.4992451
0.49924517
0.4992451
0.49924523
0.4992451
0.49924546
0.4992453
0.49924487
0.49924517
0.49924475
0.499245
0.49924487
0.499245
0.49924487
0.49924475
0.49924523
0.49924517
0.49924517
0.49924487
0.49924535
0.499245
0.4992451
0.49924463
0.499245
0.49924505
0.49924505
0.49924463
0.49924523
0.49924517
0.49924487
0.4992447
0.499245
0.49924523
0.49924576
0.49924523
0.49924463
0.49924392
0.4992451
0.49924487
0.49924523
0.49924523
0.4992453
0.4992451
0.4992451
0.49924523
0.49924523
0.49924487
0.49924535
0.49924493
0.49924463
0.4992451
0.49924487
0.49924475
0.49924523
0.49924487
0.4992448
0.49924493
0.49924487
0.4992448
0.499245
0.49924535
0.499245
0.49924487
0.49924523
0.49924487
0.49924523
0.49924523
0.49924517
0.49924487
0.49924517
0.4992451
0.4992451
0.499245
0.49924493
0.49924564
0.49924517
0.49924487
0.499245
0.49924523
0.49924523
0.4992451
0.499245
0.49924475
0.499245
0.49924487
0.49924493
0.49924487
0.49924535
0.4992448
0.49924475
0.49924523
0.4992448
0.4992454
0.49924475
0.49924493
0.499245
0.49924463
0.4992448
0.4992453
0.49924505
0.49924463
0.49924415
0.4992451
0.49924517
0.49924517
0.49924535
0.49924523
0.49924523
0.49924487
0.49924487
0.4992444
0.49924475
0.4992451
0.4992445
0.49924475
0.49924517
0.499245
0.49924523
0.4992451
0.49924505
0.49924493
0.49924487
0.49924475
0.49924505
0.499245
0.49924517
0.49924523
0.49924487
0.4992451
0.49924505
0.4992451
0.49924523
0.49924463
0.49924493
0.49924517
0.49924505
0.499245
0.49924523
0.4992447
0.49924523
0.4992451
0.49924517
0.4992447
0.4992448
0.4992453
0.49924546
0.4992445
0.4992453
0.49924445
0.49924523
0.49924475
0.4992451
0.49924523
0.499245
0.49924505
0.49924517
0.49924535
0.49924505
0.4992453
0.49924523
0.4992453
0.4992444
0.49924487
0.49924523
0.4992451
0.4992451
0.49924523
0.49924463
0.499245
0.499245
0.49924505
0.49924523
0.49924523
0.4992454
0.499245
0.49924505
0.49924475
0.49924463
0.49924493
0.49924487
0.499245
0.49924886
0.49924475
0.4992451
0.49924523
0.49924487
0.49924487
0.49924523
0.499245
0.49924475
0.4992448
0.49924535
0.49924487
0.49924457
0.49924487
0.49924487
0.49924505
0.4992451
0.499245
0.49924517
0.49924523
0.499245
0.499245
0.49924523
0.499245
0.49924517
0.49924463
0.49924523
0.49924493
0.49924517
0.4992451
0.4992451
0.4992451
0.499245
0.49924475
0.49924523
0.49924463
0.4992453
0.49924517
0.49924523
0.49924487
0.499245
0.4992444
0.4992451
0.49924505
0.49924475
0.49924523
0.4992451
0.4992451
0.4992451
0.49924517
0.4992453
0.49924487
0.49924505
0.4992447
0.49924517
0.49924493
0.49924505
0.4992451
0.4992444
0.49924493
0.49924487
0.49924517
0.4992451
0.49924475
0.499245
0.4992453
0.4992451
0.49924493
0.4992435
0.49924523
0.49924535
0.499245
0.49924523
0.4992448
0.49924493
0.49924517
0.49924475
0.499245
0.49924427
0.49924475
0.4992451
0.49924487
0.499245
0.49924487
0.49924475
0.49924505
0.49924523
0.49924475
0.49924493
0.49924523
0.49924517
0.49924493
0.49924523
0.49924505
0.499245
0.499245
0.49924546
0.49924463
0.49924487
0.4992451
0.49924505
0.49924523
0.49924487
0.49924523
0.49924487
0.4992451
0.49924517
0.49924475
0.49924523
0.49924523
0.49924517
0.49924487
0.499245
0.49924517
0.4992451
0.4992451
0.49924463
0.4992453
0.4992447
0.499245
0.49924463
0.4992451
0.49924487
0.49924535
0.49924487
0.4992451
0.49924535
0.4992451
0.49924523
0.49924487
0.4992445
0.499245
0.4992453
0.49924487
0.4992451
0.49924535
0.49924487
0.4992451
0.4992445
0.49924523
0.4992448
0.49924505
0.499245
0.499245
0.49924475
0.4992451
0.49924487
0.49924487
0.4992448
0.49924475
0.49924535
0.499245
0.49924535
0.49924487
0.4992451
0.49924463
0.49924505
0.49924505
0.499245
0.49924487
0.4992451
0.49924475
0.49924457
0.49924523
0.49924517
0.499245
0.49924487
0.49924487
0.499245
0.49924475
0.499245
0.49924517
0.49924523
0.49924523
0.49924493
0.499245
0.499245
0.49924493
0.49924523
0.4992445
0.4992445
0.499245
0.49924487
0.49924523
0.49924505
0.49924505
0.499245
0.4992448
0.49924523
0.49924475
0.49924517
0.4992444
0.49924463
0.499245
0.49924523
0.49924487
0.4992451
0.49924493
0.49924493
0.49924475
0.499245
0.4992453
0.49924487
0.49924487
0.49924493
0.4992447
0.49924535
0.49924445
0.4992453
0.49924493
0.49924403
0.49924487
0.49924475
0.4992451
0.4992451
0.4992451
0.4992444
0.4992451
0.4992453
0.4992451
0.4992451
0.4992447
0.49924523
0.49924523
0.4992445
0.49924487
0.49924445
0.499245
0.49924505
0.49924517
0.49924523
0.49924546
0.4992451
0.49924487
0.49924535
0.499245
0.49924523
0.49924493
0.4992431
0.49924588
0.4992451
0.4992451
0.49924493
0.4992451
0.499245
0.4992424
0.49924523
0.499245
0.49924493
0.49924487
0.4992451
0.4992451
0.499245
0.499245
0.4992451
0.499245
0.49924517
0.4992444
0.4992451
0.4992451
0.49924475
0.49924523
0.49924475
0.49924517
0.499245
0.49924523
0.49924493
0.499245
0.49924523
0.49924552
0.49924475
0.49924523
0.4992453
0.499245
0.499245
0.4992451
0.49924463
0.4992451
0.49924487
0.4992448
0.499245
0.49924487
0.49924493
0.49924505
0.499245
0.4992445
0.49924487
0.4992447
0.49924517
0.49924517
0.4992451
0.4992444
0.499245
0.499245
0.49924523
0.49924523
0.499245
0.49924517
0.49924535
0.4992451
0.49924535
0.49924493
0.49924517
0.49924493
0.4992463
0.499245
0.49924463
0.49924523
0.49924487
0.4992453
0.49924517
0.49924523
0.4992454
0.499245
0.49924535
0.49924523
0.49924463
0.499245
0.49924493
0.4992448
0.4992453
0.4992451
0.49924517
0.49924523
0.49924475
0.49924535
0.49924493
0.4992451
0.499245
0.499245
0.49924487
0.49924505
0.49924517
0.49924463
0.49924487
0.49924487
0.49924606
0.49924445
0.49924463
0.4992448
0.49924487
0.49924517
0.49924487
0.4992451
0.49924558
0.49924475
0.4992451
0.49924535
0.49924523
0.49924475
0.49924475
0.49924457
0.49924493
0.4992451
0.4992451
0.4992453
0.49924523
0.49924487
0.49924523
0.49924463
0.49924493
0.49924505
0.49924535
0.49924535
0.49924523
0.49924487
0.4992451
0.49924523
0.49924523
0.4992451
0.4992451
0.49924505
0.49924523
0.49924463
0.4992451
0.499245
0.4992451
0.49924523
0.499245
0.4992451
0.49924487
0.499245
0.4992451
0.49924487
0.4992451
0.499245
0.499245
0.49924463
0.49924517
0.499245
0.49924493
0.499245
0.49924546
0.499245
0.49924523
0.499245
0.4992448
0.49924535
0.49924475
0.4992451
0.49924523
0.49924576
0.499245
0.49924493
0.4992448
0.499245
0.499245
0.49924487
0.49924505
0.49924463
0.49924535
0.499245
0.49924523
0.49924493
0.4992457
0.4992453
0.49924487
0.49924487
0.49924475
0.49924505
0.49924523
0.499245
0.49924475
0.4992451
0.49924493
0.499245
0.49924487
0.49924535
0.49924487
0.499245
0.4992451
0.4992451
0.49924517
0.49924493
0.49924523
0.49924475
0.49924523
0.4992451
0.49924523
0.4992451
0.49924535
0.49924475
0.49924523
0.49924487
0.4992451
0.49924505
0.499245
0.4992451
0.4992451
0.49924523
0.49924546
0.49924487
0.49924535
0.49924517
0.4992451
0.4992451
0.49924493
0.499243
0.49924487
0.49924523
0.49924517
0.49924535
0.49924523
0.49924487
0.49924487
0.49924505
0.4992451
0.49924517
0.4992447
0.49924487
0.49924505
0.49924487
0.49924517
0.49924463
0.4992445
0.49924487
0.49924535
0.49924463
0.49924535
0.4992453
0.49924535
0.49924564
0.4992451
0.49924487
0.49924523
0.49924517
0.499245
0.49924523
0.49924523
0.49924487
0.49924523
0.49924523
0.49924517
0.499245
0.49924475
0.49924475
0.49924475
0.49924487
0.49924517
0.49924475
0.49924487
0.49924475
0.49924517
0.49924392
0.4992454
0.49924487
0.49924517
0.49924487
0.49924505
0.49924427
0.49924493
0.4992451
0.49924523
0.49924487
0.49924415
0.4992451
0.4992451
0.499245
0.49924487
0.4992451
0.49924505
0.4992451
0.4992445
0.4992451
0.4992451
0.4992451
0.49924535
0.49924487
0.49924523
0.49924493
0.499245
0.49924493
0.49924487
0.49924558
0.49924517
0.49924475
0.49924535
0.4992451
0.49924517
0.49924487
0.49924517
0.4992445
0.49924505
0.49924475
0.49924397
0.49924517
0.49924392
0.4992453
0.49924493
0.49924487
0.49924487
0.4992457
0.49924517
0.49924487
0.49924523
0.49924463
0.49924546
0.49924523
0.4992451
0.4992451
0.49924546
0.4992451
0.499245
0.49924493
0.4992448
0.49924535
0.49924487
0.49924523
0.49924487
0.49924487
0.49924517
0.4992451
0.4992451
0.4992447
0.49924523
0.49924475
0.49924505
0.49924523
0.499245
0.499245
0.49924523
0.49924368
0.49924523
0.49924523
0.4992451
0.49924427
0.49924505
0.49924517
0.4992451
0.49924487
0.49924487
0.49924463
0.4992448
0.49924493
0.49924505
0.49924523
0.4992451
0.49924487
0.49924487
0.49924517
0.49924523
0.4992453
0.499245
0.49924505
0.499245
0.49924523
0.499245
0.49924523
0.4992448
0.499245
0.49924505
0.49924475
0.49924487
0.49924517
0.49924546
0.49924487
0.49924523
0.49924523
0.499245
0.49924487
0.499245
0.49924505
0.49924505
0.49924523
0.49924463
0.4992453
0.49924487
0.49924487
0.49924493
0.4992448
0.49924523
0.49924487
0.4992451
0.49924463
0.4992451
0.499245
0.499245
0.4992453
0.49924523
0.49924487
0.4992451
0.4992453
0.49924487
0.499245
0.49924457
0.49924487
0.49924535
0.4992451
0.49924463
0.499245
0.49924505
0.49924493
0.49924523
0.4992448
0.499245
0.49924493
0.4992451
0.49924523
0.4992444
0.499245
0.4992451
0.49924505
0.49924475
0.49924493
0.49924517
0.49924523
0.4992451
0.49924487
0.49924517
0.4992457
0.499245
0.4992451
0.499245
0.499245
0.4992451
0.49924487
0.49924523
0.4992447
0.4992448
0.499245
0.4992445
0.49924487
0.49924523
0.49924535
0.49924517
0.499245
0.49924487
0.49924582
0.4992451
0.4992444
0.4992448
0.4992451
0.49924523
0.49924535
0.49924523
0.49924523
0.49924487
0.49924487
0.4992453
0.49924523
0.49924487
0.4992453
0.49924517
0.4992447
0.4992453
0.4992454
0.49924463
0.499245
0.4992453
0.4992451
0.49924505
0.49924475
0.49924505
0.4992447
0.49924487
0.49924505
0.49924505
0.499245
0.49924523
0.4992445
0.499245
0.4992453
0.499245
0.49924523
0.49924487
0.49924433
0.49924475
0.49924475
0.49924475
0.49924493
0.499245
0.49924487
0.49924523
0.49924463
0.4992457
0.49924523
0.49924493
0.49924487
0.49924535
0.499245
0.49924487
0.4992453
0.49924606
0.499245
0.4992451
0.499245
0.4992447
0.49924487
0.499245
0.4992451
0.49924517
0.49924487
0.49924535
0.49924487
0.49924505
0.49924517
0.499245
0.4992451
0.49924523
0.49924594
0.49924463
0.4992453
0.4992451
0.49924487
0.499245
0.49924475
0.4992451
0.49924487
0.49924493
0.49924487
0.49924475
0.49924427
0.49924564
0.4992451
0.49924505
0.49924523
0.49924487
0.49924576
0.49924517
0.49924487
0.499245
0.49924523
0.49924487
0.499245
0.49924546
0.49924535
0.49924535
0.4992451
0.49924523
0.49924463
0.49924505
0.49924493
0.49924535
0.49924535
0.4992444
0.49924523
0.49924487
0.499245
0.49924457
0.4992451
0.49924487
0.499245
0.499245
0.499245
0.4992451
0.49924487
0.49924475
0.49924493
0.4992451
0.49924517
0.499245
0.499245
0.49924493
0.4992447
0.499245
0.49924523
0.499245
0.49924505
0.49924523
0.49924517
0.4992448
0.49924475
0.49924487
0.4992444
0.4992451
0.49924487
0.49924487
0.49924517
0.499245
0.49924546
0.49924517
0.49924582
0.4992451
0.4992451
0.4992451
0.49924505
0.4992451
0.49924558
0.4992448
0.4992451
0.49924463
0.499245
0.49924582
0.49924523
0.4992453
0.49924475
0.49924523
0.49924505
0.4992451
0.49924523
0.49924463
0.499245
0.49924517
0.49924517
0.4992447
0.4992451
0.49924493
0.49924493
0.49924558
0.49924523
0.49924463
0.49924487
0.49924523
0.4992448
0.4992451
0.49924505
0.4992451
0.4992451
0.49924505
0.49924535
0.4992451
0.4992447
0.49924487
0.49924564
0.499245
0.49924475
0.49924487
0.49924535
0.4992451
0.499245
0.49924505
0.49924517
0.4992451
0.49924487
0.49924535
0.49924457
0.49924505
0.49924564
0.4992451
0.49924523
0.49924487
0.49924523
0.4992451
0.49924535
0.49924523
0.49924463
0.49924487
0.49924493
0.49924493
0.49924523
0.49924487
0.49924493
0.49924487
0.49924546
0.4992451
0.49924523
0.49924505
0.49924523
0.4992451
0.49924505
0.499245
0.4992451
0.4992451
0.49924463
0.499245
0.49924535
0.49924463
0.4992447
0.4992451
0.49924475
0.4992451
0.49924535
0.4992453
0.49924523
0.49924493
0.4992451
0.49924523
0.4992453
0.4992453
0.49924523
0.4992448
0.49924493
0.49924463
0.4992447
0.4992451
0.49924487
0.49924523
0.49924523
0.499245
0.49924445
0.4992451
0.499245
0.499245
0.4992451
0.49924505
0.4992451
0.49924517
0.49924445
0.49924535
0.49924487
0.49924523
0.49924415
0.49924523
0.49924487
0.499245
0.49924463
0.499245
0.49924517
0.49924487
0.499245
0.49924475
0.49924487
0.4992451
0.4992454
0.499245
0.499245
0.49924475
0.4992445
0.49924463
0.4992451
0.499245
0.49924523
0.49924505
0.499245
0.49924463
0.49924523
0.49924415
0.49924487
0.4992451
0.49924493
0.49924487
0.49924463
0.4992451
0.4992451
0.49924535
0.499245
0.4992445
0.499245
0.499245
0.49924517
0.4992451
0.49924523
0.499245
0.49924558
0.49924523
0.49924487
0.49924487
0.499245
0.4992448
0.4992448
0.49924493
0.4992451
0.4992451
0.49924517
0.49924523
0.49924535
0.499245
0.499245
0.49924475
0.4992451
0.4992453
0.49924487
0.499245
0.49924517
0.49924493
0.49924493
0.4992448
0.49924523
0.4992451
0.49924523
0.4992451
0.49924523
0.4992447
0.49924523
0.4992454
0.4992451
0.499245
0.49924463
0.4992454
0.49924475
0.49924487
0.499245
0.49924493
0.4992451
0.4992451
0.4992451
0.4992451
0.49924517
0.499245
0.4992448
0.49924487
0.4992451
0.49924535
0.49924493
0.4992445
0.499245
0.49924535
0.49924415
0.49924493
0.49924523
0.499245
0.49924523
0.4992451
0.49924523
0.499245
0.4992451
0.4992447
0.49924505
0.4992451
0.4992451
0.49924475
0.49924535
0.49924505
0.49924523
0.49924463
0.49924487
0.4992451
0.49924493
0.499245
0.4992451
0.49924505
0.49924523
0.49924493
0.49924487
0.4992451
0.4992451
0.49924487
0.4992447
0.49924475
0.49924546
0.499245
0.49924493
0.4992451
0.4992451
0.49924487
0.49924463
0.49924505
0.49924523
0.4992451
0.49924523
0.49924475
0.4992451
0.49924517
0.49924475
0.49924487
0.4992451
0.49924487
0.4992451
0.49924552
0.49924493
0.49924505
0.4992448
0.4992451
0.49924487
0.499245
0.4992451
0.49924523
0.49924487
0.49924517
0.499245
0.49924475
0.4992451
0.49924475
0.49924535
0.499245
0.4992453
0.49924493
0.49924523
0.49924535
0.49924523
0.499245
0.49924523
0.49924523
0.4992451
0.499245
0.4992451
0.4992451
0.49924487
0.499245
0.49924523
0.499245
0.49924475
0.49924487
0.49924517
0.49924493
0.49924546
0.4992447
0.4992451
0.49924558
0.49924523
0.4992418
0.4992444
0.49924463
0.49924475
0.4992451
0.4992451
0.49924523
0.49924475
0.49924535
0.49924493
0.49924523
0.49924523
0.4992451
0.49924493
0.49924487
0.49924517
0.4992445
0.49924493
0.499245
0.49924493
0.49924487
0.499245
0.49924517
0.49924493
0.49924493
0.49924517
0.49924505
0.49924493
0.499245
0.4992451
0.49924493
0.499245
0.49924487
0.4992451
0.49924517
0.49924493
0.4992453
0.49924546
0.49924463
0.4992451
0.4992445
0.49924493
0.499245
0.4992451
0.49924463
0.49924487
0.49924493
0.4992451
0.49924475
0.49924517
0.49924487
0.499245
0.49924505
0.49924505
0.49924487
0.49924487
0.49924523
0.49924523
0.4992448
0.49924487
0.49924505
0.4992451
0.4992453
0.49924487
0.49924588
0.499245
0.4992451
0.49924493
0.49924475
0.49924487
0.4992448
0.49924487
0.4992451
0.49924475
0.499245
0.49924523
0.49924535
0.49924493
0.49924535
0.4992451
0.49924523
0.4992451
0.49924475
0.4992444
0.499245
0.49924523
0.49924487
0.49924415
0.499245
0.499245
0.499245
0.49924487
0.49924493
0.49924475
0.49924493
0.49924475
0.499245
0.4992451
0.499245
0.49924505
0.49924523
0.49924517
0.49924505
0.49924487
0.49924523
0.49924475
0.49924493
0.4992451
0.49924493
0.49924523
0.4992451
0.49924546
0.49924505
0.4992448
0.49924517
0.4992451
0.4992451
0.4992451
0.49924517
0.4992451
0.499245
0.4992451
0.49924523
0.49924523
0.49924487
0.49924558
0.4992451
0.49924535
0.4992453
0.49924523
0.4992451
0.49924463
0.4992448
0.4992448
0.499245
0.49924523
0.49924475
0.49924487
0.499245
0.49924517
0.4992451
0.4992451
0.4992451
0.49924505
0.499245
0.49924487
0.49924487
0.49924523
0.4992451
0.49924487
0.4992451
0.49924287
0.49924523
0.4992451
0.4992447
0.4992453
0.4992451
0.49924523
0.49924564
0.49924558
0.49924487
0.49924546
0.4992451
0.49924463
0.4992445
0.49924475
0.499245
0.49924493
0.49924493
0.49924505
0.4992448
0.49924523
0.49924487
0.49924523
0.49924487
0.4992451
0.49924356
0.49924493
0.49924463
0.4992451
0.49924487
0.49924475
0.49924523
0.49924487
0.4992447
0.49924487
0.49924475
0.499245
0.49924523
0.49924517
0.499245
0.4992451
0.49924523
0.4992451
0.4992451
0.49924535
0.499245
0.4992453
0.499245
0.499245
0.4992451
0.49924487
0.499245
0.49924475
0.499245
0.49924487
0.4992451
0.4992451
0.4992451
0.4992451
0.49924523
0.49924493
0.499245
0.49924487
0.49924487
0.49924457
0.49924535
0.4992451
0.49924517
0.499245
0.49924517
0.49924517
0.499245
0.49924505
0.49924523
0.49924463
0.499245
0.49924523
0.49924475
0.499245
0.4992451
0.49924397
0.49924475
0.4992448
0.49924493
0.49924517
0.4992451
0.49924505
0.49924487
0.499245
0.49924505
0.49924523
0.499245
0.49924487
0.49924523
0.49924523
0.49924505
0.49924487
0.49924588
0.49924517
0.4992453
0.49924487
0.49924487
0.49924546
0.49924552
0.49924487
0.49924475
0.49924517
0.4992451
0.4992457
0.49924535
0.49924475
0.49924523
0.49924487
0.49924475
0.49924523
0.4992451
0.49924475
0.4992451
0.4992451
0.49924523
0.49924463
0.49924463
0.4992451
0.49924493
0.49924487
0.49924523
0.4992451
0.49924487
0.49924523
0.49924505
0.4992451
0.49924487
0.4992451
0.4992451
0.4992451
0.49924564
0.49924523
0.4992451
0.49924463
0.49924523
0.49924523
0.49924517
0.49924523
0.4992451
0.4992453
0.4992447
0.4992448
0.49924606
0.49924415
0.49924487
0.49924517
0.49924523
0.4992451
0.499245
0.49924558
0.49924523
0.49924505
0.4992453
0.49924487
0.49924487
0.49924523
0.4992451
0.499245
0.4992451
0.4992451
0.49924463
0.4992451
0.4992448
0.49924475
0.4992442
0.499245
0.49924487
0.499245
0.49924487
0.49924523
0.49924523
0.49924505
0.499245
0.49924523
0.49924523
0.49924487
0.49924523
0.499245
0.49924487
0.49924535
0.49924523
0.499245
0.49924445
0.49924523
0.49924475
0.49924523
0.49924487
0.499245
0.49924535
0.49924475
0.49924487
0.49924487
0.499245
0.49924493
0.49924523
0.4992451
0.49924487
0.49924475
0.4992451
0.4992451
0.49924523
0.49924487
0.49924457
0.499245
0.4992448
0.49924487
0.49924457
0.49924433
0.4992445
0.49924523
0.49924576
0.4992445
0.49924523
0.49924475
0.49924487
0.49924493
0.49924487
0.4992451
0.4992451
0.4992451
0.49924517
0.49924487
0.49924505
0.499245
0.499245
0.499245
0.49924487
0.49924517
0.49924475
0.4992451
0.499245
0.49924493
0.49924487
0.49924487
0.49924493
0.49924523
0.499245
0.499245
0.49924475
0.49924487
0.49924487
0.499245
0.49924487
0.4992453
0.49924505
0.49924487
0.49924505
0.49924487
0.499245
0.499245
0.4992451
0.49924463
0.49924487
0.4992451
0.49924505
0.49924505
0.4992451
0.49924505
0.49924216
0.49924535
0.499245
0.4992451
0.4992451
0.49924535
0.4992451
0.49924523
0.4992447
0.4992451
0.49924523
0.499245
0.49924487
0.499245
0.4992451
0.49924487
0.49924517
0.49924487
0.4992451
0.49924493
0.49924552
0.4992451
0.4992451
0.4992451
0.4992451
0.499245
0.49924493
0.49924523
0.499245
0.49924523
0.4992451
0.49924535
0.49924523
0.4992453
0.49924523
0.49924475
0.49924493
0.49924523
0.49924523
0.4992448
0.49924487
0.499245
0.4992447
0.4992445
0.49924535
0.49924523
0.49924517
0.499245
0.49924523
0.4992451
0.4992451
0.49924523
0.499245
0.4992451
0.49924523
0.4992453
0.49924487
0.4992451
0.49924493
0.4992451
0.499245
0.4992451
0.49924546
0.49924517
0.49924523
0.49924505
0.4992451
0.49924523
0.4992451
0.4992451
0.49924535
0.4992448
0.49924523
0.49924487
0.49924517
0.49924493
0.499245
0.499245
0.4992454
0.49924487
0.49924552
0.499245
0.499245
0.4992451
0.49924487
0.4992453
0.4992451
0.4992451
0.49924487
0.49924487
0.49924523
0.49924487
0.49924523
0.49924487
0.49924463
0.49924535
0.49924487
0.49924505
0.49924463
0.49924475
0.49924523
0.49924493
0.4992451
0.49924535
0.4992451
0.499245
0.499245
0.49924457
0.49924523
0.49924487
0.4992451
0.49924523
0.49924523
0.49924427
0.49924475
0.49924505
0.49924523
0.499245
0.49924463
0.49924523
0.49924594
0.49924523
0.49924493
0.499245
0.49924487
0.49924523
0.49924487
0.4992448
0.49924427
0.49924523
0.49924535
0.49924517
0.49924517
0.49924463
0.49924546
0.49924487
0.49924475
0.49924505
0.499245
0.49924475
0.49924487
0.4992451
0.499245
0.4992453
0.49924523
0.49924505
0.4992448
0.4992451
0.49924457
0.49924517
0.4992445
0.499246
0.49924523
0.49924523
0.49924487
0.49924356
0.49924487
0.49924517
0.49924493
0.4992451
0.49924487
0.49924463
0.49924523
0.499245
0.49924475
0.49924487
0.49924523
0.4992451
0.4992451
0.49924523
0.4992451
0.4992451
0.49924523
0.4992447
0.4992453
0.4992448
0.49924505
0.4992451
0.4992453
0.49924523
0.4992451
0.49924535
0.49924505
0.49924505
0.4992453
0.499245
0.49924493
0.49924475
0.49924505
0.499245
0.49924505
0.4992451
0.49924535
0.49924487
0.49924535
0.49924523
0.49924493
0.4992451
0.49924487
0.49924523
0.4992451
0.49924582
0.49924487
0.49924523
0.49924493
0.49924517
0.49924517
0.4992447
0.4992453
0.49924535
0.49924487
0.4992448
0.4992448
0.49924517
0.49924445
0.49924475
0.49924523
0.49924475
0.49924475
0.49924487
0.4992448
0.49924546
0.49924535
0.49924493
0.49924523
0.499245
0.49924505
0.4992447
0.49924487
0.499245
0.49924487
0.49924475
0.49924475
0.49924523
0.49924523
0.4992448
0.499245
0.499245
0.49924523
0.49924493
0.49924523
0.4992453
0.499245
0.49924523
0.4992451
0.499245
0.499245
0.499245
0.49924487
0.4992454
0.49924475
0.4992445
0.49924523
0.499245
0.49924463
0.49924493
0.49924535
0.499245
0.49924523
0.49924475
0.49924505
0.49924493
0.4992453
0.49924523
0.49924523
0.4992451
0.49924523
0.49924487
0.49924487
0.49924523
0.4992445
0.4992451
0.4992451
0.49924505
0.4992448
0.4992453
0.49924475
0.499245
0.49924546
0.49924487
0.499245
0.49924505
0.4992445
0.49924523
0.499245
0.4992451
0.499245
0.49924415
0.49924487
0.49924487
0.4992451
0.499245
0.49924523
0.4992451
0.4992447
0.49924463
0.49924517
0.4992448
0.49924475
0.499245
0.49924517
0.4992451
0.49924487
0.49924517
0.499245
0.4992451
0.49924487
0.4992451
0.4992453
0.49924475
0.49924517
0.49924505
0.499245
0.49924493
0.49924415
0.499245
0.49924487
0.49924487
0.49924505
0.4992448
0.49924487
0.49924493
0.49924523
0.499245
0.49924523
0.4992445
0.4992451
0.49924445
0.49924523
0.49924535
0.4992444
0.4992451
0.499245
0.49924475
0.4992451
0.499245
0.4992447
0.49924487
0.4992448
0.49924386
0.49924475
0.499245
0.4992448
0.499245
0.49924505
0.49924487
0.4992451
0.499245
0.499245
0.49924475
0.49924546
0.49924326
0.4992451
0.49924487
0.49924505
0.499245
0.49924433
0.499245
0.49924487
0.499245
0.499245
0.4992451
0.49924487
0.4992451
0.4992451
0.4992448
0.4992451
0.49924475
0.49924487
0.49924523
0.49924475
0.4992451
0.499245
0.49924505
0.499245
0.4992451
0.499245
0.49924523
0.49924523
0.49924523
0.49924427
0.49924487
0.49924505
0.49924475
0.49924523
0.49924523
0.49924523
0.49924535
0.499245
0.4992451
0.49924493
0.49924523
0.499245
0.499245
0.49924523
0.4992451
0.49924493
0.4992447
0.4992451
0.49924487
0.49924487
0.4992451
0.499245
0.4992448
0.49924487
0.4992445
0.4992448
0.4992451
0.49924505
0.499245
0.49924517
0.49924493
0.49924475
0.499245
0.49924523
0.4992451
0.49924368
0.49924487
0.499245
0.49924535
0.499245
0.4992451
0.4992451
0.49924523
0.4992448
0.49924397
0.4992442
0.49924487
0.49924487
0.4992453
0.4992448
0.499245
0.49924523
0.49924523
0.4992451
0.49924523
0.4992451
0.49924523
0.4992451
0.4992447
0.4992451
0.49924487
0.49924475
0.49924594
0.49924487
0.49924475
0.4992453
0.499245
0.4992451
0.4992451
0.49924523
0.49924487
0.4992451
0.4992447
0.49924523
0.49924487
0.499245
0.49924523
0.4992451
0.49924487
0.4992448
0.4992451
0.49924546
0.499245
0.4992454
0.49924493
0.4992451
0.49924487
0.4992451
0.499245
0.499245
0.49924523
0.49924517
0.49924493
0.499245
0.4992451
0.499245
0.49924535
0.49924523
0.4992451
0.49924517
0.49924505
0.49924523
0.49924487
0.4992448
0.49924517
0.49924493
0.4992453
0.49924457
0.499245
0.499245
0.49924517
0.499245
0.49924505
0.4992447
0.499245
0.49924487
0.49924475
0.49924487
0.499245
0.499245
0.49924457
0.4992445
0.49924523
0.49924487
0.49924493
0.4992451
0.4992451
0.49924463
0.49924487
0.49924517
0.499245
0.49924517
0.499245
0.49924535
0.4992451
0.49924517
0.4992451
0.49924463
0.49924535
0.49924517
0.499245
0.49924517
0.499245
0.49924505
0.4992447
0.49924523
0.49924475
0.49924535
0.499245
0.499245
0.49924552
0.49924517
0.49924505
0.4992451
0.499245
0.4992451
0.49924487
0.49924535
0.4992451
0.499245
0.49924523
0.4992454
0.49924487
0.499245
0.49924535
0.4992447
0.4992451
0.49924517
0.4992448
0.4992453
0.49924505
0.4992451
0.4992451
0.49924487
0.49924558
0.4992451
0.49924427
0.499245
0.4992454
0.49924535
0.4992451
0.49924457
0.49924535
0.4992448
0.49924487
0.49924493
0.4992451
0.4992451
0.49924487
0.49924475
0.4992451
0.49924606
0.49924487
0.49924523
0.4992451
0.4992447
0.49924535
0.4992454
0.499245
0.49924415
0.4992451
0.49924475
0.49924493
0.4992451
0.49924517
0.4992453
0.49924517
0.49924475
0.49924523
0.4992447
0.4992451
0.499245
0.49924475
0.49924487
0.49924535
0.4992448
0.49924523
0.49924523
0.4992451
0.4992451
0.499245
0.49924523
0.4992451
0.4992451
0.499245
0.499245
0.499245
0.49924523
0.4992451
0.49924493
0.4992448
0.4992451
0.4992451
0.49924517
0.49924487
0.49924523
0.4992451
0.49924523
0.4992451
0.49924487
0.49924523
0.49924546
0.4992457
0.499245
0.49924397
0.4992444
0.49924475
0.4992451
0.49924523
0.4992451
0.49924517
0.4992451
0.49924535
0.49924493
0.4992447
0.49924505
0.49924535
0.49924523
0.49924487
0.49924487
0.499245
0.4992451
0.49924493
0.49924505
0.4992451
0.4992451
0.49924493
0.49924487
0.4992445
0.4992448
0.49924493
0.49924487
0.49924397
0.4992448
0.49924487
0.499245
0.49924487
0.49924517
0.49924487
0.4992451
0.499245
0.499245
0.499245
0.49924517
0.49924487
0.499245
0.499245
0.49924505
0.49924487
0.4992441
0.49924517
0.499245
0.49924332
0.49924517
0.49924463
0.49924493
0.49924523
0.499245
0.49924523
0.49924523
0.4992451
0.49924475
0.4992453
0.49924517
0.49924505
0.499245
0.49924523
0.499245
0.49924475
0.49924475
0.499245
0.49924517
0.49924493
0.49924487
0.4992451
0.49924487
0.499245
0.49924523
0.4992445
0.49924535
0.49924523
0.4992453
0.49924535
0.49924505
0.4992451
0.4992442
0.4992451
0.49924463
0.49924493
0.4992451
0.4992451
0.49924475
0.49924558
0.49924487
0.4992457
0.4992447
0.49924475
0.4992451
0.49924523
0.49924535
0.4992451
0.499245
0.49924523
0.4992453
0.49924517
0.4992447
0.49924487
0.4992445
0.49924397
0.49924463
0.4992451
0.49924457
0.49924535
0.4992451
0.4992453
0.49924535
0.499245
0.49924517
0.49924558
0.4992451
0.4992454
0.49924517
0.49924505
0.4992448
0.4992445
0.49924493
0.49924517
0.4992451
0.49924475
0.49924487
0.49924523
0.49924463
0.49924535
0.49924523
0.4992451
0.49924523
0.49924487
0.4992425
0.499245
0.4992451
0.49924523
0.4992445
0.49924517
0.49924517
0.499245
0.49924523
0.4992451
0.49924523
0.4992451
0.4992442
0.499245
0.4992451
0.49924463
0.499245
0.499245
0.49924487
0.4992448
0.4992451
0.49924493
0.49924487
0.49924493
0.49924463
0.4992451
0.49924463
0.4992445
0.49924523
0.49924523
0.4992451
0.4992451
0.49924487
0.49924463
0.49924463
0.4992453
0.49924463
0.49924523
0.49924487
0.499245
0.49924487
0.49924463
0.4992451
0.499245
0.49924523
0.49924493
0.49924475
0.49924445
0.49924487
0.49924463
0.4992451
0.49924487
0.49924487
0.49924427
0.49924523
0.4992451
0.49924487
0.49924427
0.49924487
0.4992451
0.49924475
0.4992451
0.4992451
0.4992451
0.4992451
0.499245
0.49924535
0.49924487
0.49924517
0.499245
0.4992453
0.49924517
0.49924505
0.49924487
0.49924517
0.49924505
0.49924517
0.49924523
0.49924487
0.49924493
0.49924487
0.49924546
0.49924535
0.499245
0.499245
0.49924475
0.4992451
0.499245
0.49924487
0.49924535
0.49924475
0.49924523
0.4992445
0.49924457
0.4992451
0.49924523
0.49924475
0.49924517
0.499245
0.49924475
0.499245
0.49924493
0.49924552
0.499245
0.4992445
0.4992445
0.499245
0.49924487
0.49924487
0.49924505
0.49924487
0.4992442
0.499245
0.49924505
0.499245
0.4992453
0.49924517
0.49924487
0.4992451
0.49924517
0.49924505
0.49924487
0.4992445
0.49924475
0.4992451
0.49924487
0.4992453
0.49924475
0.49924493
0.49924517
0.49924493
0.499245
0.4992451
0.4992451
0.499245
0.4992448
0.49924487
0.49924546
0.49924523
0.49924523
0.49924475
0.4992451
0.49924487
0.49924546
0.49924487
0.49924493
0.49924487
0.49924552
0.49924505
0.4992451
0.49924493
0.4992454
0.4992448
0.4992451
0.49924517
0.49924475
0.499245
0.49924505
0.4992451
0.49924535
0.49924523
0.49924132
0.4992448
0.4992454
0.4992451
0.49924523
0.499245
0.49924487
0.49924517
0.49924517
0.49924535
0.49924517
0.49924475
0.49924493
0.49924505
0.499245
0.4992451
0.499245
0.49924457
0.4992451
0.49924493
0.49924403
0.49924535
0.49924475
0.49924505
0.49924535
0.4992448
0.49924475
0.4992445
0.4992451
0.49924505
0.49924517
0.49924505
0.49924487
0.4992451
0.499245
0.499245
0.499245
0.49924427
0.499245
0.49924517
0.499245
0.4992451
0.49924493
0.49924523
0.49924523
0.49924523
0.4992451
0.49924535
0.49924517
0.4992453
0.4992448
0.49924523
0.499245
0.499245
0.4992451
0.4992451
0.4992445
0.4992454
0.49924517
0.499245
0.49924493
0.49924505
0.4992445
0.49924546
0.49924475
0.49924505
0.49924523
0.49924523
0.49924487
0.499245
0.499245
0.49924487
0.49924535
0.49924487
0.4992451
0.49924487
0.49924523
0.49924463
0.499245
0.49924523
0.49924445
0.49924535
0.49924487
0.4992447
0.4992445
0.49924487
0.4992454
0.49924475
0.49924487
0.4992451
0.49924487
0.49924523
0.49924523
0.49924505
0.499245
0.49924487
0.49924535
0.49924487
0.49924475
0.49924505
0.49924493
0.49924487
0.49924487
0.49924523
0.499245
0.49924505
0.499245
0.49924475
0.49924517
0.49924463
0.4992451
0.49924523
0.4992447
0.499245
0.49924535
0.49924523
0.499245
0.49924523
0.4992448
0.49924487
0.499245
0.499245
0.49924487
0.49924535
0.49924517
0.49924517
0.49924535
0.49924535
0.4992448
0.49924487
0.49924475
0.49924475
0.49924523
0.4992448
0.49924546
0.4992451
0.49924535
0.499245
0.49924463
0.499245
0.49924523
0.49924535
0.49924463
0.49924517
0.49924523
0.49924487
0.499245
0.49924535
0.49924535
0.49924475
0.4992451
0.49924475
0.49924505
0.49924487
0.499245
0.49924535
0.4992451
0.499245
0.49924475
0.4992453
0.49924523
0.49924517
0.49924523
0.4992454
0.49924487
0.49924523
0.4992451
0.499245
0.4992448
0.49924523
0.49924517
0.49924487
0.499245
0.49924517
0.499245
0.49924523
0.49924457
0.4992453
0.49924523
0.499245
0.49924487
0.499245
0.4992448
0.49924487
0.4992453
0.499245
0.49924487
0.49924505
0.49924535
0.49924487
0.49924517
0.49924517
0.499245
0.49924523
0.49924517
0.49924487
0.4992451
0.49924487
0.49924487
0.49924535
0.49924487
0.49924505
0.499245
0.49924523
0.49924523
0.49924535
0.49924523
0.49924493
0.49924487
0.49924487
0.4992451
0.4992447
0.49924523
0.49924487
0.49924487
0.4992451
0.4992441
0.49924487
0.49924487
0.49924487
0.49924493
0.49924505
0.4992451
0.4992453
0.49924487
0.4992453
0.4992451
0.49924558
0.49924493
0.49924523
0.49924523
0.49924475
0.499245
0.49924487
0.4992447
0.49924487
0.49924487
0.49924493
0.49924493
0.499245
0.49924475
0.49924523
0.49924487
0.49924427
0.49924535
0.4992454
0.4992448
0.49924487
0.49924523
0.49924463
0.49924517
0.49924487
0.4992451
0.4992451
0.49924415
0.4992451
0.49924475
0.49924517
0.4992454
0.4992451
0.4992451
0.499245
0.4992451
0.49924475
0.49924493
0.49924487
0.49924517
0.49924493
0.49924493
0.4992451
0.49924475
0.49924487
0.49924487
0.49924523
0.4992448
0.49924493
0.49924523
0.49924505
0.49924523
0.499245
0.4992451
0.4992451
0.49924427
0.49924433
0.49924487
0.4992451
0.49924493
0.4992451
0.49924487
0.4992451
0.4992451
0.4992451
0.4992451
0.49924457
0.49924517
0.49924487
0.499245
0.49924517
0.49924517
0.4992451
0.49924505
0.499245
0.49924523
0.4992451
0.49924475
0.4992453
0.4992451
0.499245
0.499245
0.49924523
0.49924505
0.499245
0.4992448
0.49924475
0.49924493
0.499245
0.49924475
0.49924523
0.49924493
0.49924517
0.49924505
0.49924523
0.49924552
0.4992454
0.499245
0.49924493
0.49924475
0.4992448
0.49924523
0.49924517
0.49924523
0.4992451
0.49924505
0.49924475
0.4992451
0.49924487
0.49924475
0.49924523
0.499245
0.4992445
0.49924535
0.4992457
0.49924523
0.4992451
0.49924493
0.49924475
0.49924517
0.49924523
0.49924523
0.49924487
0.49924475
0.4992451
0.49924552
0.49924493
0.4992451
0.49924523
0.4992451
0.499245
0.49924523
0.4992448
0.49924523
0.49924493
0.49924535
0.49924475
0.49924517
0.49924487
0.499245
0.499245
0.49924493
0.49924523
0.49924505
0.49924487
0.49924463
0.49924523
0.4992448
0.4992454
0.49924475
0.49924475
0.49924463
0.4992451
0.499245
0.49924535
0.49924505
0.49924475
0.49924523
0.49924523
0.49924493
0.49924487
0.4992447
0.49924487
0.499245
0.4992453
0.4992451
0.49924546
0.4992451
0.4992451
0.4992451
0.49924558
0.49924493
0.49924523
0.49924487
0.49924523
0.499245
0.49924463
0.4992451
0.4992453
0.49924487
0.49924523
0.4992451
0.49924487
0.4992451
0.49924505
0.499245
0.499245
0.49924487
0.49924558
0.4992447
0.49924487
0.499245
0.49924487
0.4992454
0.4992451
0.49924487
0.4992444
0.49924535
0.4992453
0.49924523
0.49924493
0.49924457
0.4992451
0.499245
0.4992454
0.4992448
0.49924493
0.49924523
0.49924546
0.499245
0.49924558
0.49924523
0.49924535
0.49924523
0.4992451
0.49924475
0.49924523
0.49924523
0.4992448
0.499245
0.499245
0.49924487
0.49924457
0.4992445
0.49924493
0.4992451
0.499245
0.49924493
0.49924487
0.49924487
0.499245
0.49924517
0.49924487
0.49924487
0.4992447
0.49924493
0.49924475
0.499245
0.4992448
0.4992451
0.49924475
0.4992451
0.4992454
0.49924487
0.49924505
0.49924546
0.499245
0.49924493
0.499245
0.499245
0.49924517
0.4992451
0.49924475
0.499245
0.4992451
0.49924505
0.499245
0.4992453
0.49924523
0.49924535
0.49924517
0.4992444
0.49924523
0.49924523
0.49924535
0.49924523
0.49924517
0.49924505
0.49924535
0.49924487
0.499245
0.49924552
0.49924535
0.4992451
0.49924427
0.49924517
0.49924463
0.49924535
0.4992451
0.49924487
0.499245
0.49924582
0.499245
0.49924523
0.4992451
0.49924487
0.49924487
0.49924523
0.4992448
0.499245
0.49924487
0.499245
0.49924523
0.49924487
0.49924505
0.4992453
0.49924475
0.499245
0.49924487
0.49924558
0.49924475
0.49924493
0.49924487
0.49924344
0.499245
0.49924505
0.49924487
0.49924475
0.4992451
0.4992451
0.4992448
0.49924505
0.49924523
0.49924558
0.49924517
0.49924517
0.4992451
0.4992448
0.4992445
0.49924523
0.4992453
0.49924493
0.49924523
0.49924523
0.49924403
0.49924463
0.49924487
0.49924475
0.499245
0.49924523
0.49924463
0.49924475
0.4992451
0.499245
0.49924487
0.4992444
0.4992451
0.4992451
0.49924535
0.49924564
0.49924475
0.4992451
0.499245
0.4992451
0.49924487
0.499245
0.49924487
0.4992445
0.49924546
0.4992451
0.49924523
0.49924558
0.499245
0.499245
0.49924523
0.4992453
0.49924463
0.49924493
0.49924505
0.49924517
0.49924523
0.49924475
0.49924523
0.4992454
0.49924475
0.4992447
0.49924493
0.499245
0.49924523
0.49924517
0.4992451
0.49924523
0.4992447
0.49924487
0.49924523
0.49924487
0.49924487
0.4992451
0.49924505
0.49924392
0.49924523
0.4992451
0.49924493
0.4992451
0.49924493
0.4992451
0.49924487
0.49924523
0.49924523
0.49924487
0.49924463
0.4992451
0.499245
0.4992451
0.4992451
0.49924523
0.4992453
0.49924463
0.49924326
0.49924493
0.4992445
0.49924558
0.49924463
0.499245
0.49924523
0.49924523
0.49924535
0.4992451
0.499245
0.4992448
0.49924493
0.49924505
0.49924475
0.4992448
0.49924546
0.49924517
0.49924493
0.4992451
0.49924463
0.49924523
0.4992442
0.4992451
0.4992451
0.49924535
0.49924493
0.49924487
0.499245
0.49924523
0.4992451
0.4992451
0.4992451
0.49924505
0.4992453
0.49924475
0.4992457
0.499245
0.49924582
0.49924535
0.49924475
0.4992451
0.49924475
0.49924517
0.4992448
0.499245
0.49924463
0.49924493
0.49924523
0.49924546
0.499245
0.49924582
0.499245
0.4992453
0.49924493
0.4992451
0.4992448
0.49924487
0.49924487
0.49924463
0.4992451
0.49924523
0.49924493
0.49924523
0.499245
0.4992448
0.49924535
0.4992451
0.4992451
0.4992451
0.4992451
0.49924523
0.4992451
0.4992451
0.499245
0.49924523
0.499245
0.4992451
0.49924517
0.49924493
0.49924517
0.4992445
0.499245
0.4992453
0.499245
0.4992451
0.4992451
0.4992451
0.49924463
0.4992447
0.4992448
0.499245
0.49924535
0.49924475
0.49924487
0.49924505
0.49924523
0.4992451
0.4992451
0.49924487
0.49924535
0.49924487
0.49924523
0.499245
0.49924546
0.49924523
0.49924505
0.4992451
0.49924475
0.49924475
0.49924493
0.49924487
0.49924523
0.499245
0.4992451
0.49924523
0.49924546
0.4992451
0.4992451
0.49924463
0.4992454
0.49924463
0.49924505
0.4992445
0.49924487
0.49924523
0.49924475
0.499245
0.4992448
0.49924493
0.49924523
0.4992451
0.49924523
0.49924475
0.49924487
0.49924487
0.4992453
0.49924487
0.49924523
0.49924546
0.49924463
0.49924523
0.4992445
0.49924487
0.49924517
0.49924487
0.49924487
0.4992451
0.49924487
0.49924546
0.49924475
0.499245
0.49924517
0.49924487
0.499245
0.49924517
0.499245
0.49924392
0.499245
0.49924487
0.4992453
0.49924493
0.49924487
0.49924487
0.49924487
0.49924523
0.49924493
0.499245
0.4992451
0.49924487
0.49924505
0.49924493
0.49924487
0.4992451
0.49924517
0.499245
0.49924463
0.49924505
0.49924546
0.499245
0.4992451
0.499245
0.49924493
0.49924487
0.49924463
0.49924523
0.4992451
0.4992457
0.499245
0.49924475
0.49924493
0.49924487
0.4992448
0.49924523
0.49924487
0.4992451
0.49924523
0.49924493
0.49924487
0.4992451
0.499245
0.4992451
0.49924487
0.49924493
0.4992444
0.49924505
0.49924493
0.499245
0.49924523
0.49924523
0.49924487
0.49924523
0.49924433
0.49924475
0.499245
0.4992447
0.4992448
0.49924535
0.4992451
0.49924505
0.4992448
0.499245
0.4992451
0.49924433
0.49924475
0.4992447
0.49924505
0.4992451
0.49924475
0.49924517
0.49924475
0.4992451
0.499245
0.4992447
0.49924487
0.49924546
0.49924505
0.49924535
0.4992451
0.499245
0.4992444
0.49924517
0.49924487
0.499245
0.4992451
0.49924487
0.49924487
0.49924475
0.49924523
0.49924523
0.499245
0.499245
0.49924487
0.499245
0.49924523
0.49924505
0.49924493
0.49924552
0.49924523
0.49924487
0.49924493
0.49924487
0.49924535
0.49924535
0.49924505
0.49924487
0.4992454
0.49924505
0.49924505
0.4992445
0.49924517
0.499245
0.49924523
0.49924505
0.49924475
0.4992451
0.499245
0.4992453
0.499245
0.49924523
0.49924493
0.4992453
0.499245
0.49924493
0.49924535
0.49924517
0.49924535
0.49924517
0.4992448
0.4992451
0.49924505
0.49924487
0.4992444
0.4992451
0.49924487
0.4992451
0.49924487
0.49924487
0.49924523
0.49924517
0.4992451
0.49924487
0.4992454
0.4992454
0.4992453
0.49924475
0.4992457
0.4992448
0.499245
0.4992451
0.49924523
0.499245
0.499245
0.49924475
0.49924558
0.49924475
0.49924475
0.4992451
0.499245
0.49924475
0.49924487
0.49924487
0.4992451
0.499245
0.499245
0.4992451
0.49924523
0.49924487
0.499245
0.4992451
0.4992451
0.49924493
0.4992451
0.4992451
0.49924475
0.49924475
0.49924546
0.49924487
0.4992451
0.4992451
0.49924535
0.499245
0.4992451
0.49924487
0.499245
0.49924487
0.49924517
0.49924523
0.49924535
0.49924523
0.49924546
0.49924523
0.49924493
0.4992451
0.4992451
0.49924523
0.49924487
0.49924493
0.49924487
0.49924523
0.49924475
0.499245
0.4992451
0.499245
0.49924523
0.49924475
0.499245
0.4992454
0.49924475
0.4992451
0.499245
0.49924535
0.499245
0.49924475
0.49924523
0.49924463
0.49924505
0.49924535
0.49924475
0.499245
0.49924523
0.49924475
0.4992451
0.49924546
0.49924546
0.49924535
0.49924535
0.49924487
0.4992453
0.4992451
0.49924463
0.49924457
0.49924487
0.4992451
0.49924314
0.49924505
0.49924487
0.4992453
0.49924535
0.4992448
0.49924505
0.4992445
0.4992451
0.49924505
0.499245
0.49924493
0.49924463
0.49924517
0.49924487
0.49924475
0.49924523
0.49924523
0.499245
0.49924505
0.49924517
0.499245
0.49924493
0.4992448
0.49924523
0.49924517
0.4992451
0.49924475
0.49924517
0.49924546
0.49924487
0.499245
0.49924523
0.4992451
0.4992445
0.49924523
0.499245
0.4992451
0.49924552
0.49924505
0.49924523
0.4992457
0.49924475
0.49924487
0.49924517
0.4992451
0.49924505
0.4992444
0.4992453
0.49924517
0.49924487
0.49924487
0.4992451
0.49924487
0.4992451
0.4992451
0.49924517
0.49924487
0.4992451
0.49924523
0.4992451
0.49924487
0.49924487
0.49924487
0.49924523
0.49924487
0.4992451
0.49924523
0.49924487
0.49924618
0.499245
0.49924493
0.4992451
0.49924535
0.4992447
0.4992451
0.499245
0.49924487
0.499245
0.49924487
0.4992451
0.4992453
0.49924523
0.49924463
0.49924433
0.49924523
0.49924517
0.49924505
0.49924487
0.499245
0.49924523
0.499245
0.49924487
0.499245
0.499245
0.4992451
0.4992451
0.49924523
0.49924493
0.49924523
0.49924487
0.4992453
0.49924535
0.4992453
0.4992451
0.49924475
0.49924487
0.49924487
0.49924493
0.49924523
0.4992441
0.49924546
0.49924535
0.49924535
0.49924505
0.49924535
0.4992453
0.49924487
0.49924546
0.499245
0.49924546
0.499245
0.4992451
0.49924546
0.4992444
0.4992454
0.4992451
0.49924558
0.49924505
0.49924475
0.4992451
0.4992451
0.49924475
0.49924487
0.49924487
0.4992448
0.49924487
0.49924487
0.49924505
0.49924493
0.49924517
0.49924546
0.49924475
0.49924523
0.49924487
0.499245
0.49924535
0.49924493
0.49924487
0.4992445
0.4992453
0.49924487
0.49924487
0.4992447
0.4992454
0.499245
0.49924368
0.4992451
0.49924487
0.49924487
0.49924523
0.4992453
0.49924517
0.49924487
0.49924523
0.49924523
0.4992451
0.49924475
0.49924505
0.49924475
0.49924487
0.49924666
0.49924535
0.4992451
0.49924487
0.49924505
0.49924475
0.4992451
0.49924368
0.4992451
0.49924517
0.49924487
0.4992448
0.4992448
0.4992453
0.49924457
0.49924487
0.4992453
0.49924463
0.4992451
0.4992451
0.49924475
0.4992451
0.49924433
0.49924523
0.49924535
0.499245
0.4992451
0.49924475
0.49924487
0.49924517
0.49924523
0.49924463
0.49924487
0.499245
0.499245
0.49924517
0.49924517
0.49924517
0.49924523
0.4992451
0.49924487
0.49924505
0.49924523
0.499245
0.49924463
0.49924552
0.499245
0.499245
0.49924523
0.49924487
0.49924487
0.49924475
0.499245
0.49924523
0.49924487
0.499245
0.499245
0.499245
0.499245
0.49924487
0.4992451
0.4992451
0.49924648
0.49924505
0.49924523
0.49924523
0.49924618
0.49924403
0.4992451
0.49924505
0.49924475
0.49924463
0.49924535
0.49924517
0.4992451
0.4992451
0.4992451
0.499245
0.499245
0.49924594
0.49924493
0.49924493
0.49924493
0.49924523
0.49924517
0.49924475
0.4992451
0.49924493
0.49924523
0.4992451
0.49924517
0.499245
0.49924517
0.49924523
0.49924523
0.4992448
0.49924618
0.49924535
0.49924487
0.4992448
0.4992451
0.499245
0.4992448
0.4992451
0.49924475
0.49924392
0.49924493
0.49924505
0.49924517
0.49924487
0.499245
0.49924535
0.4992451
0.49924403
0.499245
0.4992448
0.49924523
0.499245
0.49924475
0.4992451
0.4992445
0.49924523
0.4992448
0.499245
0.49924552
0.4992445
0.499245
0.4992451
0.49924505
0.499245
0.49924606
0.49924487
0.49924487
0.49924487
0.4992453
0.49924558
0.49924517
0.499245
0.499245
0.499245
0.499245
0.49924523
0.499245
0.49924523
0.49924493
0.49924535
0.499245
0.49924517
0.49924505
0.499245
0.4992451
0.4992451
0.49924535
0.49924505
0.4992451
0.49924523
0.4992453
0.4992451
0.49924523
0.4992453
0.49924487
0.4992451
0.4992451
0.499245
0.49924523
0.499245
0.49924535
0.49924475
0.49924535
0.49924505
0.49924487
0.499245
0.49924487
0.49924463
0.4992451
0.49924493
0.49924523
0.49924517
0.49924523
0.49924487
0.49924523
0.49924505
0.49924523
0.4992454
0.49924552
0.4992451
0.4992448
0.49924475
0.49924505
0.49924523
0.4992451
0.49924552
0.49924517
0.49924487
0.49924475
0.49924523
0.49924487
0.4992451
0.4992451
0.499245
0.49924457
0.4992447
0.499245
0.49924475
0.49924475
0.499245
0.49924487
0.49924523
0.49924523
0.49924517
0.49924523
0.49924433
0.49924523
0.49924523
0.4992451
0.49924433
0.49924523
0.49924463
0.49924505
0.499245
0.49924517
0.499245
0.49924517
0.499245
0.49924463
0.4992451
0.499245
0.49924523
0.49924582
0.49924487
0.499245
0.4992451
0.4992453
0.49924535
0.499245
0.49924487
0.4992447
0.49924487
0.49924523
0.499245
0.49924517
0.49924493
0.4992451
0.49924505
0.4992447
0.4992451
0.49924463
0.49924463
0.4992454
0.49924505
0.49924487
0.4992451
0.49924487
0.49924535
0.49924523
0.49924493
0.4992451
0.4992451
0.49924523
0.49924523
0.499245
0.49924463
0.49924505
0.49924487
0.499245
0.4992451
0.49924463
0.4992448
0.49924487
0.49924493
0.49924487
0.49924487
0.49924493
0.49924493
0.4992451
0.4992453
0.4992451
0.49924487
0.49924523
0.49924505
0.49924487
0.499245
0.4992448
0.4992448
0.49924523
0.4992453
0.499245
0.49924475
0.4992444
0.4992445
0.49924517
0.49924535
0.49924517
0.499245
0.49924523
0.49924475
0.49924523
0.49924523
0.499245
0.49924564
0.4992453
0.49924546
0.4992451
0.4992451
0.4992448
0.4992445
0.499245
0.49924463
0.49924427
0.49924523
0.49924493
0.49924475
0.49924517
0.49924535
0.49924493
0.4992444
0.49924463
0.49924463
0.49924487
0.49924487
0.49924493
0.4992451
0.4992451
0.49924666
0.4992451
0.49924487
0.4992451
0.49924475
0.4992448
0.4992451
0.49924487
0.49924523
0.4992451
0.49924523
0.4992457
0.49924517
0.49924487
0.49924487
0.49924487
0.499245
0.4992451
0.49924523
0.49924475
0.4992451
0.499245
0.499245
0.4992451
0.49924517
0.49924487
0.4992451
0.499245
0.4992451
0.499245
0.4992451
0.49924493
0.499245
0.49924493
0.49924564
0.4992451
0.49924523
0.49924535
0.49924523
0.4992451
0.499245
0.49924487
0.4992451
0.4992451
0.49924487
0.49924493
0.4992448
0.49924523
0.4992451
0.4992451
0.49924523
0.4992451
0.49924475
0.4992451
0.4992447
0.4992451
0.49924523
0.4992447
0.499245
0.4992451
0.49924463
0.4992451
0.4992451
0.499245
0.49924523
0.49924487
0.49924523
0.49924523
0.499245
0.49924517
0.49924523
0.4992448
0.49924523
0.4992451
0.4992451
0.49924523
0.49924493
0.49924475
0.49924415
0.49924523
0.49924517
0.49924517
0.49924487
0.49924535
0.49924523
0.49924487
0.4992451
0.49924523
0.499245
0.49924523
0.4992453
0.49924487
0.499245
0.4992451
0.49924493
0.49924517
0.49924487
0.4992448
0.499245
0.49924517
0.49924493
0.49924517
0.499245
0.4992445
0.49924505
0.49924505
0.49924523
0.49924505
0.4992447
0.499245
0.49924457
0.49924487
0.49924487
0.49924487
0.49924427
0.49924505
0.4992453
0.49924487
0.49924487
0.49924475
0.49924546
0.49924535
0.49924535
0.4992451
0.49924493
0.49924523
0.49924475
0.49924392
0.4992448
0.499245
0.4992454
0.49924487
0.49924463
0.49924517
0.4992451
0.4992475
0.49924546
0.4992447
0.4992448
0.4992451
0.499245
0.49924523
0.49924475
0.49924487
0.49924517
0.49924493
0.4992451
0.4992451
0.49924493
0.4992448
0.49924517
0.49924517
0.49924493
0.49924487
0.49924517
0.49924487
0.499245
0.4992451
0.4992448
0.49924505
0.49924517
0.49924487
0.4992451
0.49924475
0.4992451
0.49924487
0.4992447
0.4992444
0.49924487
0.4992451
0.4992451
0.49924475
0.49924552
0.49924493
0.49924523
0.49924523
0.4992451
0.499245
0.49924618
0.49924493
0.49924463
0.4992451
0.499245
0.49924523
0.49924505
0.49924475
0.4992451
0.49924487
0.49924535
0.49924487
0.4992451
0.4992451
0.49924523
0.4992448
0.49924505
0.49924546
0.49924505
0.4992451
0.49924487
0.49924493
0.49924493
0.49924487
0.49924487
0.49924475
0.49924523
0.49924523
0.49924493
0.49924475
0.499245
0.49924487
0.49924535
0.49924475
0.499245
0.49924475
0.4992451
0.49924523
0.4992451
0.4992451
0.49924487
0.499245
0.49924517
0.4992451
0.4992451
0.4992445
0.49924493
0.4992453
0.49924535
0.49924475
0.49924463
0.49924517
0.49924493
0.49924523
0.49924487
0.49924463
0.499245
0.499245
0.4992451
0.49924505
0.49924487
0.4992451
0.49924523
0.499245
0.499245
0.4992448
0.4992454
0.49924523
0.4992448
0.499245
0.49924356
0.49924487
0.49924523
0.4992445
0.499245
0.4992451
0.49924487
0.49924535
0.49924487
0.4992451
0.49924517
0.4992457
0.499245
0.4992447
0.49924523
0.4992451
0.4992453
0.49924517
0.4992451
0.499245
0.49924487
0.4992453
0.4992451
0.49924535
0.49924463
0.49924493
0.4992451
0.49924523
0.49924493
0.49924523
0.4992451
0.499245
0.49924523
0.49924535
0.49924493
0.49924517
0.4992451
0.4992451
0.499245
0.4992441
0.49924517
0.49924505
0.49924475
0.49924505
0.49924463
0.49924493
0.49924487
0.49924535
0.49924505
0.49924475
0.49924523
0.49924493
0.49924523
0.49924487
0.49924493
0.499245
0.4992453
0.4992451
0.49924487
0.49924523
0.49924558
0.49924523
0.49924487
0.49924517
0.49924487
0.49924487
0.49924493
0.49924523
0.49924487
0.4992451
0.49924487
0.49924523
0.49924535
0.4992451
0.49924475
0.49924517
0.49924546
0.49924493
0.49924523
0.49924505
0.49924606
0.499245
0.4992454
0.49924487
0.49924475
0.499245
0.49924493
0.49924487
0.49924535
0.49924535
0.49924523
0.499245
0.49924475
0.49924505
0.49924505
0.4992451
0.4992454
0.49924505
0.49924523
0.49924535
0.49924475
0.49924505
0.49924487
0.499245
0.49924517
0.4992451
0.49924403
0.49924475
0.49924505
0.4992451
0.49924487
0.4992451
0.49924523
0.49924535
0.49924535
0.4992453
0.49924475
0.499245
0.4992448
0.49924475
0.49924487
0.4992451
0.49924535
0.4992451
0.499245
0.49924523
0.4992451
0.49924493
0.49924523
0.49924523
0.49924487
0.49924505
0.49924487
0.4992444
0.4992451
0.49924475
0.499245
0.49924523
0.4992448
0.49924546
0.4992451
0.499245
0.49924535
0.499245
0.499245
0.49924535
0.4992453
0.49924487
0.499245
0.49924523
0.4992444
0.499245
0.49924523
0.49924523
0.4992451
0.4992451
0.4992451
0.499245
0.49924523
0.49924517
0.49924517
0.49924487
0.4992451
0.49924487
0.49924487
0.4992451
0.49924475
0.4992451
0.499245
0.49924523
0.49924505
0.4992445
0.49924493
0.49924463
0.49924505
0.49924523
0.49924487
0.49924505
0.4992451
0.49924487
0.49924493
0.49924517
0.49924475
0.49924505
0.499245
0.49924523
0.49924523
0.49924356
0.499245
0.49924487
0.49924517
0.49924517
0.49924523
0.49924523
0.499245
0.4992453
0.49924523
0.4992448
0.4992451
0.49924487
0.4992451
0.49924487
0.49924427
0.49924505
0.49924535
0.499245
0.4992451
0.4992445
0.4992448
0.49924523
0.49924463
0.49924546
0.49924523
0.49924493
0.49924487
0.4992445
0.49924463
0.4992453
0.49924523
0.49924523
0.49924487
0.49924487
0.4992451
0.49924552
0.49924487
0.49924493
0.4992448
0.49924523
0.499245
0.49924493
0.4992447
0.49924463
0.49924487
0.49924523
0.49924487
0.4992448
0.49924487
0.49924523
0.4992451
0.4992453
0.49924523
0.4992448
0.499245
0.4992451
0.49924546
0.4992451
0.4992451
0.499245
0.49924517
0.49924517
0.49924487
0.49924505
0.49924505
0.49924487
0.49924523
0.49924517
0.49924487
0.49924493
0.49924487
0.499245
0.49924475
0.4992451
0.499245
0.4992448
0.49924505
0.499245
0.49924517
0.49924463
0.49924517
0.4992451
0.499245
0.49924523
0.499245
0.4992448
0.4992451
0.49924535
0.49924493
0.49924487
0.49924523
0.4992453
0.499245
0.499245
0.49924463
0.49924493
0.49924415
0.49924505
0.4992445
0.49924523
0.49924487
0.49924457
0.49924487
0.49924493
0.499245
0.4992451
0.499245
0.49924493
0.49924523
0.49924523
0.4992457
0.49924487
0.49924487
0.499245
0.4992451
0.49924505
0.49924523
0.49924523
0.49924487
0.499245
0.49924546
0.4992448
0.49924493
0.49924487
0.4992451
0.499245
0.49924493
0.49924427
0.49924463
0.49924487
0.4992457
0.49924517
0.4992451
0.49924487
0.499245
0.499245
0.4992448
0.49924505
0.49924505
0.49924517
0.49924517
0.49924487
0.49924517
0.49924487
0.49924523
0.49924523
0.49924523
0.4992451
0.49924523
0.4992451
0.4992451
0.499245
0.49924505
0.49924523
0.49924487
0.49924505
0.49924523
0.4992448
0.49924487
0.4992451
0.499245
0.4992451
0.4992451
0.49924523
0.49924564
0.4992444
0.49924523
0.4992447
0.49924475
0.49924564
0.49924505
0.4992451
0.49924415
0.49924517
0.49924487
0.4992448
0.4992448
0.49924463
0.49924487
0.49924493
0.499245
0.4992451
0.49924505
0.499245
0.4992453
0.49924487
0.4992445
0.499245
0.4992451
0.49924546
0.49924523
0.49924517
0.49924487
0.49924493
0.49924487
0.49924475
0.49924535
0.49924546
0.49924493
0.49924475
0.499245
0.4992451
0.49924535
0.49924445
0.49924493
0.499245
0.49924523
0.4992451
0.49924487
0.49924493
0.4992448
0.49924517
0.49924487
0.49924535
0.49924517
0.49924523
0.49924517
0.49924523
0.49924517
0.49924487
0.49924487
0.49924606
0.49924505
0.49924546
0.499245
0.4992448
0.49924558
0.4992454
0.499245
0.49924487
0.499245
0.499245
0.4992453
0.49924493
0.4992441
0.49924505
0.49924487
0.49924517
0.49924523
0.4992454
0.49924535
0.49924487
0.499245
0.4992448
0.49924523
0.4992453
0.4992453
0.49924487
0.49924523
0.499245
0.49924523
0.49924505
0.49924558
0.499245
0.49924523
0.49924535
0.499245
0.499245
0.49924487
0.49924487
0.4992451
0.49924505
0.4992451
0.49924523
0.4992448
0.4992451
0.4992451
0.49924535
0.49924463
0.49924475
0.499245
0.4992447
0.49924535
0.49924475
0.49924505
0.499245
0.4992451
0.4992453
0.49924457
0.499245
0.499245
0.49924546
0.4992451
0.4992451
0.4992445
0.49924523
0.499245
0.49924523
0.4992451
0.49924487
0.4992428
0.4992451
0.499245
0.49924517
0.49924505
0.4992451
0.49924463
0.49924487
0.4992451
0.49924487
0.49924487
0.49924505
0.49924487
0.49924475
0.49924415
0.4992451
0.49924546
0.499245
0.49924505
0.4992453
0.49924475
0.49924475
0.49924475
0.4992451
0.49924487
0.4992451
0.49924523
0.49924517
0.49924493
0.49924493
0.49924523
0.49924463
0.4992448
0.49924475
0.49924493
0.49924523
0.49924493
0.49924487
0.499245
0.49924463
0.49924523
0.49924505
0.4992451
0.4992454
0.499245
0.4992444
0.49924487
0.499245
0.4992463
0.49924475
0.4992451
0.4992444
0.49924475
0.4992451
0.4992451
0.4992451
0.49924487
0.49924523
0.49924487
0.4992451
0.49924523
0.49924475
0.49924457
0.49924487
0.4992445
0.49924505
0.49924523
0.49924523
0.49924475
0.49924505
0.499245
0.499245
0.499245
0.49924517
0.49924463
0.499245
0.4992448
0.499245
0.4992451
0.49924493
0.4992451
0.49924487
0.49924523
0.49924463
0.49924523
0.49924487
0.499245
0.49924523
0.49924523
0.499245
0.499245
0.49924535
0.499245
0.49924546
0.49924463
0.49924523
0.499245
0.499245
0.499245
0.49924475
0.4992451
0.499245
0.499245
0.4992448
0.4992448
0.499245
0.499245
0.49924463
0.49924487
0.4992453
0.49924487
0.49924523
0.49924493
0.49924487
0.4992453
0.4992445
0.4992447
0.499245
0.49924517
0.49924505
0.49924523
0.49924523
0.499245
0.49924517
0.4992457
0.499245
0.49924523
0.49924517
0.49924493
0.49924505
0.49924523
0.4992447
0.4992445
0.4992451
0.49924487
0.4992453
0.49924517
0.4992438
0.49924487
0.49924475
0.4992451
0.499245
0.499245
0.49924535
0.49924546
0.49924523
0.49924493
0.49924523
0.4992451
0.49924463
0.49924523
0.4992447
0.49924564
0.49924523
0.499245
0.49924505
0.49924552
0.49924523
0.49924487
0.4992451
0.49924493
0.4992447
0.49924517
0.49924463
0.49924475
0.499245
0.499245
0.499245
0.49924463
0.4992451
0.4992453
0.49924457
0.49924523
0.4992451
0.49924487
0.499245
0.49924487
0.49924535
0.49924475
0.49924493
0.49924505
0.49924403
0.49924523
0.4992451
0.49924505
0.49924517
0.4992451
0.49924505
0.49924475
0.499245
0.49924523
0.49924487
0.4992451
0.49924535
0.49924487
0.499245
0.49924517
0.499245
0.49924517
0.49924624
0.49924487
0.49924475
0.49924493
0.49924493
0.49924523
0.499245
0.4992453
0.4992447
0.49924505
0.49924493
0.49924523
0.499245
0.49924523
0.4992451
0.4992448
0.49924523
0.49924487
0.499245
0.49924457
0.49924427
0.49924517
0.49924493
0.4992451
0.49924523
0.49924487
0.499245
0.49924505
0.49924493
0.49924505
0.49924523
0.49924487
0.49924487
0.4992451
0.4992451
0.49924523
0.49924535
0.499245
0.499245
0.49924523
0.4992448
0.49924523
0.499245
0.49924523
0.49924487
0.4992448
0.49924487
0.49924505
0.49924487
0.499245
0.49924487
0.4992445
0.4992451
0.49924487
0.49924523
0.49924493
0.4992451
0.499245
0.49924535
0.49924517
0.49924487
0.49924505
0.49924487
0.49924487
0.499245
0.4992453
0.49924523
0.49924517
0.4992451
0.49924463
0.49924487
0.49924493
0.4992444
0.49924475
0.49924493
0.49924523
0.49924487
0.49924505
0.49924505
0.49924487
0.49924487
0.4992451
0.49924463
0.49924475
0.49924427
0.49924475
0.49924558
0.49924535
0.49924523
0.49924517
0.49924535
0.4992451
0.4992451
0.49924523
0.49924415
0.4992451
0.4992453
0.49924523
0.49924263
0.49924517
0.4992453
0.49924493
0.499245
0.4992453
0.4992451
0.49924487
0.49924487
0.49924505
0.4992451
0.4992442
0.49924505
0.49924493
0.49924487
0.49924523
0.4992447
0.49924463
0.49924427
0.499245
0.49924535
0.49924517
0.4992448
0.49924463
0.49924493
0.49924535
0.499245
0.49924523
0.4992448
0.49924487
0.49924535
0.499245
0.4992451
0.49924463
0.49924523
0.49924415
0.4992453
0.49924535
0.4992451
0.49924487
0.49924493
0.4992451
0.49924535
0.4992451
0.4992451
0.4992451
0.49924517
0.49924535
0.49924523
0.4992451
0.49924487
0.4992451
0.49924546
0.4992451
0.49924523
0.49924558
0.49924546
0.49924487
0.49924523
0.4992451
0.49924475
0.49924523
0.49924463
0.499245
0.499245
0.49924523
0.49924535
0.49924523
0.49924505
0.49924475
0.49924523
0.4992448
0.49924523
0.4992451
0.4992451
0.4992451
0.499245
0.49924487
0.49924475
0.49924493
0.49924523
0.49924505
0.49924523
0.499245
0.4992451
0.4992451
0.49924427
0.49924505
0.49924487
0.49924517
0.49924487
0.49924287
0.499245
0.4992451
0.4992444
0.49924487
0.49924505
0.49924463
0.4992451
0.49924505
0.49924505
0.4992445
0.4992451
0.4992451
0.49924487
0.499245
0.4992451
0.4992451
0.4992451
0.499246
0.49924487
0.49924517
0.499245
0.4992451
0.49924523
0.49924517
0.4992453
0.49924546
0.4992451
0.4992451
0.49924487
0.4992457
0.49924523
0.49924332
0.499245
0.499245
0.49924493
0.49924475
0.49924546
0.4992448
0.49924487
0.49924463
0.4992444
0.49924505
0.49924517
0.49924487
0.49924475
0.49924535
0.4992448
0.4992451
0.499245
0.49924487
0.49924535
0.4992447
0.499245
0.49924523
0.499245
0.499245
0.4992451
0.49924487
0.49924493
0.49924523
0.4992451
0.499245
0.499245
0.49924517
0.499245
0.49924487
0.499245
0.49924475
0.499245
0.49924517
0.49924487
0.49924517
0.49924517
0.49924523
0.49924546
0.4992451
0.49924487
0.49924523
0.4992451
0.49924523
0.49924535
0.49924523
0.4992453
0.49924487
0.49924487
0.49924535
0.499245
0.49924517
0.49924558
0.49924487
0.49924517
0.49924523
0.4992453
0.499245
0.49924475
0.49924523
0.4992469
0.4992451
0.4992451
0.499245
0.4992448
0.4992451
0.49924535
0.4992451
0.499245
0.49924505
0.499245
0.49924523
0.49924523
0.49924523
0.49924517
0.499245
0.4992451
0.499245
0.49924487
0.499245
0.49924463
0.49924475
0.49924523
0.4992451
0.4992448
0.4992454
0.4992451
0.499245
0.4992453
0.49924475
0.499245
0.49924523
0.4992451
0.49924475
0.49924523
0.49924487
0.49924523
0.49924505
0.49924475
0.4992454
0.49924463
0.4992451
0.49924493
0.49924487
0.4992453
0.49924463
0.4992448
0.499245
0.49924517
0.49924517
0.49924523
0.49924475
0.4992451
0.49924523
0.49924523
0.49924475
0.4992451
0.4992454
0.49924487
0.4992451
0.49924517
0.4992451
0.49924517
0.4992441
0.499245
0.49924535
0.4992451
0.499245
0.499245
0.49924487
0.49924487
0.49924493
0.4992444
0.49924546
0.4992451
0.49924475
0.499245
0.4992447
0.4992444
0.4992453
0.49924517
0.49924546
0.49924487
0.49924517
0.49924487
0.49924523
0.499245
0.499245
0.49924535
0.49924475
0.4992448
0.49924546
0.49924523
0.49924475
0.4992451
0.49924397
0.49924588
0.499245
0.4992448
0.49924517
0.49924505
0.4992453
0.49924475
0.49924493
0.499245
0.49924487
0.49924487
0.49924493
0.4992451
0.499245
0.49924505
0.49924475
0.4992451
0.499245
0.49924558
0.49924523
0.4992444
0.49924517
0.49924546
0.49924493
0.49924546
0.49924505
0.4992451
0.4992451
0.49924475
0.49924523
0.4992451
0.4992451
0.49924517
0.49924493
0.49924475
0.4992453
0.49924493
0.49924535
0.4992451
0.49924523
0.49924487
0.49924475
0.49924487
0.4992448
0.49924505
0.49924523
0.49924487
0.49924487
0.4992451
0.49924487
0.49924493
0.499245
0.4992454
0.49924523
0.49924582
0.49924517
0.4992451
0.4992451
0.4992445
0.49924535
0.49924493
0.49924523
0.49924487
0.49924523
0.4992451
0.49924487
0.49924535
0.4992441
0.49924523
0.4992453
0.49924493
0.49924523
0.49924487
0.4992451
0.499245
0.4992447
0.49924487
0.49924475
0.49924523
0.49924523
0.4992448
0.4992451
0.49924523
0.49924523
0.4992451
0.49924535
0.49924523
0.499245
0.49924487
0.49924487
0.49924535
0.49924463
0.49924523
0.49924493
0.49924523
0.499245
0.499245
0.49924535
0.49924523
0.49924487
0.49924445
0.49924505
0.49924457
0.49924517
0.49924517
0.4992451
0.499245
0.49924535
0.49924552
0.4992454
0.4992451
0.49924475
0.49924487
0.4992451
0.4992451
0.49924517
0.49924523
0.49924487
0.49924475
0.49924535
0.4992448
0.499245
0.4992451
0.49924505
0.4992451
0.4992448
0.49924487
0.49924487
0.49924523
0.49924475
0.49924535
0.4992451
0.4992445
0.4992453
0.49924505
0.49924523
0.49924463
0.49924523
0.49924475
0.4992451
0.499245
0.49924493
0.49924475
0.499245
0.49924523
0.49924475
0.49924517
0.499245
0.49924487
0.49924487
0.499245
0.49924487
0.499245
0.49924475
0.4992451
0.4992451
0.499245
0.49924505
0.49924523
0.499245
0.49924523
0.49924546
0.499245
0.49924487
0.49924487
0.499245
0.49924487
0.49924535
0.49924517
0.4992451
0.499245
0.49924523
0.49924475
0.4992451
0.4992451
0.49924475
0.49924523
0.49924535
0.49924463
0.49924392
0.49924487
0.499245
0.49924487
0.49924535
0.4992445
0.49924403
0.49924487
0.499245
0.499245
0.4992451
0.49924546
0.49924493
0.49924523
0.4992451
0.49924487
0.49924493
0.4992444
0.4992451
0.49924517
0.49924505
0.49924505
0.4992453
0.49924487
0.49924487
0.49924487
0.4992451
0.49924463
0.499245
0.49924523
0.4992448
0.4992451
0.499245
0.49924535
0.4992448
0.4992451
0.4992451
0.49924487
0.49924535
0.49924523
0.49924487
0.49924493
0.4992451
0.4992453
0.49924493
0.4992457
0.499245
0.49924535
0.49924535
0.4992451
0.499245
0.4992406
0.49924487
0.49924523
0.49924523
0.4992451
0.49924463
0.4992453
0.499245
0.4992448
0.4992447
0.49924517
0.4992451
0.49924487
0.499245
0.499245
0.4992448
0.49924475
0.49924505
0.49924517
0.49924487
0.499245
0.49924475
0.4992448
0.49924475
0.49924475
0.49924487
0.4992451
0.4992451
0.49924517
0.4992451
0.4992453
0.49924505
0.4992448
0.49924523
0.49924535
0.499245
0.49924493
0.49924517
0.49924475
0.49924505
0.49924463
0.4992448
0.4992451
0.4992451
0.49924523
0.49924523
0.4992451
0.49924487
0.49924546
0.4992451
0.49924523
0.49924487
0.49924475
0.49924517
0.499245
0.49924535
0.49924523
0.49924523
0.4992447
0.49924487
0.49924493
0.49924475
0.49924523
0.49924558
0.49924517
0.4992448
0.49924505
0.49924475
0.49924493
0.49924517
0.49924487
0.49924493
0.49924517
0.49924475
0.499245
0.49924475
0.4992448
0.49924487
0.4992445
0.49924487
0.4992451
0.49924433
0.49924535
0.49924505
0.499245
0.499245
0.4992451
0.4992453
0.4992451
0.49924445
0.49924546
0.499245
0.4992451
0.49924487
0.49924487
0.49924475
0.49924523
0.499245
0.499245
0.49924517
0.4992447
0.49924523
0.4992442
0.4992451
0.49924535
0.49924463
0.49924523
0.4992448
0.49924517
0.49924463
0.4992451
0.49924523
0.49924505
0.4992445
0.49924523
0.49924582
0.49924487
0.499245
0.49924523
0.49924505
0.49924517
0.4992451
0.49924517
0.499245
0.49924487
0.49924392
0.499245
0.49924546
0.49924517
0.49924493
0.49924535
0.49924523
0.4992451
0.49924487
0.49924517
0.49924475
0.499245
0.49924475
0.4992451
0.49924493
0.49924505
0.49924487
0.4992453
0.49924505
0.4992451
0.499245
0.49924523
0.4992451
0.4992451
0.49924493
0.499245
0.49924487
0.49924535
0.4992451
0.49924475
0.49924535
0.49924487
0.4992451
0.49924505
0.4992453
0.4992451
0.49924523
0.49924517
0.4992451
0.49924535
0.49924493
0.499245
0.49924475
0.49924487
0.4992451
0.49924523
0.499245
0.49924546
0.499245
0.49924487
0.49924487
0.4992451
0.4992451
0.499245
0.49924487
0.49924523
0.49924517
0.4992444
0.49924535
0.49924535
0.49924487
0.49924487
0.499245
0.4992451
0.49924523
0.499245
0.4992448
0.499245
0.499245
0.49924517
0.49924535
0.49924487
0.49924487
0.4992451
0.499245
0.49924487
0.49924487
0.49924535
0.499245
0.4992451
0.4992454
0.49924558
0.49924487
0.49924535
0.49924517
0.49924505
0.49924493
0.4992451
0.499245
0.49924487
0.49924535
0.4992451
0.4992451
0.4992448
0.4992453
0.499245
0.4992448
0.4992453
0.49924517
0.49924487
0.49924463
0.49924463
0.49924493
0.49924475
0.49924523
0.49924517
0.4992451
0.49924517
0.49924493
0.4992451
0.4992451
0.49924523
0.49924487
0.499245
0.49924546
0.49924487
0.49924505
0.499245
0.4992451
0.4992451
0.49924475
0.49924517
0.49924475
0.4992445
0.4992444
0.4992447
0.49924487
0.4992451
0.49924523
0.49924463
0.49924493
0.4992453
0.4992451
0.49924523
0.4992451
0.49924487
0.4992445
0.4992454
0.49924487
0.49924487
0.49924487
0.4992448
0.49924475
0.49924505
0.4992418
0.49924487
0.49924523
0.4992451
0.49924523
0.49924493
0.49924517
0.49924487
0.49924493
0.49924487
0.49924523
0.4992451
0.49924463
0.4992451
0.4992448
0.49924427
0.49924523
0.4992451
0.4992447
0.499245
0.4992451
0.49924505
0.49924517
0.49924523
0.499245
0.49924457
0.49924523
0.4992451
0.49924487
0.499245
0.499245
0.499245
0.49924505
0.49924523
0.4992451
0.49924475
0.49924517
0.49924487
0.49924457
0.499245
0.49924517
0.49924487
0.4992451
0.49924546
0.49924505
0.4992451
0.499245
0.4992451
0.49924463
0.4992451
0.499245
0.4992448
0.49924523
0.49924535
0.49924487
0.499245
0.4992451
0.49924487
0.4992444
0.49924475
0.499245
0.4992451
0.49924475
0.49924505
0.49924517
0.49924523
0.4992453
0.49924558
0.49924487
0.49924523
0.49924535
0.49924487
0.49924523
0.49924523
0.49924517
0.49924517
0.49924487
0.49924523
0.49924546
0.49924523
0.49924487
0.4992451
0.4992453
0.49924535
0.499245
0.49924517
0.49924523
0.49924505
0.49924505
0.49924475
0.49924475
0.49924427
0.49924517
0.499245
0.4992451
0.49924493
0.4992448
0.49924493
0.4992451
0.49924463
0.499245
0.499245
0.49924546
0.4992454
0.49924523
0.49924475
0.49924517
0.499245
0.499245
0.4992451
0.49924505
0.499245
0.4992451
0.49924523
0.49924487
0.49924523
0.4992454
0.49924517
0.49924487
0.49924564
0.49924517
0.499245
0.4992444
0.49924535
0.4992451
0.49924475
0.499245
0.49924493
0.49924505
0.499245
0.49924523
0.499245
0.49924523
0.49924535
0.49924493
0.49924493
0.4992451
0.49924523
0.49924523
0.499245
0.49924517
0.49924552
0.4992451
0.49924493
0.49924535
0.4992447
0.49924493
0.49924487
0.49924523
0.49924487
0.49924517
0.4992447
0.4992451
0.49924493
0.49924523
0.4992451
0.4992454
0.499245
0.49924463
0.4992451
0.499245
0.4992451
0.49924487
0.4992451
0.49924493
0.49924475
0.49924475
0.499245
0.499245
0.49924475
0.49924463
0.4992451
0.49924535
0.4992448
0.49924517
0.4992451
0.49924415
0.4992453
0.499245
0.49924475
0.49924463
0.4992453
0.4992448
0.49924546
0.49924463
0.49924523
0.499245
0.4992451
0.49924535
0.49924493
0.499245
0.4992451
0.4992445
0.4992451
0.49924475
0.49924523
0.49924487
0.499245
0.49924493
0.49924487
0.499245
0.4992453
0.4992451
0.49924487
0.499245
0.4992451
0.49924487
0.49924523
0.49924523
0.49924493
0.49924523
0.49924487
0.49924523
0.49924523
0.4992441
0.49924493
0.49924523
0.49924523
0.4992445
0.499245
0.49924487
0.4992451
0.4992451
0.499245
0.4992451
0.49924487
0.4992447
0.4992451
0.49924535
0.4992447
0.499246
0.49924487
0.499245
0.499245
0.49924493
0.49924517
0.49924523
0.4992444
0.49924535
0.49924517
0.49924463
0.4992453
0.49924546
0.4992448
0.49924487
0.49924493
0.4992451
0.499245
0.49924463
0.4992451
0.4992451
0.4992453
0.49924517
0.499245
0.499245
0.49924475
0.49924487
0.4992451
0.49924493
0.4992451
0.49924523
0.49924487
0.49924517
0.49924517
0.49924546
0.4992453
0.499245
0.499245
0.49924505
0.499245
0.4992451
0.49924487
0.4992448
0.49924523
0.49924523
0.499245
0.4992451
0.4992451
0.4992451
0.4992451
0.49924493
0.49924523
0.49924523
0.49924493
0.4992451
0.4992448
0.49924505
0.49924487
0.4992453
0.49924535
0.499245
0.49924523
0.49924487
0.4992448
0.4992457
0.49924487
0.49924517
0.49924493
0.49924523
0.499245
0.4992451
0.49924332
0.49924475
0.4992448
0.49924463
0.49924487
0.49924517
0.49924493
0.499245
0.4992451
0.4992412
0.49924523
0.49924523
0.4992451
0.4992451
0.49924535
0.49924517
0.4992451
0.4992451
0.49924487
0.49924487
0.49924523
0.49924517
0.49924427
0.49924475
0.49924523
0.4992451
0.49924487
0.49924487
0.49924546
0.499245
0.49924457
0.499245
0.49924487
0.4992454
0.49924487
0.4992451
0.499245
0.49924523
0.4992451
0.4992453
0.4992453
0.49924535
0.4992451
0.4992451
0.4992447
0.49924523
0.49924487
0.49924517
0.4992451
0.499245
0.499245
0.4992448
0.49924487
0.49924546
0.49924523
0.49924523
0.49924475
0.49924487
0.49924517
0.49924523
0.49924523
0.4992451
0.499245
0.4992448
0.49924475
0.49924475
0.49924523
0.49924487
0.499245
0.49924523
0.49924505
0.4992451
0.49924523
0.49924475
0.499245
0.49924487
0.4992453
0.499245
0.49924523
0.49924523
0.49924535
0.49924487
0.49924457
0.4992451
0.499245
0.49924523
0.499245
0.4992451
0.49924433
0.49924487
0.49924517
0.49924463
0.49924475
0.49924505
0.499245
0.4992447
0.49924505
0.49924475
0.49924523
0.4992451
0.49924523
0.49924487
0.49924493
0.4992451
0.49924523
0.49924463
0.49924493
0.499245
0.4992451
0.49924523
0.49924493
0.4992451
0.4992451
0.499245
0.4992451
0.4992451
0.4992451
0.49924523
0.49924546
0.49924493
0.4992451
0.49924487
0.4992451
0.49924475
0.49924475
0.49924475
0.49924523
0.49924523
0.4992451
0.499245
0.4992451
0.49924487
0.49924523
0.49924487
0.4992445
0.49924475
0.49924463
0.49924523
0.49924535
0.49924493
0.4992454
0.499245
0.4992451
0.49924523
0.49924487
0.49924523
0.49924505
0.4992451
0.49924523
0.499245
0.499245
0.4992451
0.49924487
0.4992451
0.49924487
0.49924505
0.49924523
0.499245
0.49924517
0.4992445
0.4992451
0.4992448
0.49924463
0.49924487
0.49924523
0.49924463
0.4992451
0.49924523
0.49924493
0.4992451
0.49924523
0.49924493
0.49924493
0.4992451
0.4992454
0.4992451
0.4992447
0.4992447
0.4992453
0.49924523
0.4992448
0.4992451
0.49924487
0.4992451
0.49924493
0.4992447
0.4992451
0.49924523
0.49924505
0.4992451
0.4992451
0.49924463
0.4992451
0.499245
0.49924487
0.4992451
0.49924487
0.4992451
0.49924493
0.49924517
0.4992451
0.49924505
0.49924487
0.49924523
0.49924523
0.49924493
0.49924475
0.499245
0.49924523
0.49924505
0.4992448
0.499245
0.49924505
0.49924505
0.499245
0.4992451
0.4992448
0.49924523
0.49924457
0.49924487
0.4992451
0.49924415
0.49924523
0.49924463
0.4992453
0.49924475
0.4992451
0.49924523
0.4992451
0.49924523
0.49924475
0.49924505
0.49924475
0.499245
0.49924487
0.499245
0.499245
0.499245
0.49924475
0.49924487
0.4992451
0.49924505
0.49924475
0.49924457
0.49924535
0.49924487
0.499245
0.4992445
0.49924505
0.4992453
0.49924523
0.49924517
0.49924487
0.4992451
0.49924523
0.49924463
0.49924523
0.49924487
0.4992438
0.499245
0.49924487
0.49924523
0.4992451
0.4992453
0.49924487
0.49924463
0.49924523
0.49924487
0.499245
0.49924523
0.499245
0.49924475
0.499245
0.4992445
0.4992451
0.4992451
0.4992451
0.4992451
0.49924523
0.49924523
0.49924487
0.49924523
0.49924427
0.49924517
0.499245
0.4992451
0.4992451
0.49924475
0.49924535
0.49924487
0.4992451
0.49924535
0.49924523
0.4992448
0.49924487
0.4992448
0.49924487
0.4992454
0.49924535
0.499245
0.49924493
0.4992451
0.49924523
0.49924523
0.49924546
0.49924487
0.4992451
0.4992451
0.4992451
0.49924487
0.499245
0.4992451
0.49924493
0.49924487
0.49924505
0.49924493
0.49924475
0.499245
0.4992444
0.49924487
0.49924523
0.49924487
0.49924487
0.4992451
0.49924493
0.4992454
0.49924517
0.49924493
0.49924493
0.49924487
0.4992451
0.49924463
0.49924487
0.49924487
0.49924523
0.49924487
0.49924523
0.4992457
0.49924523
0.49924445
0.49924505
0.499245
0.49924487
0.49924463
0.49924475
0.499245
0.4992451
0.4992451
0.4992448
0.49924505
0.499245
0.49924487
0.49924517
0.4992451
0.49924487
0.49924475
0.49924523
0.4992448
0.499245
0.49924487
0.49924505
0.4992451
0.49924487
0.49924487
0.4992457
0.49924487
0.49924523
0.4992451
0.49924523
0.49924618
0.49924475
0.4992463
0.499245
0.4992451
0.49924427
0.4992451
0.4992451
0.49924535
0.49924487
0.4992448
0.4992451
0.499245
0.4992451
0.49924487
0.49924535
0.4992451
0.49924523
0.49924475
0.4992451
0.49924523
0.49924493
0.4992454
0.4992448
0.4992451
0.499245
0.499245
0.4992451
0.49924445
0.4992451
0.49924517
0.4992451
0.49924392
0.49924523
0.4992451
0.4992451
0.4992444
0.49924493
0.49924523
0.49924523
0.49924487
0.4992451
0.49924415
0.4992451
0.4992454
0.49924487
0.4992451
0.4992451
0.499245
0.499245
0.49924487
0.49924523
0.4992451
0.499245
0.4992451
0.499245
0.49924535
0.4992451
0.49924523
0.49924475
0.49924505
0.499245
0.49924475
0.49924523
0.49924493
0.49924487
0.4992451
0.49924487
0.49924493
0.49924523
0.4992453
0.499245
0.49924487
0.49924487
0.4992448
0.49924523
0.49924475
0.49924535
0.49924463
0.49924546
0.49924475
0.4992447
0.49924523
0.4992457
0.4992451
0.4992451
0.4992448
0.499245
0.49924523
0.49924523
0.4992451
0.4992451
0.49924493
0.49924493
0.49924535
0.49924475
0.49924475
0.4992444
0.499245
0.49924517
0.4992457
0.499245
0.49924517
0.49924517
0.49924618
0.49924487
0.49924546
0.49924535
0.49924487
0.4992451
0.49924523
0.49924517
0.49924487
0.499245
0.499245
0.49924505
0.49924493
0.499245
0.49924475
0.4992451
0.4992454
0.49924475
0.49924505
0.49924517
0.49924475
0.49924487
0.4992451
0.49924475
0.49924475
0.49924487
0.4992451
0.49924475
0.4992451
0.4992453
0.49924523
0.49924523
0.49924463
0.49924487
0.499245
0.499245
0.49924487
0.4992448
0.4992451
0.49924487
0.4992451
0.49924397
0.49924517
0.49924487
0.4992448
0.49924517
0.49924493
0.49924505
0.4992451
0.4992448
0.49924505
0.49924487
0.49924523
0.4992453
0.49924523
0.49924487
0.4992445
0.49924546
0.49924463
0.4992448
0.499245
0.49924505
0.499245
0.499245
0.49924487
0.49924546
0.4992451
0.49924487
0.49924523
0.49924475
0.4992451
0.49924523
0.499245
0.499245
0.4992448
0.499245
0.4992451
0.49924576
0.49924487
0.49924487
0.49924523
0.4992453
0.4992447
0.49924535
0.49924487
0.49924523
0.4992451
0.49924487
0.49924493
0.49924523
0.49924487
0.499245
0.4992448
0.49924475
0.49924523
0.4992441
0.4992453
0.49924487
0.499245
0.4992448
0.499245
0.49924505
0.49924523
0.49924487
0.4992451
0.49924493
0.4992451
0.49924523
0.49924487
0.4992448
0.4992453
0.49924517
0.49924505
0.49924493
0.49924475
0.49924493
0.4992451
0.4992451
0.4992448
0.49924493
0.49924523
0.49924505
0.4992451
0.49924475
0.4992448
0.49924523
0.49924523
0.4992448
0.4992457
0.49924505
0.499245
0.4992469
0.49924475
0.4992451
0.499245
0.49924487
0.49924505
0.4992453
0.4992451
0.4992451
0.49924535
0.49924493
0.49924523
0.4992451
0.49924505
0.49924523
0.49924517
0.49924493
0.49924523
0.49924475
0.49924523
0.4992451
0.4992451
0.49924493
0.49924505
0.499245
0.4992451
0.4992451
0.4992453
0.499245
0.499245
0.4992451
0.49924487
0.49924535
0.49924463
0.499245
0.4992448
0.499245
0.49924463
0.49924487
0.49924505
0.49924475
0.49924493
0.49924487
0.49924493
0.4992448
0.49924523
0.49924487
0.49924475
0.49924487
0.49924475
0.4992451
0.4992451
0.49924475
0.49924487
0.49924546
0.49924493
0.49924487
0.49924523
0.4992451
0.49924523
0.49924523
0.49924535
0.4992451
0.4992451
0.49924523
0.4992447
0.499245
0.49924487
0.49924493
0.49924487
0.49924493
0.49924433
0.49924487
0.49924517
0.49924487
0.49924487
0.49924493
0.4992451
0.499245
0.49924487
0.49924487
0.49924523
0.49924493
0.499245
0.4992451
0.49924493
0.4992451
0.499245
0.49924517
0.49924523
0.49924493
0.499245
0.499245
0.49924535
0.49924517
0.4992451
0.499245
0.49924546
0.49924487
0.499245
0.49924523
0.4992444
0.49924523
0.4992448
0.49924523
0.49924546
0.49924487
0.49924487
0.49924523
0.49924487
0.49924505
0.49924493
0.49924475
0.49924535
0.499245
0.49924475
0.4992451
0.4992451
0.49924204
0.4992451
0.4992451
0.49924487
0.49924523
0.499245
0.49924487
0.49924493
0.499245
0.4992454
0.4992451
0.4992448
0.49924487
0.499245
0.49924517
0.49924535
0.49924487
0.499245
0.4992453
0.49924487
0.49924523
0.49924523
0.4992451
0.49924433
0.499245
0.49924475
0.49924487
0.49924523
0.4992451
0.4992444
0.49924487
0.49924463
0.49924546
0.49924523
0.49924487
0.4992448
0.49924523
0.49924487
0.49924535
0.49924505
0.49924475
0.4992447
0.4992451
0.4992451
0.49924493
0.499246
0.499245
0.499245
0.49924517
0.4992451
0.49924493
0.49924487
0.4992448
0.499245
0.49924517
0.4992454
0.49924535
0.49924487
0.49924463
0.499245
0.49924517
0.4992451
0.499245
0.49924463
0.4992444
0.4992453
0.499245
0.4992447
0.4992445
0.49924505
0.49924493
0.49924505
0.4992451
0.49924505
0.49924475
0.4992454
0.49924487
0.4992453
0.49924517
0.49924546
0.4992453
0.49924487
0.49924475
0.4992451
0.49924523
0.49924523
0.49924487
0.49924403
0.4992451
0.49924487
0.49924493
0.49924493
0.49924487
0.49924487
0.49924487
0.4992451
0.49924463
0.4992451
0.4992447
0.49924475
0.49924672
0.49924463
0.4992451
0.4992451
0.4992451
0.49924487
0.49924523
0.4992451
0.49924523
0.49924487
0.4992454
0.49924523
0.49924535
0.4992454
0.4992451
0.499245
0.49924535
0.4992451
0.4992447
0.499245
0.49924487
0.4992451
0.49924463
0.499245
0.49924475
0.49924517
0.49924535
0.49924475
0.499245
0.49924505
0.4992451
0.49924517
0.4992448
0.49924535
0.499245
0.4992451
0.49924505
0.49924517
0.49924487
0.4992451
0.49924463
0.49924523
0.49924463
0.49924487
0.49924558
0.4992451
0.49924487
0.4992448
0.4992447
0.4992448
0.4992451
0.49924475
0.4992451
0.4992445
0.499245
0.49924487
0.49924487
0.49924517
0.499245
0.49924523
0.499245
0.4992451
0.49924523
0.499245
0.49924463
0.4992451
0.49924546
0.499245
0.4992451
0.49924487
0.49924523
0.499245
0.49924517
0.49924523
0.4992447
0.4992445
0.49924493
0.49924487
0.4992451
0.49924487
0.49924475
0.499245
0.49924535
0.49924487
0.49924535
0.49924487
0.49924523
0.49924487
0.49924487
0.49924517
0.49924546
0.4992451
0.49924475
0.4992451
0.49924505
0.49924523
0.4992454
0.499245
0.4992451
0.4992451
0.49924535
0.499245
0.49924475
0.49924475
0.49924523
0.4992451
0.49924535
0.49924558
0.49924487
0.49924523
0.49924475
0.49924505
0.49924487
0.49924493
0.49924487
0.49924523
0.4992448
0.499245
0.49924487
0.4992451
0.4992451
0.49924487
0.49924415
0.49924487
0.49924493
0.49924517
0.49924517
0.49924487
0.49924535
0.49924463
0.49924535
0.49924517
0.4992451
0.49924415
0.49924523
0.49924576
0.49924487
0.49924493
0.49924487
0.4992453
0.49924487
0.4992451
0.49924475
0.499245
0.49924517
0.4992451
0.499245
0.49924523
0.49924493
0.49924493
0.49924487
0.49924475
0.4992451
0.4992451
0.4992451
0.49924517
0.49924523
0.4992451
0.49924344
0.49924523
0.49924475
0.4992451
0.499245
0.49924535
0.4992451
0.49924475
0.49924535
0.49924487
0.4992445
0.49924505
0.4992451
0.49924523
0.499245
0.4992451
0.4992447
0.499245
0.49924487
0.49924523
0.49924523
0.49924517
0.499245
0.4992453
0.4992451
0.4992451
0.49924517
0.499245
0.49924475
0.499245
0.4992451
0.4992453
0.4992448
0.49924475
0.49924523
0.49924535
0.4992451
0.49924505
0.49924505
0.49924505
0.49924487
0.499245
0.49924523
0.49924523
0.49924523
0.49924487
0.49924427
0.499245
0.49924523
0.499245
0.499245
0.4992448
0.49924475
0.49924487
0.49924505
0.49924523
0.4992451
0.4992451
0.499245
0.4992451
0.49924487
0.49924523
0.4992451
0.4992451
0.49924517
0.49924475
0.4992453
0.49924546
0.49924505
0.49924487
0.4992451
0.499245
0.49924487
0.4992451
0.49924463
0.49924535
0.49924493
0.4992453
0.499245
0.49924487
0.49924487
0.49924487
0.49924493
0.4992454
0.49924523
0.49924463
0.49924523
0.49924487
0.49924487
0.49924403
0.49924463
0.49924517
0.4992451
0.49924463
0.49924523
0.49924475
0.499245
0.49924505
0.4992453
0.499245
0.49924475
0.49924517
0.4992448
0.4992448
0.49924535
0.49924487
0.49924535
0.4992444
0.49924594
0.4992451
0.49924487
0.49924487
0.49924535
0.49924523
0.49924487
0.4992454
0.49924487
0.49924523
0.4992448
0.499245
0.49924487
0.49924546
0.49924523
0.49924535
0.4992448
0.499245
0.49924523
0.49924487
0.4992448
0.4992445
0.499245
0.4992451
0.49924487
0.499245
0.49924582
0.49924475
0.499245
0.4992448
0.49924475
0.49924523
0.49924523
0.49924463
0.4992451
0.49924523
0.499245
0.49924546
0.4992451
0.499245
0.49924487
0.49924487
0.499245
0.49924493
0.49924457
0.4992445
0.49924463
0.49924517
0.49924463
0.49924546
0.4992451
0.4992451
0.4992451
0.49924523
0.4992448
0.49924505
0.499245
0.49924505
0.499245
0.4992451
0.4992444
0.49924523
0.49924558
0.49924582
0.4992451
0.49924523
0.49924433
0.499245
0.4992451
0.4992451
0.49924505
0.499245
0.49924505
0.499245
0.4992451
0.49924487
0.49924487
0.49924487
0.4992451
0.4992448
0.49924517
0.49924535
0.499245
0.49924475
0.499245
0.4992451
0.49924523
0.49924624
0.4992448
0.49924535
0.4992451
0.49924546
0.4992451
0.49924487
0.4992447
0.49924523
0.49924517
0.4992451
0.4992451
0.4992448
0.4992451
0.49924505
0.4992454
0.49924523
0.49924517
0.49924517
0.49924487
0.4992451
0.499245
0.49924523
0.49924493
0.4992451
0.49924505
0.49924487
0.49924487
0.4992453
0.49924475
0.499245
0.49924475
0.49924475
0.499245
0.49924505
0.49924523
0.49924487
0.49924487
0.49924713
0.49924487
0.4992444
0.4992451
0.499245
0.4992442
0.49924475
0.499245
0.4992451
0.49924523
0.49924523
0.49924523
0.499245
0.4992451
0.49924487
0.4992448
0.49924487
0.49924475
0.499245
0.4992451
0.4992451
0.49924517
0.49924493
0.49924487
0.49924517
0.4992451
0.49924523
0.4992451
0.4992454
0.49924487
0.499245
0.49924475
0.49924475
0.49924463
0.499245
0.4992451
0.49924493
0.49924475
0.499245
0.49924475
0.49924535
0.4992451
0.4992451
0.49924487
0.49924535
0.4992451
0.49924523
0.49924517
0.49924523
0.49924505
0.4992451
0.49924487
0.499245
0.49924523
0.49924493
0.4992451
0.499245
0.49924523
0.49924493
0.499245
0.49924487
0.49924523
0.49924523
0.499245
0.49924433
0.49924475
0.49924487
0.499245
0.49924475
0.4992451
0.49924517
0.49924475
0.49924505
0.49924487
0.49924517
0.49924558
0.4992447
0.4992453
0.49924535
0.4992448
0.49924523
0.499245
0.49924487
0.4992451
0.499245
0.499245
0.4992451
0.499245
0.499245
0.49924517
0.49924487
0.4992451
0.4992448
0.49924463
0.49924546
0.4992451
0.499245
0.49924487
0.4992453
0.49924487
0.499245
0.49924558
0.49924546
0.49924487
0.49924523
0.49924523
0.4992448
0.49924487
0.49924546
0.49924487
0.49924493
0.49924475
0.49924546
0.49924523
0.49924487
0.4992451
0.4992453
0.499245
0.49924493
0.49924463
0.4992451
0.49924523
0.4992453
0.499245
0.4992454
0.49924487
0.49924493
0.49924594
0.499245
0.49924487
0.49924427
0.49924487
0.49924523
0.49924487
0.49924546
0.49924517
0.499245
0.4992448
0.4992451
0.49924487
0.49924368
0.49924493
0.49924487
0.49924487
0.499245
0.49924558
0.4992451
0.49924463
0.4992451
0.4992448
0.49924457
0.49924475
0.49924475
0.49924344
0.49924493
0.49924493
0.49924517
0.4992451
0.499245
0.49924493
0.49924523
0.4992447
0.49924576
0.49924487
0.4992451
0.49924505
0.499245
0.49924505
0.49924505
0.4992447
0.49924463
0.4992448
0.4992451
0.4992451
0.49924505
0.49924475
0.49924558
0.49924475
0.49924475
0.49924558
0.499245
0.49924523
0.49924487
0.49924523
0.49924487
0.49924487
0.499245
0.49924487
0.4992451
0.49924535
0.499245
0.4992457
0.49924564
0.4992451
0.499245
0.49924475
0.4992451
0.499245
0.4992445
0.49924475
0.49924535
0.49924517
0.49924487
0.4992453
0.499245
0.499245
0.49924523
0.49924523
0.4992441
0.4992451
0.49924487
0.4992451
0.499245
0.49924487
0.4992451
0.4992451
0.49924523
0.4992451
0.49924487
0.49924493
0.49924523
0.49924535
0.49924523
0.49924463
0.49924493
0.4992451
0.499245
0.49924487
0.49924523
0.49924487
0.49924517
0.49924558
0.49924535
0.4992453
0.4992444
0.49924505
0.49924493
0.4992451
0.49924487
0.499245
0.49924523
0.4992451
0.49924535
0.49924487
0.49924505
0.499245
0.4992453
0.4992447
0.49924493
0.499245
0.499245
0.4992451
0.4992445
0.499245
0.49924523
0.49924523
0.49924558
0.49924523
0.49924535
0.499245
0.49924463
0.49924523
0.4992453
0.49924487
0.49924523
0.49924523
0.4992451
0.49924535
0.49924487
0.49924475
0.49924487
0.4992453
0.49924493
0.4992451
0.4992445
0.49924517
0.4992451
0.49924493
0.49924523
0.49924487
0.49924535
0.49924493
0.4992448
0.4992448
0.49924487
0.49924487
0.499245
0.4992451
0.49924535
0.49924517
0.49924505
0.499245
0.49924487
0.499245
0.4992457
0.49924523
0.499245
0.49924523
0.4992451
0.49924517
0.49924558
0.4992457
0.499245
0.4992451
0.4992451
0.49924463
0.49924475
0.49924475
0.49924517
0.49924487
0.49924487
0.4992451
0.499245
0.499245
0.49924487
0.49924523
0.4992451
0.499245
0.49924463
0.499245
0.49924415
0.49924517
0.49924505
0.49924457
0.4992451
0.4992451
0.4992451
0.49924523
0.4992451
0.499245
0.49924523
0.49924517
0.49924487
0.49924493
0.499245
0.49924517
0.49924487
0.499245
0.49924517
0.49924517
0.49924517
0.499245
0.499245
0.499245
0.4992451
0.49924475
0.49924487
0.49924403
0.499245
0.49924493
0.49924523
0.4992444
0.49924505
0.49924487
0.4992451
0.49924505
0.49924475
0.499245
0.499245
0.4992451
0.4992451
0.49924487
0.49924517
0.4992448
0.4992448
0.49924564
0.49924487
0.4992442
0.4992453
0.4992451
0.4992445
0.499245
0.49924517
0.4992451
0.49924475
0.49924463
0.4992448
0.49924487
0.49924487
0.49924535
0.499245
0.4992451
0.49924487
0.4992451
0.49924475
0.499245
0.4992451
0.4992451
0.49924457
0.4992451
0.4992451
0.4992444
0.499245
0.49924505
0.49924487
0.49924487
0.4992451
0.49924493
0.4992445
0.49924517
0.49924517
0.499245
0.49924487
0.49924475
0.4992453
0.49924403
0.499245
0.4992451
0.49924517
0.4992451
0.49924505
0.49924523
0.49924487
0.499245
0.49924475
0.49924546
0.49924487
0.49924505
0.4992454
0.49924463
0.49924535
0.4992454
0.49924523
0.4992451
0.49924433
0.49924523
0.49924392
0.49924523
0.49924493
0.49924523
0.4992451
0.49924487
0.4992451
0.4992451
0.49924475
0.49924487
0.49924505
0.4992453
0.49924505
0.49924523
0.49924487
0.4992451
0.4992451
0.499245
0.4992451
0.4992451
0.4992451
0.4992451
0.49924523
0.49924487
0.499245
0.49924475
0.49924523
0.49924505
0.49924487
0.499245
0.49924523
0.49924487
0.4992451
0.49924505
0.49924493
0.49924558
0.49924505
0.499245
0.49924517
0.49924517
0.49924493
0.49924487
0.49924517
0.49924517
0.4992451
0.49924487
0.49924517
0.49924463
0.49924228
0.49924546
0.49924493
0.49924523
0.4992451
0.49924546
0.49924493
0.49924475
0.49924493
0.4992453
0.49924487
0.49924463
0.49924523
0.4992451
0.49924487
0.49924427
0.49924493
0.49924487
0.49924523
0.499245
0.49924523
0.499245
0.49924523
0.49924493
0.499245
0.49924475
0.4992451
0.499245
0.4992451
0.49924487
0.4992451
0.4992451
0.4992451
0.49924487
0.49924487
0.49924487
0.49924523
0.49924493
0.4992454
0.49924535
0.4992451
0.49924487
0.49924487
0.4992451
0.49924517
0.499245
0.4992451
0.49924558
0.4992453
0.49924523
0.49924487
0.4992451
0.49924523
0.49924535
0.4992451
0.49924493
0.4992451
0.49924493
0.49924517
0.4992451
0.49924535
0.499245
0.4992451
0.4992451
0.49924487
0.49924493
0.499245
0.49924523
0.4992453
0.49924463
0.49924493
0.4992451
0.49924487
0.49924523
0.4992448
0.49924487
0.49924487
0.49924523
0.4992453
0.49924487
0.49924493
0.4992451
0.49924475
0.49924517
0.49924457
0.49924487
0.49924505
0.49924487
0.49924493
0.499245
0.49924493
0.49924493
0.49924487
0.49924493
0.49924517
0.49924475
0.49924505
0.4992451
0.49924523
0.499245
0.49924523
0.49924523
0.49924463
0.49924403
0.4992444
0.4992447
0.49924558
0.49924475
0.499245
0.49924523
0.499245
0.49924505
0.49924523
0.49924517
0.49924523
0.4992451
0.4992451
0.49924517
0.49924523
0.49924523
0.4992454
0.49924535
0.499245
0.4992451
0.4992451
0.4992451
0.4992448
0.49924487
0.4992451
0.49924493
0.499245
0.49924505
0.49924487
0.49924517
0.4992448
0.49924523
0.4992451
0.49924523
0.49924535
0.499245
0.4992451
0.49924362
0.49924463
0.49924487
0.49924505
0.49924475
0.49924505
0.4992445
0.49924493
0.4992451
0.499245
0.499245
0.499245
0.49924475
0.499245
0.49924517
0.49924523
0.49924487
0.4992444
0.499245
0.49924487
0.49924487
0.4992447
0.4992451
0.49924517
0.49924535
0.49924487
0.499245
0.49924493
0.499245
0.49924493
0.4992451
0.49924493
0.4992451
0.4992444
0.49924493
0.4992451
0.49924523
0.49924523
0.49924487
0.49924493
0.499245
0.49924523
0.499245
0.49924523
0.4992457
0.4992448
0.49924487
0.4992445
0.499245
0.49924487
0.4992448
0.4992448
0.49924523
0.49924475
0.499245
0.49924505
0.49924475
0.49924493
0.4992451
0.49924523
0.4992451
0.49924463
0.49924493
0.49924505
0.49924505
0.499245
0.49924493
0.49924535
0.49924445
0.499245
0.4992451
0.49924517
0.4992451
0.49924487
0.4992451
0.49924505
0.499245
0.49924487
0.4992445
0.4992457
0.4992453
0.4992451
0.49924493
0.4992444
0.49924475
0.49924517
0.49924505
0.49924546
0.49924475
0.49924475
0.49924523
0.4992451
0.49924523
0.49924552
0.49924374
0.49924535
0.499245
0.499245
0.499245
0.49924475
0.4992451
0.49924475
0.49924475
0.49924523
0.499245
0.49924487
0.49924487
0.49924535
0.4992447
0.4992448
0.49924487
0.49924523
0.49924523
0.49924475
0.49924517
0.499245
0.49924487
0.49924487
0.49924463
0.49924487
0.4992451
0.49924487
0.4992451
0.49924517
0.499245
0.4992448
0.4992451
0.49924523
0.49924493
0.49924493
0.49924517
0.499245
0.49924475
0.49924535
0.49924517
0.49924535
0.499245
0.4992445
0.4992451
0.49924403
0.49924558
0.49924493
0.49924475
0.49924487
0.49924487
0.49924487
0.49924535
0.4992451
0.49924517
0.49924546
0.4992451
0.49924487
0.49924546
0.499245
0.49924505
0.499245
0.49924487
0.49924505
0.4992451
0.49924523
0.49924535
0.49924487
0.4992453
0.49924523
0.49924505
0.49924523
0.4992451
0.499245
0.4992451
0.49924523
0.49924523
0.4992451
0.49924523
0.4992451
0.49924517
0.49924505
0.49924463
0.49924523
0.49924392
0.4992451
0.49924475
0.49924487
0.49924523
0.49924487
0.49924523
0.4992451
0.49924546
0.49924493
0.49924457
0.49924493
0.49924475
0.49924487
0.49924487
0.49924493
0.4992453
0.4992448
0.49924493
0.49924487
0.49924517
0.49924487
0.49924505
0.49924517
0.4992451
0.499245
0.49924463
0.49924535
0.4992445
0.49924475
0.49924523
0.4992451
0.49924523
0.4992469
0.49924475
0.499245
0.499245
0.49924582
0.4992451
0.49924523
0.49924546
0.49924487
0.49924463
0.49924523
0.49924487
0.49924505
0.49924487
0.4992448
0.49924546
0.499245
0.49924535
0.4992453
0.49924487
0.49924487
0.49924493
0.49924487
0.4992451
0.49924535
0.49924505
0.49924475
0.4992448
0.49924475
0.49924493
0.49924487
0.49924523
0.49924475
0.49924594
0.4992453
0.4992444
0.49924558
0.49924475
0.49924505
0.49924463
0.4992451
0.49924493
0.49924523
0.499245
0.49924558
0.49924493
0.4992451
0.49924505
0.499245
0.49924493
0.49924523
0.49924535
0.49924463
0.49924487
0.49924523
0.49924535
0.49924463
0.49924523
0.4992453
0.49924493
0.49924523
0.49924475
0.49924493
0.49924493
0.4992451
0.4992451
0.49924493
0.49924517
0.49924546
0.49924505
0.49924523
0.4992451
0.49924475
0.49924505
0.49924457
0.4992451
0.49924517
0.49924523
0.499245
0.49924493
0.49924523
0.4992454
0.49924523
0.4992451
0.499245
0.499245
0.49924475
0.49924523
0.499245
0.49924523
0.49924487
0.4992448
0.49924457
0.49924475
0.49924487
0.49924487
0.49924445
0.49924505
0.49924475
0.49924523
0.4992451
0.49924517
0.49924535
0.49924487
0.4992453
0.49924523
0.499245
0.49924517
0.4992451
0.49924523
0.4992453
0.49924487
0.49924517
0.49924517
0.499245
0.4992453
0.49924475
0.49924475
0.4992454
0.49924523
0.4992451
0.4992448
0.4992451
0.4992448
0.4992451
0.49924535
0.49924523
0.49924487
0.49924505
0.4992448
0.4992451
0.49924517
0.4992435
0.49924493
0.49924523
0.4992454
0.49924487
0.49924487
0.4992448
0.49924523
0.49924505
0.49924487
0.49924487
0.499245
0.4992451
0.4992448
0.49924487
0.49924523
0.4992451
0.49924487
0.49924493
0.49924523
0.49924523
0.4992451
0.49924457
0.49924475
0.49924505
0.49924558
0.49924475
0.49924487
0.49924493
0.499245
0.49924463
0.499245
0.49924523
0.49924475
0.49924475
0.4992451
0.49924523
0.49924517
0.49924487
0.49924445
0.49924505
0.49924487
0.4992453
0.4992451
0.49924517
0.49924535
0.4992451
0.4992447
0.4992451
0.49924517
0.49924558
0.49924487
0.499245
0.49924457
0.4992451
0.4992451
0.49924523
0.499245
0.49924475
0.49924523
0.49924493
0.49924546
0.49924475
0.499245
0.49924505
0.4992447
0.49924558
0.4992451
0.49924523
0.49924523
0.4992451
0.49924523
0.4992451
0.499245
0.499245
0.49924487
0.49924517
0.49924493
0.4992448
0.49924535
0.49924463
0.49924487
0.49924487
0.49924463
0.499245
0.4992448
0.4992448
0.49924505
0.4992451
0.49924535
0.499245
0.499245
0.49924517
0.49924523
0.4992451
0.4992453
0.4992445
0.49924487
0.49924493
0.49924535
0.49924523
0.49924463
0.499245
0.49924493
0.4992448
0.49924475
0.49924487
0.499245
0.49924523
0.499245
0.4992451
0.4992451
0.49924523
0.499245
0.4992451
0.49924535
0.4992451
0.49924505
0.4992451
0.49924523
0.49924493
0.4992451
0.49924493
0.49924523
0.4992448
0.4992453
0.4992451
0.49924535
0.49924523
0.499245
0.49924523
0.499245
0.49924463
0.4992457
0.4992451
0.4992453
0.49924505
0.49924487
0.49924523
0.499245
0.49924517
0.49924487
0.49924493
0.4992453
0.49924523
0.49924523
0.49924505
0.49924487
0.499245
0.49924463
0.49924523
0.4992453
0.49924487
0.4992451
0.49924487
0.49924523
0.49924523
0.499245
0.4992447
0.49924475
0.4992451
0.49924403
0.4992454
0.4992447
0.49924523
0.4992453
0.49924487
0.4992451
0.499245
0.4992453
0.4992448
0.4992438
0.49924535
0.49924535
0.499245
0.49924487
0.4992445
0.49924517
0.49924475
0.4992451
0.499245
0.49924475
0.49924475
0.49924493
0.49924523
0.499245
0.4992451
0.4992451
0.49924415
0.49924475
0.4992448
0.4992451
0.49924523
0.4992451
0.4992448
0.49924505
0.4992451
0.4992451
0.49924523
0.499245
0.49924517
0.49924505
0.4992451
0.49924672
0.49924487
0.49924463
0.4992441
0.4992454
0.4992451
0.4992444
0.499245
0.49924505
0.49924475
0.49924475
0.49924523
0.49924517
0.499245
0.4992451
0.49924487
0.499245
0.49924535
0.4992451
0.49924535
0.49924487
0.499245
0.49924546
0.49924487
0.4992451
0.49924523
0.49924523
0.4992451
0.4992447
0.49924517
0.49924487
0.49924415
0.49924487
0.49924487
0.49924535
0.49924463
0.49924475
0.49924487
0.4992451
0.499245
0.49924493
0.499245
0.4992451
0.499245
0.4992451
0.4992451
0.4992451
0.49924433
0.4992453
0.49924523
0.49924588
0.49924523
0.49924517
0.499245
0.499245
0.49924487
0.49924523
0.49924523
0.49924523
0.49924487
0.49924487
0.49924523
0.49924463
0.499245
0.499245
0.49924487
0.49924475
0.49924517
0.49924487
0.49924368
0.49924523
0.49924475
0.49924535
0.49924505
0.4992451
0.499245
0.4992448
0.49924487
0.49924523
0.4992451
0.49924517
0.49924475
0.49924493
0.49924487
0.499245
0.49924523
0.49924487
0.4992451
0.4992451
0.4992451
0.49924457
0.49924523
0.49924523
0.49924493
0.4992451
0.49924487
0.49924487
0.4992451
0.49924523
0.49924475
0.49924475
0.4992451
0.49924487
0.49924552
0.4992451
0.49924523
0.49924493
0.49924457
0.499245
0.4992451
0.4992448
0.4992445
0.499245
0.499245
0.49924475
0.49924463
0.49924523
0.49924463
0.499245
0.49924475
0.49924487
0.499245
0.49924487
0.49924493
0.499245
0.49924487
0.49924523
0.49924487
0.49924523
0.499245
0.49924487
0.499245
0.49924487
0.49924505
0.49924463
0.49924535
0.49924517
0.49924487
0.499245
0.49924487
0.49924493
0.49924523
0.49924475
0.49924344
0.49924487
0.49924517
0.49924487
0.49924517
0.4992451
0.49924487
0.49924517
0.49924535
0.49924487
0.49924517
0.4992451
0.499245
0.49924487
0.499245
0.49924487
0.49924523
0.49924546
0.49924535
0.49924517
0.49924535
0.49924666
0.49924523
0.49924493
0.4992451
0.49924517
0.49924505
0.4992451
0.4992448
0.49924487
0.49924505
0.4992451
0.499245
0.499245
0.49924523
0.49924403
0.49924475
0.4992448
0.49924487
0.4992451
0.49924463
0.49924457
0.4992451
0.49924487
0.4992451
0.49924517
0.49924475
0.49924523
0.49924505
0.49924517
0.49924523
0.4992451
0.499245
0.49924523
0.499245
0.49924475
0.49924493
0.4992453
0.499245
0.49924523
0.49924493
0.49924517
0.4992451
0.499245
0.49924487
0.4992448
0.49924487
0.49924487
0.49924517
0.49924487
0.49924523
0.49924487
0.49924505
0.49924487
0.49924535
0.49924505
0.49924523
0.4992453
0.49924505
0.4992451
0.49924487
0.4992451
0.49924433
0.4992451
0.49924493
0.49924493
0.49924487
0.499245
0.49924523
0.49924475
0.49924487
0.4992451
0.4992448
0.49924463
0.499245
0.49924505
0.49924523
0.49924463
0.49924517
0.4992451
0.4992451
0.49924487
0.49924523
0.499245
0.49924493
0.4992453
0.499245
0.49924487
0.49924487
0.49924487
0.4992451
0.49924493
0.49924475
0.49924475
0.499245
0.49924427
0.49924546
0.49924475
0.4992453
0.49924487
0.49924505
0.49924523
0.4992451
0.499245
0.4992453
0.4992453
0.49924493
0.4992451
0.49924523
0.49924564
0.49924433
0.49924523
0.4992451
0.49924487
0.49924475
0.49924535
0.49924487
0.4992451
0.4992451
0.49924487
0.4992451
0.49924523
0.499245
0.49924535
0.4992453
0.49924487
0.4992451
0.49924493
0.49924475
0.4992451
0.4992448
0.49924535
0.49924475
0.49924493
0.49924523
0.49924463
0.4992454
0.49924493
0.49924523
0.49924523
0.499245
0.49924487
0.49924487
0.49924523
0.49924493
0.49924475
0.49924487
0.49924475
0.4992451
0.4992451
0.49924535
0.4992447
0.49924487
0.49924535
0.4992453
0.49924487
0.49924517
0.49924463
0.49924517
0.49924493
0.49924517
0.49924463
0.499245
0.49924523
0.4992451
0.49924487
0.49924487
0.499245
0.4992451
0.499245
0.49924487
0.4992451
0.49924523
0.49924475
0.49924546
0.499245
0.49924397
0.49924523
0.499245
0.499245
0.4992451
0.499245
0.49924505
0.4992451
0.499245
0.49924552
0.49924523
0.49924505
0.4992453
0.49924463
0.49924535
0.49924475
0.4992451
0.49924487
0.4992453
0.49924505
0.49924546
0.499245
0.499245
0.49924487
0.4992451
0.4992451
0.499245
0.4992451
0.49924487
0.49924523
0.4992451
0.49924487
0.49924457
0.49924487
0.499245
0.49924475
0.49924523
0.49924493
0.49924475
0.49924523
0.499245
0.4992453
0.49924463
0.4992451
0.49924523
0.4992453
0.49924487
0.49924427
0.49924546
0.49924475
0.49924523
0.49924505
0.4992451
0.49924552
0.4992438
0.4992448
0.49924487
0.499245
0.49924523
0.4992453
0.49924546
0.49924487
0.49924463
0.4992451
0.4992451
0.49924546
0.49924523
0.499245
0.4992448
0.49924475
0.499245
0.49924487
0.49924475
0.49924463
0.4992448
0.49924487
0.499245
0.49924487
0.4992445
0.4992451
0.499245
0.4992451
0.49924523
0.49924576
0.4992451
0.49924505
0.4992451
0.499245
0.49924523
0.4992447
0.49924517
0.49924505
0.49924475
0.49924487
0.49924523
0.49924505
0.4992451
0.4992447
0.4992451
0.4992453
0.4992451
0.4992448
0.4992451
0.49924517
0.4992453
0.4992454
0.4992451
0.49924487
0.49924463
0.49924523
0.49924475
0.49924487
0.4992451
0.49924582
0.499245
0.49924523
0.49924523
0.49924535
0.499245
0.4992451
0.49924546
0.4992451
0.49924517
0.49924535
0.49924487
0.49924487
0.499245
0.49924433
0.49924523
0.499245
0.49924487
0.49924475
0.49924564
0.49924493
0.49924463
0.49924463
0.49924523
0.49924487
0.4992447
0.4992451
0.4992451
0.49924463
0.49924493
0.4992451
0.4992451
0.49924475
0.4992448
0.49924487
0.49924523
0.4992451
0.49924535
0.49924475
0.49924487
0.49924487
0.49924523
0.49924523
0.4992453
0.49924487
0.49924487
0.49924463
0.499245
0.49924523
0.49924546
0.49924546
0.49924475
0.49924517
0.4992448
0.49924523
0.49924403
0.4992451
0.49924523
0.4992451
0.499245
0.49924517
0.49924505
0.49924505
0.49924475
0.49924505
0.49924523
0.4992451
0.4992453
0.49924475
0.49924487
0.49924415
0.49924582
0.49924475
0.4992451
0.499245
0.49924463
0.49924582
0.49924505
0.4992451
0.49924505
0.49924487
0.49924427
0.49924427
0.499245
0.499245
0.49924523
0.49924558
0.4992454
0.49924487
0.49924523
0.499245
0.49924517
0.49924505
0.4992442
0.4992451
0.499245
0.4992451
0.4992451
0.4992451
0.4992451
0.49924487
0.49924505
0.49924517
0.49924487
0.49924517
0.49924546
0.49924475
0.499245
0.49924463
0.49924523
0.49924517
0.499245
0.49924523
0.499245
0.49924457
0.49924523
0.499245
0.49924487
0.49924475
0.4992451
0.49924517
0.4992451
0.4992448
0.4992451
0.49924487
0.49924505
0.4992451
0.4992451
0.499245
0.49924487
0.49924487
0.4992447
0.49924535
0.4992451
0.499245
0.4992451
0.499245
0.4992448
0.49924523
0.49924546
0.49924487
0.49924517
0.49924475
0.49924523
0.4992451
0.49924493
0.49924535
0.49924487
0.4992451
0.49924463
0.4992451
0.49924505
0.499245
0.49924523
0.49924523
0.4992441
0.49924475
0.4992445
0.4992454
0.49924487
0.49924523
0.499245
0.49924493
0.499245
0.49924517
0.49924445
0.49924487
0.49924517
0.499245
0.4992448
0.49924487
0.49924523
0.49924493
0.49924487
0.4992451
0.49924523
0.4992451
0.49924523
0.49924517
0.4992447
0.49924523
0.49924463
0.49924487
0.49924546
0.4992447
0.4992451
0.49924475
0.49924558
0.49924523
0.4992451
0.49924463
0.49924517
0.4992451
0.49924535
0.49924535
0.49924535
0.49924487
0.49924463
0.49924487
0.49924475
0.4992451
0.49924403
0.4992451
0.4992454
0.49924505
0.49924475
0.4992454
0.499245
0.4992451
0.49924493
0.49924523
0.49924523
0.49924517
0.49924523
0.49924523
0.49924487
0.499245
0.499245
0.49924505
0.49924493
0.49924523
0.49924487
0.499245
0.49924546
0.49924535
0.49924594
0.4992451
0.49924535
0.49924523
0.49924505
0.499245
0.4992444
0.49924517
0.49924493
0.4992454
0.499245
0.4992454
0.4992448
0.4992451
0.49924523
0.4992448
0.49924475
0.49924475
0.49924523
0.4992445
0.49924368
0.4992453
0.4992453
0.499245
0.499245
0.49924535
0.49924487
0.49924517
0.49924517
0.4992451
0.49924487
0.4992447
0.4992451
0.49924523
0.49924523
0.49924517
0.49924493
0.49924487
0.49924523
0.4992451
0.49924487
0.49924523
0.49924552
0.49924493
0.4992451
0.49924523
0.49924505
0.49924487
0.49924535
0.49924523
0.49924523
0.499245
0.499245
0.4992451
0.49924523
0.499245
0.49924487
0.4992454
0.49924493
0.49924475
0.49924475
0.49924535
0.4992451
0.49924505
0.4992453
0.49924535
0.49924552
0.4992448
0.499245
0.4992447
0.49924487
0.499245
0.4992451
0.499245
0.4992451
0.4992451
0.49924523
0.49924535
0.49924505
0.49924505
0.49924475
0.49924493
0.49924505
0.499245
0.49924493
0.499245
0.49924487
0.4992451
0.49924523
0.4992451
0.4992451
0.499245
0.49924517
0.49924546
0.49924523
0.49924427
0.49924463
0.49924523
0.49924487
0.49924487
0.49924487
0.49924523
0.4992451
0.49924487
0.4992451
0.4992451
0.49924487
0.4992457
0.49924535
0.49924523
0.49924487
0.4992451
0.4992451
0.4992451
0.49924487
0.4992448
0.4992453
0.49924523
0.49924487
0.4992451
0.4992451
0.49924576
0.49924475
0.49924523
0.499245
0.49924546
0.4992451
0.49924487
0.4992451
0.49924523
0.49924487
0.49924535
0.49924493
0.49924523
0.49924463
0.49924618
0.49924523
0.4992451
0.499245
0.4992451
0.49924475
0.49924487
0.49924487
0.49924487
0.49924535
0.49924535
0.49924546
0.4992453
0.49924475
0.4992451
0.49924523
0.49924487
0.49924487
0.49924517
0.4992451
0.4992447
0.49924523
0.499245
0.4992451
0.4992451
0.4992451
0.4992451
0.49924493
0.49924487
0.499245
0.4992451
0.49924475
0.49924517
0.49924493
0.4992451
0.4992451
0.49924475
0.4992453
0.49924523
0.49924535
0.499245
0.4992451
0.499245
0.4992447
0.4992451
0.499245
0.49924475
0.49924505
0.49924523
0.4992453
0.4992451
0.49924493
0.49924523
0.49924523
0.4992447
0.4992448
0.4992445
0.49924487
0.49924505
0.4992457
0.49924523
0.49924487
0.4992451
0.49924523
0.499245
0.4992448
0.49924374
0.49924535
0.4992448
0.499245
0.4992451
0.4992448
0.49924487
0.49924535
0.499245
0.4992451
0.4992451
0.49924523
0.49924487
0.4992451
0.49924445
0.499245
0.49924475
0.49924487
0.49924487
0.4992451
0.4992451
0.499245
0.49924546
0.4992445
0.4992451
0.499245
0.49924493
0.4992451
0.49924493
0.49924505
0.499245
0.49924505
0.4992451
0.4992448
0.4992451
0.49924523
0.49924415
0.499245
0.4992451
0.49924487
0.49924546
0.4992451
0.49924505
0.4992451
0.4992451
0.49924475
0.4992445
0.4992451
0.499245
0.49924523
0.4992444
0.49924523
0.49924493
0.4992453
0.49924523
0.49924487
0.49924475
0.4992451
0.49924505
0.49924517
0.49924493
0.49924505
0.49924493
0.4992451
0.49924463
0.49924558
0.499245
0.49924535
0.49924523
0.499245
0.49924493
0.49924535
0.49924463
0.49924493
0.49924517
0.49924457
0.49924463
0.49924517
0.49924535
0.4992451
0.499245
0.4992451
0.4992448
0.499245
0.4992448
0.49924517
0.499245
0.4992447
0.49924505
0.49924535
0.4992451
0.49924487
0.49924517
0.49924475
0.49924535
0.4992451
0.49924487
0.49924487
0.499245
0.49924517
0.4992451
0.4992447
0.499245
0.49924517
0.499245
0.4992451
0.4992451
0.49924523
0.499245
0.49924546
0.4992445
0.49924487
0.49924546
0.49924546
0.4992444
0.49924263
0.4992454
0.49924487
0.49924517
0.49924523
0.49924463
0.4992451
0.49924535
0.499245
0.49924517
0.4992451
0.49924523
0.49924463
0.49924475
0.49924523
0.49924493
0.499245
0.49924546
0.4992451
0.49924523
0.49924535
0.49924475
0.49924523
0.49924487
0.4992451
0.49924624
0.49924493
0.4992444
0.49924654
0.4992453
0.49924475
0.49924523
0.49924487
0.49924678
0.499245
0.49924505
0.4992451
0.499245
0.49924517
0.4992451
0.49924487
0.49924523
0.49924487
0.499245
0.49924475
0.49924475
0.49924546
0.49924505
0.49924475
0.49924523
0.4992451
0.49924487
0.4992451
0.49924523
0.499245
0.49924493
0.4992451
0.49924493
0.4992448
0.49924535
0.49924546
0.49924523
0.4992453
0.49924523
0.49924517
0.4992445
0.49924523
0.4992451
0.4992447
0.4992451
0.49924523
0.49924523
0.49924356
0.49924523
0.49924493
0.49924475
0.49924475
0.49924493
0.4992453
0.4992448
0.49924546
0.4992453
0.4992451
0.49924523
0.49924493
0.49924546
0.49924493
0.49924505
0.49924505
0.4992451
0.4992451
0.49924487
0.49924487
0.49924487
0.4992453
0.4992451
0.4992451
0.49924475
0.49924517
0.49924523
0.49924523
0.49924523
0.49924463
0.49924558
0.4992448
0.49924505
0.49924523
0.49924546
0.49924505
0.49924505
0.49924523
0.499245
0.49924517
0.4992445
0.4992451
0.499245
0.4992451
0.49924523
0.49924558
0.4992451
0.49924493
0.4992454
0.4992454
0.49924523
0.49924505
0.49924493
0.4992451
0.49924535
0.49924487
0.49924523
0.499245
0.49924582
0.49924487
0.499245
0.49924523
0.49924427
0.49924523
0.4992451
0.49924517
0.499245
0.49924487
0.49924517
0.499245
0.49924517
0.49924487
0.4992453
0.49924523
0.49924558
0.49924487
0.49924463
0.49924487
0.49924332
0.4992448
0.499245
0.49924475
0.4992445
0.49924475
0.49924523
0.49924487
0.49924523
0.49924558
0.4992451
0.49924487
0.49924505
0.499245
0.4992451
0.499245
0.499245
0.49924487
0.4992451
0.4992447
0.4992453
0.49924487
0.49924487
0.49924517
0.49924505
0.49924493
0.4992451
0.49924475
0.4992451
0.4992451
0.49924505
0.49924463
0.49924475
0.49924475
0.4992444
0.49924535
0.49924517
0.49924493
0.49924535
0.49924505
0.499245
0.49924535
0.49924493
0.4992453
0.499245
0.49924487
0.49924475
0.49924493
0.49924487
0.4992444
0.4992451
0.4992451
0.4992451
0.49924403
0.49924546
0.4992448
0.49924523
0.4992451
0.49924546
0.499245
0.4992444
0.49924558
0.4992451
0.4992451
0.4992448
0.4992451
0.49924487
0.49924535
0.4992451
0.49924493
0.49924475
0.49924475
0.4992457
0.49924487
0.49924475
0.499245
0.499245
0.49924427
0.4992454
0.499245
0.4992451
0.4992451
0.499245
0.4992448
0.49924475
0.49924535
0.49924535
0.49924523
0.49924523
0.49924445
0.49924475
0.499245
0.4992448
0.49924517
0.4992447
0.49924493
0.49924546
0.49924463
0.499245
0.499245
0.4992451
0.499245
0.49924517
0.4992445
0.49924493
0.49924475
0.499245
0.499245
0.49924487
0.49924475
0.49924487
0.499245
0.49924535
0.49924523
0.49924493
0.49924487
0.49924493
0.49924457
0.4992451
0.4992451
0.49924517
0.499245
0.49924517
0.4992453
0.49924475
0.49924523
0.49924487
0.49924535
0.4992451
0.49924427
0.49924505
0.4992451
0.4992447
0.49924517
0.49924523
0.4992448
0.49924487
0.499245
0.4992451
0.49924523
0.49924564
0.49924475
0.4992448
0.4992451
0.49924487
0.4992444
0.499245
0.49924517
0.4992451
0.49924558
0.499245
0.49924463
0.499245
0.4992448
0.4992445
0.49924505
0.49924523
0.4992448
0.49924475
0.4992453
0.4992451
0.499245
0.49924523
0.4992451
0.49924523
0.49924523
0.49924487
0.49924523
0.49924523
0.49924493
0.49924523
0.4992453
0.4992451
0.49924505
0.49924523
0.4992451
0.4992451
0.49924487
0.49924487
0.49924546
0.49924487
0.49924487
0.49924493
0.4992453
0.4992451
0.49924463
0.49924505
0.49924487
0.499245
0.49924535
0.49924144
0.49924493
0.49924493
0.4992445
0.49924487
0.49924475
0.4992451
0.49924487
0.4992451
0.499245
0.4992451
0.4992451
0.49924523
0.4992445
0.499245
0.49924445
0.49924487
0.49924517
0.49924505
0.49924475
0.4992451
0.49924523
0.49924523
0.49924487
0.49924493
0.49924487
0.4992453
0.49924535
0.49924523
0.49924523
0.49924433
0.49924487
0.4992451
0.49924338
0.499245
0.49924487
0.49924487
0.49924493
0.49924487
0.49924523
0.49924523
0.4992451
0.49924517
0.499245
0.49924505
0.49924493
0.49924487
0.49924517
0.49924523
0.49924487
0.499245
0.499245
0.49924523
0.49924523
0.49924523
0.49924487
0.4992454
0.49924546
0.4992451
0.49924523
0.499245
0.4992451
0.4992451
0.49924523
0.49924535
0.49924517
0.4992451
0.49924535
0.4992451
0.49924487
0.49924505
0.49924487
0.49924475
0.4992451
0.499245
0.4992451
0.4992451
0.49924523
0.49924427
0.4992451
0.4992457
0.4992445
0.499245
0.4992451
0.499245
0.49924475
0.49924487
0.4992451
0.49924505
0.4992447
0.4992451
0.49924475
0.49924463
0.499245
0.49924487
0.4992451
0.4992453
0.49924523
0.49924535
0.49924475
0.49924523
0.49924487
0.49924505
0.499245
0.49924505
0.49924487
0.49924463
0.49924493
0.49924517
0.499245
0.49924505
0.49924576
0.49924523
0.4992453
0.49924523
0.49924505
0.499245
0.49924475
0.49924523
0.4992451
0.49924535
0.4992451
0.4992451
0.49924523
0.49924475
0.49924487
0.4992451
0.49924523
0.49924475
0.499245
0.4992451
0.49924475
0.4992453
0.49924535
0.49924487
0.4992451
0.499245
0.49924487
0.499245
0.499245
0.49924475
0.4992451
0.49924523
0.4992453
0.49924493
0.49924487
0.4992447
0.49924457
0.4992447
0.49924535
0.49924535
0.4992451
0.49924487
0.49924517
0.49924487
0.499245
0.49924493
0.49924517
0.49924463
0.49924475
0.4992447
0.49924523
0.49924505
0.49924487
0.49924517
0.49924505
0.49924487
0.4992447
0.4992451
0.4992451
0.49924487
0.49924487
0.49924535
0.49924523
0.49924594
0.499245
0.49924487
0.49924463
0.4992444
0.4992451
0.499245
0.49924523
0.49924505
0.4992451
0.4992451
0.4992451
0.49924445
0.49924493
0.49924535
0.49924523
0.49924523
0.4992451
0.49924517
0.499245
0.4992448
0.49924487
0.49924475
0.49924487
0.499245
0.499245
0.49924487
0.4992447
0.499245
0.4992451
0.4992451
0.4992448
0.49924535
0.49924523
0.499245
0.49924487
0.49924493
0.4992451
0.4992451
0.499245
0.4992451
0.49924475
0.499245
0.499245
0.4992445
0.49924517
0.49924493
0.49924463
0.49924487
0.4992447
0.49924523
0.4992451
0.49924487
0.49924546
0.4992451
0.49924475
0.49924487
0.49924546
0.49924523
0.499245
0.499245
0.499245
0.4992451
0.49924475
0.49924487
0.49924475
0.49924463
0.499245
0.4992451
0.4992453
0.4992451
0.49924523
0.4992451
0.49924535
0.49924463
0.49924517
0.49924463
0.49924558
0.4992451
0.49924487
0.4992451
0.49924523
0.49924493
0.49924463
0.49924523
0.49924523
0.49924523
0.49924517
0.49924475
0.49924457
0.49924576
0.49924523
0.49924493
0.4992451
0.49924487
0.49924344
0.499245
0.4992448
0.499245
0.49924493
0.49924546
0.49924487
0.49924505
0.49924487
0.49924558
0.49924517
0.499245
0.49924493
0.49924523
0.49924517
0.499245
0.49924493
0.49924523
0.4992451
0.49924463
0.49924523
0.49924475
0.499245
0.4992448
0.4992444
0.4992451
0.49924517
0.49924523
0.49924487
0.4992453
0.49924475
0.49924535
0.4992445
0.49924487
0.4992451
0.49924517
0.4992448
0.49924523
0.49924523
0.4992451
0.4992451
0.499245
0.49924475
0.49924523
0.499245
0.49924517
0.4992451
0.4992451
0.4992451
0.49924546
0.4992451
0.4992445
0.4992453
0.49924487
0.49924487
0.49924505
0.4992448
0.49924505
0.49924487
0.49924523
0.49924445
0.49924505
0.4992451
0.49924457
0.49924487
0.49924523
0.49924475
0.49924493
0.49924463
0.499245
0.4992453
0.49924475
0.4992451
0.49924493
0.49924475
0.49924535
0.4992453
0.49924487
0.49924463
0.499245
0.49924403
0.49924493
0.49924487
0.49924523
0.49924475
0.4992451
0.49924475
0.49924523
0.4992451
0.49924475
0.4992447
0.49924487
0.49924487
0.499245
0.49924523
0.4992453
0.4992451
0.49924505
0.4992451
0.49924517
0.4992451
0.49924523
0.49924475
0.49924523
0.49924487
0.49924392
0.49924487
0.4992451
0.49924523
0.49924487
0.49924535
0.49924523
0.499245
0.49924582
0.4992451
0.49924487
0.4992447
0.499245
0.49924487
0.49924487
0.4992448
0.4992451
0.49924517
0.49924463
0.49924475
0.49924535
0.4992451
0.499245
0.49924505
0.49924487
0.499245
0.49924487
0.49924523
0.4992451
0.4992453
0.49924487
0.49924392
0.49924493
0.4992451
0.49924523
0.49924487
0.49924457
0.499245
0.49924487
0.49924475
0.499245
0.49924523
0.49924475
0.4992448
0.4992445
0.499245
0.49924505
0.4992445
0.49924493
0.49924523
0.49924475
0.4992451
0.49924618
0.4992444
0.49924487
0.4992444
0.4992451
0.49924523
0.49924505
0.4992448
0.4992451
0.49924523
0.499245
0.49924523
0.4992448
0.499245
0.499245
0.4992448
0.49924463
0.4992451
0.49924475
0.4992451
0.49924517
0.49924546
0.4992451
0.49924505
0.49924523
0.499245
0.499245
0.49924493
0.49924535
0.4992451
0.49924523
0.4992451
0.49924493
0.4992444
0.49924487
0.49924475
0.49924475
0.49924493
0.4992445
0.49924493
0.49924475
0.49924493
0.499245
0.4992451
0.4992444
0.49924517
0.4992451
0.4992447
0.49924493
0.4992453
0.49924517
0.49924475
0.499245
0.49924493
0.499245
0.49924523
0.4992451
0.4992453
0.499245
0.49924505
0.49924523
0.49924487
0.49924475
0.49924505
0.49924463
0.499245
0.49924463
0.49924505
0.49924505
0.4992451
0.49924517
0.4992444
0.49924463
0.499245
0.49924523
0.49924493
0.499245
0.49924493
0.49924487
0.49924493
0.499245
0.49924535
0.499245
0.49924487
0.49924517
0.49924523
0.499245
0.49924427
0.49924517
0.49924493
0.49924493
0.499245
0.4992451
0.4992451
0.499245
0.4992453
0.49924487
0.49924493
0.4992451
0.49924487
0.4992453
0.4992448
0.49924457
0.4992445
0.49924517
0.499245
0.49924475
0.49924493
0.499245
0.49924493
0.4992451
0.49924475
0.4992451
0.49924475
0.4992453
0.499245
0.4992451
0.49924475
0.499245
0.49924523
0.49924427
0.49924523
0.4992448
0.49924523
0.49924487
0.4992448
0.4992451
0.4992451
0.49924475
0.49924505
0.4992451
0.49924523
0.499245
0.49924475
0.49924487
0.4992454
0.4992451
0.49924546
0.49924505
0.49924487
0.49924523
0.49924517
0.49924517
0.499245
0.499245
0.4992451
0.499245
0.49924457
0.49924535
0.49924523
0.499245
0.49924523
0.49924475
0.49924433
0.4992451
0.49924505
0.4992451
0.4992453
0.49924523
0.4992445
0.499245
0.4992451
0.499245
0.49924475
0.49924463
0.49924487
0.49924475
0.4992453
0.4992445
0.49924517
0.49924517
0.49924475
0.49924535
0.49924523
0.49924523
0.49924535
0.49924523
0.499245
0.49924523
0.49924517
0.49924517
0.49924493
0.499245
0.49924493
0.499245
0.4992451
0.4992453
0.4992451
0.49924487
0.49924433
0.49924487
0.4992453
0.49924445
0.49924457
0.4992453
0.4992445
0.49924612
0.49924505
0.49924475
0.49924487
0.4992451
0.4992451
0.4992451
0.49924505
0.49924505
0.4992457
0.4992451
0.499245
0.49924517
0.49924523
0.49924535
0.49924523
0.499245
0.49924523
0.4992453
0.4992451
0.49924487
0.49924493
0.4992451
0.49924642
0.49924523
0.49924487
0.49924475
0.49924535
0.49924546
0.49924505
0.49924427
0.49924523
0.49924475
0.499245
0.499245
0.49924505
0.49924558
0.49924523
0.49924487
0.49924493
0.49924523
0.49924475
0.49924517
0.499245
0.49924505
0.49924523
0.49924493
0.49924523
0.49924475
0.49924487
0.49924517
0.499245
0.499245
0.4992431
0.4992448
0.499245
0.499245
0.4992453
0.49924475
0.4992451
0.49924535
0.499245
0.499245
0.4992448
0.4992451
0.49924535
0.49924475
0.49924487
0.4992451
0.499245
0.49924487
0.49924493
0.49924517
0.499245
0.499245
0.49924517
0.49924523
0.4992451
0.49924493
0.49924535
0.49924523
0.49924523
0.49924505
0.49924487
0.49924505
0.49924463
0.499245
0.49924493
0.4992451
0.49924493
0.49924546
0.4992447
0.49924517
0.49924493
0.49924523
0.49924475
0.49924463
0.4992451
0.49924505
0.4992451
0.4992451
0.49924582
0.49924487
0.49924523
0.49924505
0.49924582
0.49924475
0.49924523
0.499245
0.49924523
0.499245
0.4992451
0.4992453
0.499245
0.49924487
0.49924475
0.49924487
0.49924487
0.49924523
0.499245
0.4992451
0.49924427
0.49924523
0.49924523
0.49924493
0.49924523
0.49924487
0.49924523
0.49924487
0.49924475
0.4992451
0.49924523
0.49924517
0.49924523
0.499245
0.49924493
0.49924505
0.49924558
0.4992451
0.49924517
0.499245
0.49924523
0.49924582
0.49924535
0.49924535
0.49924517
0.4992451
0.49924487
0.499245
0.49924487
0.4992451
0.49924517
0.4992451
0.499245
0.49924517
0.499245
0.499245
0.49924487
0.49924487
0.49924493
0.49924517
0.49924517
0.49924487
0.49924535
0.4992451
0.49924427
0.49924487
0.49924523
0.49924523
0.49924523
0.49924505
0.49924523
0.49924505
0.49924487
0.49924487
0.49924475
0.49924487
0.49924475
0.4992451
0.49924517
0.49924487
0.49924535
0.49924523
0.49924523
0.49924523
0.49924535
0.499245
0.49924493
0.49924487
0.49924552
0.49924475
0.4992451
0.4992448
0.4992448
0.4992451
0.49924463
0.4992453
0.49924487
0.49924535
0.4992447
0.49924517
0.4992451
0.49924523
0.49924475
0.4992441
0.49924487
0.4992451
0.49924487
0.49924475
0.499245
0.499245
0.49924493
0.49924487
0.4992451
0.4992445
0.499245
0.4992451
0.499245
0.4992451
0.49924523
0.49924463
0.4992451
0.4992451
0.499245
0.49924487
0.49924463
0.499245
0.49924475
0.4992451
0.499245
0.49924475
0.49924523
0.499245
0.499245
0.49924546
0.49924487
0.49924517
0.49924487
0.49924487
0.49924493
0.4992451
0.49924535
0.4992453
0.4992451
0.4992457
0.4992448
0.49924523
0.499245
0.49924463
0.49924487
0.49924493
0.4992438
0.49924487
0.49924427
0.49924523
0.49924535
0.49924546
0.49924487
0.4992445
0.49924487
0.49924552
0.499245
0.499245
0.49924493
0.49924505
0.49924487
0.49924517
0.499245
0.4992451
0.49924487
0.49924487
0.49924487
0.49924487
0.49924523
0.4992448
0.4992451
0.4992453
0.49924493
0.499245
0.49924493
0.49924505
0.4992451
0.49924487
0.499245
0.4992451
0.499245
0.499245
0.49924457
0.499245
0.4992451
0.49924564
0.4992453
0.4992448
0.49924505
0.49924523
0.4992451
0.4992451
0.49924475
0.499245
0.4992451
0.4992454
0.49924535
0.49924487
0.49924445
0.49924523
0.49924463
0.49924594
0.49924493
0.49924475
0.49924517
0.49924517
0.4992451
0.49924487
0.4992447
0.499245
0.499245
0.49924487
0.4992451
0.4992451
0.49924475
0.49924487
0.49924535
0.4992451
0.499245
0.49924463
0.49924493
0.4992453
0.4992451
0.4992451
0.4992451
0.49924523
0.4992451
0.49924523
0.499245
0.49924475
0.49924517
0.49924493
0.499245
0.49924523
0.499245
0.49924523
0.4992454
0.4992451
0.4992457
0.49924475
0.49924523
0.4992442
0.49924475
0.4992453
0.49924523
0.49924564
0.4992451
0.49924523
0.49924523
0.49924505
0.4992453
0.499245
0.4992453
0.49924517
0.4992451
0.49924523
0.49924493
0.4992448
0.49924517
0.49924517
0.4992451
0.49924487
0.4992451
0.49924523
0.4992448
0.49924487
0.4992451
0.49924475
0.49924535
0.4992448
0.4992451
0.499245
0.49924493
0.4992451
0.49924487
0.4992451
0.499245
0.49924487
0.499245
0.49924523
0.49924535
0.499245
0.499245
0.49924523
0.49924487
0.49924487
0.4992451
0.49924523
0.49924517
0.4992453
0.49924475
0.49924505
0.499245
0.49924487
0.4992453
0.4992451
0.49924523
0.49924517
0.499245
0.4992445
0.49924475
0.49924445
0.49924475
0.49924535
0.49924505
0.49924493
0.49924487
0.49924535
0.49924505
0.49924535
0.49924403
0.49924505
0.49924517
0.49924463
0.49924445
0.49924523
0.49924475
0.49924487
0.4992451
0.4992451
0.4992444
0.49924463
0.49924523
0.499245
0.4992451
0.49924517
0.49924475
0.49924523
0.49924427
0.4992448
0.4992447
0.4992453
0.49924475
0.499245
0.4992451
0.4992451
0.49924463
0.4992451
0.49924535
0.49924475
0.49924523
0.49924523
0.4992421
0.49924415
0.4992451
0.4992453
0.4992451
0.49924487
0.4992451
0.499245
0.49924487
0.49924505
0.49924487
0.49924505
0.4992451
0.499245
0.4992445
0.4992445
0.49924505
0.4992448
0.4992451
0.4992451
0.49924475
0.49924517
0.4992451
0.49924523
0.4992451
0.49924487
0.49924517
0.49924594
0.49924546
0.4992451
0.49924487
0.499245
0.499245
0.49924475
0.49924463
0.49924546
0.49924523
0.499245
0.49924546
0.499245
0.4992451
0.49924505
0.49924517
0.49924493
0.49924487
0.49924463
0.49924523
0.4992451
0.49924535
0.49924487
0.4992451
0.49924493
0.49924487
0.49924505
0.4992451
0.499245
0.4992451
0.49924523
0.49924487
0.49924493
0.499245
0.49924523
0.49924505
0.49924523
0.49924517
0.49924475
0.49924535
0.4992451
0.49924493
0.4992451
0.4992451
0.49924517
0.499245
0.49924463
0.49924517
0.4992451
0.49924493
0.49924523
0.49924535
0.4992448
0.499245
0.49924517
0.49924505
0.499245
0.49924487
0.49924523
0.4992451
0.49924493
0.4992451
0.499245
0.49924517
0.4992451
0.499245
0.49924523
0.49924523
0.49924517
0.49924487
0.49924523
0.49924517
0.49924475
0.49924517
0.49924463
0.4992451
0.49924487
0.4992451
0.4992451
0.49924493
0.49924475
0.49924523
0.4992447
0.4992451
0.499245
0.49924523
0.4992453
0.4992448
0.49924523
0.499245
0.4992451
0.49924475
0.49924535
0.4992451
0.49924523
0.49924523
0.49924463
0.49924606
0.49924535
0.499245
0.49924546
0.49924505
0.49924487
0.49924487
0.49924505
0.49924523
0.499245
0.4992448
0.4992451
0.49924487
0.49924487
0.49924487
0.4992453
0.49924523
0.4992451
0.49924523
0.4992451
0.4992453
0.4992453
0.4992453
0.49924558
0.4992447
0.49924487
0.49924523
0.49924487
0.499245
0.49924463
0.49924523
0.49924523
0.49924463
0.49924487
0.49924475
0.4992451
0.49924517
0.49924517
0.499245
0.4992451
0.49924487
0.49924517
0.49924523
0.4992451
0.499245
0.4992451
0.49924228
0.49924523
0.49924487
0.4992451
0.4992457
0.499245
0.4992451
0.49924523
0.4992451
0.4992451
0.49924523
0.49924535
0.49924463
0.49924493
0.499245
0.49924564
0.4992451
0.49924535
0.49924392
0.4992451
0.49924487
0.49924505
0.4992448
0.49924457
0.49924487
0.4992453
0.4992451
0.4992451
0.49924505
0.499245
0.49924523
0.49924475
0.49924463
0.499245
0.49924523
0.49924493
0.49924475
0.49924445
0.49924475
0.49924386
0.4992445
0.49924523
0.4992448
0.4992451
0.49924535
0.49924487
0.4992451
0.49924517
0.4992451
0.49924475
0.499245
0.49924523
0.4992447
0.49924487
0.49924523
0.49924487
0.49924487
0.49924535
0.499245
0.49924523
0.4992451
0.499245
0.49924487
0.49924487
0.4992451
0.49924487
0.49924517
0.49924493
0.49924487
0.499245
0.4992451
0.49924535
0.49924505
0.4992451
0.4992447
0.49924523
0.4992445
0.49924523
0.499245
0.49924475
0.499245
0.499245
0.499245
0.49924523
0.499245
0.49924505
0.499245
0.49924445
0.49924487
0.49924505
0.49924523
0.49924523
0.49924487
0.49924505
0.49924487
0.4992451
0.49924523
0.49924493
0.499245
0.49924505
0.4992451
0.499245
0.499245
0.49924523
0.4992451
0.4992451
0.4992444
0.49924523
0.49924487
0.4992451
0.499245
0.49924487
0.49924523
0.49924475
0.499245
0.499245
0.49924463
0.49924487
0.4992451
0.49924535
0.49924523
0.499245
0.49924535
0.49924314
0.49924475
0.49924523
0.4992451
0.49924523
0.499245
0.49924535
0.49924487
0.49924487
0.49924493
0.49924487
0.49924487
0.49924487
0.49924487
0.49924517
0.4992448
0.49924505
0.49924523
0.49924546
0.4992451
0.49924433
0.499245
0.49924523
0.49924558
0.49924535
0.49924487
0.4992451
0.49924463
0.499245
0.499245
0.4992457
0.49924493
0.4992451
0.49924487
0.49924523
0.49924523
0.49924475
0.499245
0.49924535
0.499245
0.499245
0.49924552
0.4992451
0.499245
0.49924493
0.4992457
0.49924505
0.49924523
0.49924523
0.49924487
0.4992445
0.49924523
0.49924445
0.4992451
0.49924487
0.49924475
0.49924487
0.49924505
0.49924463
0.49924535
0.49924463
0.49924517
0.49924523
0.49924606
0.499245
0.49924523
0.499245
0.49924546
0.49924475
0.49924505
0.49924523
0.49924523
0.4992453
0.499245
0.499245
0.49924475
0.49924493
0.4992451
0.49924487
0.4992447
0.49924487
0.499245
0.49924475
0.49924523
0.49924475
0.49924487
0.49924487
0.49924517
0.49924558
0.49924523
0.4992448
0.49924445
0.49924523
0.49924475
0.49924517
0.4992453
0.4992457
0.499245
0.49924487
0.49924487
0.4992451
0.49924523
0.49924487
0.49924463
0.4992451
0.49924427
0.49924487
0.4992451
0.49924475
0.4992451
0.49924523
0.49924487
0.4992444
0.49924517
0.49924493
0.49924546
0.49924475
0.499245
0.49924487
0.49924493
0.49924487
0.49924487
0.49924523
0.49924487
0.49924487
0.49924463
0.4992451
0.49924487
0.49924523
0.49924523
0.49924475
0.4992451
0.49924475
0.4992453
0.4992457
0.49924493
0.4992451
0.49924505
0.4992451
0.49924546
0.499245
0.49924523
0.4992451
0.49924517
0.499245
0.49924487
0.49924523
0.49924487
0.499245
0.49924487
0.49924487
0.49924517
0.49924517
0.49924523
0.49924463
0.49924523
0.4992451
0.49924487
0.499245
0.49924493
0.49924535
0.49924523
0.49924505
0.49924493
0.49924523
0.49924523
0.499245
0.49924493
0.49924463
0.49924487
0.499245
0.49924487
0.49924475
0.499245
0.49924493
0.4992445
0.49924475
0.4992451
0.49924037
0.49924487
0.49924523
0.49924523
0.49924523
0.4992453
0.49924505
0.49924433
0.49924475
0.49924523
0.49924523
0.49924535
0.499245
0.4992451
0.4992453
0.49924487
0.49924517
0.499245
0.49924535
0.49924523
0.49924487
0.49924535
0.49924517
0.4992451
0.49924523
0.49924487
0.49924475
0.49924487
0.4992448
0.499245
0.49924535
0.49924523
0.4992448
0.4992451
0.4992451
0.49924475
0.49924523
0.4992448
0.49924624
0.49924463
0.499245
0.49924487
0.4992444
0.49924546
0.49924517
0.49924517
0.49924505
0.49924475
0.4992451
0.499245
0.49924517
0.49924523
0.49924535
0.4992451
0.4992451
0.4992451
0.49924523
0.49924523
0.49924487
0.49924487
0.49924558
0.4992453
0.49924427
0.4992451
0.499245
0.49924487
0.4992454
0.4992454
0.49924487
0.49924523
0.49924523
0.499245
0.4992448
0.4992451
0.4992453
0.4992444
0.49924517
0.49924517
0.49924517
0.49924523
0.49924487
0.4992447
0.49924523
0.4992451
0.49924475
0.49924523
0.49924392
0.4992451
0.4992451
0.49924487
0.49924463
0.499245
0.49924505
0.4992451
0.49924487
0.4992451
0.4992444
0.49924552
0.49924463
0.49924523
0.49924535
0.49924475
0.49924517
0.49924517
0.49924535
0.49924493
0.49924433
0.4992451
0.4992448
0.49924535
0.4992451
0.49924487
0.4992451
0.49924403
0.49924487
0.49924487
0.499245
0.4992451
0.49924505
0.49924523
0.4992453
0.49924535
0.49924475
0.49924487
0.499245
0.49924505
0.499245
0.4992453
0.49924493
0.49924517
0.49924475
0.499245
0.49924517
0.49924493
0.4992448
0.4992451
0.49924475
0.4992448
0.4992451
0.49924475
0.4992453
0.49924487
0.4992453
0.4992447
0.49924523
0.49924487
0.4992451
0.4992451
0.4992448
0.49924487
0.49924535
0.49924475
0.49924612
0.4992451
0.499245
0.4992451
0.49924523
0.4992451
0.4992451
0.499245
0.4992451
0.49924487
0.49924517
0.4992451
0.49924415
0.49924535
0.49924523
0.49924523
0.49924463
0.49924517
0.49924326
0.4992451
0.49924463
0.49924475
0.49924493
0.499245
0.4992451
0.49924487
0.49924523
0.4992451
0.499245
0.4992451
0.4992448
0.49924368
0.49924487
0.4992451
0.499245
0.499245
0.49924523
0.49924487
0.499245
0.49924505
0.49924523
0.49924487
0.49924487
0.49924535
0.49924517
0.4992453
0.49924517
0.4992445
0.49924487
0.49924517
0.4992451
0.4992451
0.49924523
0.4992451
0.4992451
0.49924487
0.499245
0.49924487
0.49924487
0.499245
0.49924475
0.49924517
0.49924594
0.49924487
0.49924517
0.49924487
0.49924463
0.49924523
0.49924546
0.499245
0.49924493
0.49924463
0.499245
0.49924523
0.49924463
0.49924386
0.49924493
0.4992451
0.499245
0.49924475
0.49924517
0.4992451
0.4992445
0.49924463
0.4992457
0.49924475
0.49924517
0.49924535
0.4992451
0.49924433
0.4992451
0.499245
0.499245
0.4992445
0.49924505
0.49924487
0.4992451
0.499245
0.49924475
0.4992451
0.4992445
0.49924523
0.49924493
0.4992447
0.49924463
0.49924487
0.49924475
0.4992451
0.49924523
0.49924505
0.4992451
0.4992451
0.49924487
0.499245
0.49924517
0.49924523
0.4992451
0.49924517
0.49924493
0.49924493
0.4992451
0.49924523
0.49924546
0.49924546
0.49924505
0.499245
0.499245
0.49924523
0.49924475
0.499245
0.49924523
0.49924493
0.49924505
0.4992451
0.4992447
0.49924475
0.4992453
0.49924523
0.4992451
0.49924475
0.4992451
0.49924523
0.49924463
0.49924445
0.4992454
0.49924475
0.49924523
0.49924523
0.49924535
0.4992451
0.4992451
0.49924475
0.4992451
0.4992451
0.49924493
0.49924475
0.4992453
0.4992451
0.4992453
0.4992451
0.499245
0.4992445
0.4992451
0.49924463
0.49924487
0.49924523
0.4992451
0.49924475
0.49924523
0.49924523
0.499245
0.49924523
0.499245
0.49924487
0.499245
0.49924487
0.49924463
0.49924517
0.499245
0.49924523
0.4992453
0.4992451
0.49924523
0.499245
0.499245
0.49924523
0.49924523
0.49924487
0.49924523
0.49924487
0.49924523
0.499245
0.4992448
0.49924523
0.49924475
0.49924487
0.4992451
0.49924505
0.49924493
0.4992451
0.49924475
0.499245
0.49924505
0.499245
0.49924487
0.49924517
0.49924523
0.49924475
0.4992441
0.4992451
0.49924487
0.49924487
0.49924475
0.49924487
0.49924505
0.4992453
0.4992448
0.4992447
0.499245
0.49924535
0.49924493
0.49924475
0.49924222
0.49924487
0.4992451
0.49924523
0.49924487
0.49924535
0.49924523
0.49924517
0.49924535
0.49924535
0.499245
0.49924523
0.49924535
0.49924523
0.499245
0.4992441
0.49924493
0.49924535
0.49924487
0.499245
0.4992451
0.49924475
0.4992448
0.499245
0.49924487
0.49924523
0.4992451
0.4992448
0.49924487
0.49924546
0.49924546
0.499245
0.49924535
0.49924523
0.499245
0.49924487
0.4992451
0.499245
0.4992453
0.49924505
0.49924493
0.49924487
0.49924523
0.4992451
0.49924457
0.49924475
0.49924505
0.4992448
0.499245
0.49924523
0.49924487
0.4992453
0.49924517
0.4992445
0.49924535
0.49924505
0.49924487
0.49924523
0.4992453
0.49924523
0.4992451
0.499245
0.49924535
0.499245
0.4992451
0.49924475
0.49924505
0.4992451
0.49924475
0.4992448
0.49924475
0.4992453
0.499245
0.499245
0.499245
0.49924487
0.49924463
0.4992451
0.4992451
0.49924475
0.49924517
0.49924475
0.4992451
0.4992451
0.499245
0.49924493
0.49924523
0.49924487
0.49924505
0.4992451
0.49924523
0.49924517
0.49924505
0.499245
0.49924463
0.49924487
0.49924523
0.4992454
0.49924487
0.49924505
0.4992453
0.499245
0.49924523
0.49924487
0.4992448
0.49924517
0.4992451
0.499245
0.49924487
0.4992451
0.499245
0.49924523
0.49924493
0.49924517
0.4992448
0.49924517
0.499245
0.49924493
0.4992451
0.49924392
0.49924487
0.49924487
0.49924517
0.49924493
0.49924487
0.499245
0.499245
0.49924517
0.49924517
0.49924493
0.49924475
0.49924523
0.49924457
0.49924523
0.49924487
0.49924606
0.4992451
0.49924517
0.49924487
0.49924493
0.4992444
0.49924493
0.4992451
0.4992448
0.49924523
0.4992451
0.49924487
0.49924546
0.49924475
0.499245
0.49924487
0.49924487
0.49924523
0.49924487
0.49924463
0.49924517
0.49924487
0.4992451
0.499245
0.49924505
0.4992447
0.49924535
0.4992453
0.49924523
0.49924475
0.4992445
0.49924392
0.4992453
0.499245
0.49924505
0.4992453
0.49924523
0.49924487
0.49924523
0.4992447
0.49924523
0.49924463
0.4992451
0.49924463
0.49924535
0.4992457
0.49924523
0.49924487
0.499245
0.49924523
0.4992445
0.49924523
0.4992451
0.4992442
0.49924487
0.49924517
0.4992451
0.49924487
0.4992451
0.49924505
0.49924517
0.49924505
0.499245
0.4992451
0.499245
0.4992451
0.49924487
0.499245
0.4992451
0.49924475
0.49924523
0.4992451
0.49924445
0.49924546
0.4992451
0.49924463
0.499245
0.49924546
0.499245
0.49924523
0.499245
0.4992453
0.49924517
0.49924457
0.49924505
0.4992451
0.499245
0.499245
0.49924523
0.49924523
0.49924493
0.49924523
0.49924535
0.49924523
0.49924487
0.499245
0.49924487
0.49924523
0.49924523
0.49924487
0.49924517
0.4992448
0.4992451
0.49924535
0.49924505
0.49924523
0.4992451
0.49924487
0.499245
0.49924487
0.4992453
0.4992451
0.49924487
0.49924517
0.499245
0.49924475
0.49924517
0.49924487
0.499245
0.499245
0.49924487
0.4992451
0.499245
0.4992448
0.4992451
0.499245
0.49924463
0.4992451
0.499245
0.49924475
0.49924505
0.4992453
0.4992451
0.49924475
0.49924546
0.499245
0.499245
0.49924523
0.4992451
0.49924493
0.4992447
0.49924505
0.49924487
0.49924463
0.49924546
0.49924487
0.4992451
0.499245
0.49924546
0.49924517
0.49924505
0.49924523
0.49924535
0.4992454
0.499245
0.4992451
0.49924523
0.49924517
0.4992451
0.49924493
0.499245
0.499245
0.4992451
0.49924535
0.49924487
0.4992451
0.4992451
0.49924493
0.49924535
0.4992454
0.49924475
0.499245
0.49924487
0.4992451
0.49924523
0.49924493
0.4992453
0.499245
0.49924523
0.49924487
0.49924493
0.49924517
0.49924517
0.499245
0.499245
0.49924558
0.4992444
0.49924487
0.4992451
0.49924493
0.4992451
0.49924505
0.4992451
0.4992453
0.49924487
0.49924523
0.49924487
0.49924558
0.49924493
0.49924493
0.4992451
0.4992451
0.49924523
0.4992451
0.49924493
0.49924487
0.4992453
0.49924487
0.499245
0.4992451
0.49924564
0.49924535
0.49924505
0.49924535
0.4992451
0.4992451
0.4992451
0.49924523
0.4992453
0.49924523
0.499245
0.49924523
0.49924505
0.4992448
0.49924487
0.49924487
0.49924546
0.49924457
0.4992451
0.49924517
0.4992451
0.49924523
0.499245
0.49924487
0.49924487
0.49924517
0.49924535
0.49924523
0.49924523
0.49924493
0.4992451
0.49924535
0.49924493
0.49924445
0.4992451
0.4992451
0.49924487
0.49924487
0.49924433
0.499245
0.49924517
0.4992448
0.499245
0.49924475
0.4992448
0.49924535
0.499245
0.4992451
0.499245
0.49924523
0.49924523
0.4992447
0.49924523
0.49924493
0.4992448
0.49924505
0.499245
0.49924487
0.499245
0.4992451
0.49924493
0.49924505
0.49924546
0.4992453
0.4992448
0.4992451
0.49924487
0.499245
0.49924487
0.4992445
0.4992451
0.49924475
0.49924487
0.49924523
0.49924523
0.4992453
0.49924487
0.49924517
0.499245
0.4992451
0.4992451
0.499245
0.4992451
0.49924487
0.49924463
0.49924523
0.49924487
0.499245
0.49924523
0.4992448
0.49924535
0.49924517
0.499245
0.499245
0.49924487
0.49924523
0.49924475
0.49924517
0.499245
0.4992444
0.49924487
0.49924475
0.4992451
0.49924505
0.49924475
0.4992451
0.4992451
0.499245
0.49924523
0.49924457
0.49924523
0.49924606
0.4992445
0.4992445
0.49924487
0.49924523
0.49924487
0.49924487
0.4992453
0.49924523
0.49924457
0.49924487
0.49924523
0.49924475
0.4992451
0.4992451
0.499245
0.499245
0.49924517
0.49924475
0.49924505
0.49924523
0.49924517
0.4992451
0.49924487
0.49924487
0.49924487
0.49924493
0.4992451
0.49924487
0.499245
0.49924487
0.49924523
0.49924535
0.49924517
0.499245
0.49924535
0.499245
0.4992445
0.4992451
0.4992444
0.49924487
0.49924517
0.49924475
0.49924487
0.49924535
0.49924487
0.49924463
0.499245
0.499245
0.4992447
0.49924487
0.499245
0.4992451
0.49924493
0.499245
0.49924487
0.49924487
0.499245
0.4992451
0.49924523
0.49924517
0.49924493
0.499245
0.49924505
0.49924475
0.4992451
0.49924475
0.49924487
0.49924505
0.49924487
0.49924487
0.49924523
0.4992453
0.499245
0.49924487
0.49924535
0.49924517
0.499245
0.49924523
0.49924558
0.4992451
0.49924487
0.49924475
0.49924415
0.4992448
0.4992451
0.4992453
0.49924457
0.499245
0.4992451
0.49924523
0.49924493
0.49924523
0.4992451
0.49924475
0.49924493
0.49924523
0.49924523
0.49924487
0.49924505
0.49924457
0.49924523
0.49924487
0.49924523
0.4992453
0.49924487
0.49924475
0.499245
0.499245
0.4992451
0.49924487
0.49924487
0.499245
0.499245
0.49924493
0.49924523
0.49924517
0.4992453
0.49924523
0.49924487
0.49924523
0.4992451
0.49924535
0.49924487
0.499245
0.499245
0.499245
0.499245
0.49924475
0.499245
0.49924487
0.499245
0.49924523
0.499245
0.49924487
0.49924523
0.49924505
0.49924487
0.499245
0.49924517
0.499245
0.4992451
0.499245
0.49924523
0.499245
0.49924517
0.499245
0.4992445
0.49924487
0.4992448
0.499245
0.499245
0.49924523
0.49924523
0.49924487
0.4992451
0.49924505
0.49924713
0.499245
0.4992451
0.49924558
0.49924517
0.49924523
0.499245
0.49924523
0.49924493
0.4992448
0.49924487
0.4992451
0.49924523
0.49924487
0.49924493
0.49924535
0.49924487
0.4992448
0.49924546
0.49924475
0.49924487
0.499245
0.49924582
0.499245
0.499245
0.49924463
0.49924487
0.49924487
0.49924523
0.499245
0.49924493
0.49924517
0.4992451
0.49924505
0.49924517
0.49924487
0.499245
0.49924475
0.4992448
0.4992447
0.49924487
0.49924523
0.49924493
0.49924535
0.49924523
0.499245
0.49924487
0.4992451
0.49924487
0.49924493
0.49924523
0.499245
0.49924558
0.49924505
0.49924487
0.4992454
0.49924523
0.499245
0.499245
0.49924523
0.499245
0.4992451
0.499245
0.49924397
0.4992451
0.49924463
0.499245
0.49924427
0.49924517
0.4992457
0.49924523
0.49924517
0.49924427
0.4992451
0.499245
0.499245
0.4992444
0.49924487
0.4992448
0.49924475
0.49924493
0.49924475
0.49924535
0.49924487
0.4992451
0.49924487
0.49924487
0.4992444
0.49924517
0.49924523
0.49924487
0.4992444
0.49924487
0.49924523
0.49924505
0.49924487
0.49924505
0.49924493
0.4992453
0.49924505
0.499245
0.4992476
0.49924505
0.4992448
0.4992445
0.49924535
0.49924487
0.4992444
0.499245
0.4992445
0.4992448
0.49924234
0.49924523
0.49924523
0.499245
0.499245
0.49924487
0.4992453
0.4992445
0.4992453
0.4992451
0.49924487
0.4992451
0.49924517
0.49924475
0.499245
0.49924535
0.49924505
0.49924475
0.49924487
0.4992447
0.49924523
0.4992451
0.49924505
0.499245
0.49924535
0.499245
0.49924457
0.49924487
0.49924505
0.49924487
0.49924493
0.4992451
0.4992448
0.49924487
0.4992451
0.49924505
0.49924475
0.49924564
0.4992454
0.49924493
0.4992451
0.4992451
0.49924517
0.49924487
0.49924493
0.4992451
0.49924487
0.49924475
0.49924523
0.4992451
0.49924487
0.49924505
0.49924523
0.49924493
0.4992454
0.4992448
0.499245
0.4992451
0.49924523
0.49924487
0.49924535
0.49924463
0.49924523
0.49924523
0.49924535
0.49924475
0.499245
0.4992451
0.499245
0.49924487
0.49924523
0.49924487
0.49924463
0.49924546
0.499245
0.4992451
0.499245
0.4992451
0.499245
0.499245
0.499245
0.49924552
0.4992445
0.4992444
0.4992451
0.4992451
0.49924475
0.49924475
0.49924523
0.4992451
0.49924517
0.499245
0.49924517
0.49924475
0.49924523
0.4992451
0.49924487
0.499245
0.49924487
0.4992451
0.49924523
0.49924523
0.49924535
0.49924535
0.49924487
0.49924523
0.49924523
0.49924546
0.4992451
0.49924487
0.49924517
0.4992451
0.499245
0.49924546
0.49924487
0.49924505
0.4992453
0.49924493
0.49924505
0.49924535
0.49924523
0.4992451
0.4992451
0.499245
0.49924487
0.499245
0.49924445
0.49924463
0.49924368
0.49924487
0.49924487
0.4992444
0.4992453
0.49924523
0.49924457
0.4992451
0.49924523
0.49924523
0.499245
0.49924523
0.49924463
0.49924546
0.49924523
0.499245
0.49924487
0.499245
0.49924475
0.49924475
0.4992453
0.49924523
0.4992454
0.499245
0.4992463
0.49924535
0.49924487
0.49924487
0.49924523
0.49924487
0.4992451
0.49924505
0.4992451
0.499245
0.499245
0.49924463
0.49924487
0.49924523
0.49924475
0.49924427
0.4992451
0.49924475
0.4992454
0.49924487
0.49924505
0.49924523
0.49924463
0.4992445
0.49924535
0.49924535
0.49924523
0.49924535
0.4992453
0.49924523
0.499245
0.49924487
0.49924505
0.49924487
0.49924487
0.4992451
0.49924463
0.499245
0.499245
0.49924523
0.49924487
0.499245
0.49924487
0.4992453
0.499245
0.49924493
0.49924523
0.49924523
0.49924558
0.4992454
0.49924493
0.49924356
0.4992451
0.4992451
0.4992453
0.499245
0.49924523
0.49924445
0.49924552
0.49924523
0.49924523
0.49924487
0.49924523
0.4992453
0.4992451
0.49924493
0.49924552
0.49924487
0.49924487
0.499245
0.49924463
0.499245
0.49924523
0.49924523
0.4992448
0.49924523
0.499245
0.49924475
0.499245
0.4992451
0.499245
0.49924487
0.4992451
0.49924493
0.49924487
0.4992444
0.49924487
0.49924487
0.499245
0.499245
0.49924487
0.49924552
0.49924487
0.4992453
0.4992451
0.49924487
0.4992451
0.499245
0.4992457
0.49924463
0.49924475
0.49924487
0.4992451
0.49924523
0.49924493
0.4992447
0.49924523
0.4992451
0.4992451
0.49924374
0.49924487
0.49924523
0.4992451
0.49924523
0.49924463
0.4992454
0.49924314
0.4992451
0.49924523
0.4992445
0.49924505
0.49924493
0.4992447
0.49924517
0.4992451
0.49924493
0.4992448
0.49924505
0.49924517
0.4992453
0.4992451
0.49924326
0.49924546
0.4992447
0.49924523
0.49924523
0.49924517
0.49924493
0.49924487
0.499245
0.499245
0.4992453
0.4992451
0.49924546
0.49924523
0.49924523
0.49924505
0.499245
0.4992453
0.499245
0.49924487
0.49924487
0.49924475
0.4992451
0.49924457
0.49924523
0.49924523
0.49924546
0.49924493
0.4992448
0.49924505
0.4992454
0.49924475
0.49924523
0.4992451
0.49924505
0.4992451
0.499245
0.49924517
0.49924546
0.499245
0.49924505
0.4992451
0.499245
0.49924487
0.49924487
0.499245
0.49924487
0.4992451
0.4992453
0.49924487
0.49924463
0.49924535
0.49924523
0.4992421
0.49924523
0.499245
0.499245
0.4992453
0.49924517
0.499245
0.499245
0.49924523
0.499245
0.49924475
0.49924493
0.49924517
0.4992448
0.4992448
0.49924493
0.4992448
0.49924487
0.49924535
0.499245
0.49924463
0.4992448
0.49924493
0.49924523
0.49924487
0.49924535
0.499245
0.49924475
0.4992447
0.4992451
0.49924475
0.49924552
0.49924517
0.49924463
0.49924475
0.4992451
0.49924517
0.499245
0.49924594
0.4992451
0.499245
0.499245
0.49924523
0.49924487
0.49924523
0.4992453
0.49924487
0.4992451
0.49924487
0.49924493
0.49924463
0.49924487
0.49924523
0.49924505
0.49924475
0.49924475
0.49924505
0.499245
0.49924517
0.49924517
0.4992451
0.49924487
0.49924475
0.499245
0.49924535
0.49924487
0.4992448
0.49924487
0.49924457
0.49924487
0.49924523
0.49924493
0.49924487
0.4992447
0.49924493
0.49924523
0.49924487
0.49924475
0.49924493
0.49924487
0.499245
0.49924517
0.49924475
0.49924487
0.49924487
0.499245
0.49924487
0.4992457
0.49924517
0.4992451
0.499245
0.4992457
0.4992453
0.49924523
0.49924523
0.499245
0.49924505
0.4992444
0.4992451
0.4992451
0.49924493
0.4992447
0.49924487
0.49924386
0.4992451
0.4992453
0.49924535
0.49924487
0.49924517
0.499245
0.49924487
0.49924523
0.4992451
0.49924415
0.49924487
0.4992451
0.499245
0.4992438
0.4992451
0.49924517
0.49924517
0.49924517
0.49924475
0.49924535
0.499245
0.49924523
0.49924487
0.4992451
0.49924564
0.49924523
0.49924487
0.4992451
0.49924517
0.49924487
0.49924475
0.49924523
0.49924523
0.49924463
0.49924505
0.49924505
0.49924523
0.4992448
0.49924523
0.49924523
0.49924463
0.49924487
0.49924445
0.49924487
0.499245
0.4992451
0.49924487
0.49924517
0.49924457
0.4992451
0.49924475
0.49924523
0.4992451
0.49924535
0.499245
0.49924487
0.499245
0.4992451
0.4992451
0.49924487
0.49924487
0.4992451
0.499245
0.4992451
0.49924523
0.499245
0.49924535
0.49924475
0.499245
0.49924493
0.4992448
0.49924523
0.4992451
0.499245
0.499245
0.49924535
0.49924535
0.49924475
0.49924523
0.49924487
0.49924475
0.49924493
0.49924487
0.49924535
0.49924475
0.49924523
0.4992453
0.49924475
0.4992451
0.49924487
0.49924523
0.4992453
0.499245
0.49924493
0.4992451
0.4992451
0.49924546
0.49924523
0.49924487
0.49924523
0.49924487
0.49924505
0.49924487
0.49924487
0.499245
0.499245
0.4992451
0.4992453
0.4992451
0.49924487
0.49924487
0.49924457
0.4992451
0.49924445
0.499245
0.49924493
0.4992451
0.4992448
0.49924463
0.49924505
0.49924487
0.49924475
0.49924475
0.4992451
0.49924475
0.49924517
0.4992447
0.49924487
0.4992447
0.4992451
0.499245
0.49924523
0.49924487
0.49924487
0.49924475
0.49924523
0.49924493
0.499245
0.4992451
0.49924487
0.4992451
0.4992454
0.4992448
0.4992451
0.49924475
0.49924493
0.4992432
0.49924546
0.49924463
0.499245
0.49924523
0.49924505
0.499245
0.4992451
0.49924386
0.49924487
0.499245
0.49924487
0.49924523
0.49924523
0.49924463
0.49924523
0.49924523
0.499245
0.49924463
0.49924546
0.49924535
0.49924475
0.4992451
0.4992453
0.499245
0.49924457
0.499245
0.499245
0.49924487
0.4992447
0.4992445
0.49924475
0.4992451
0.49924487
0.49924505
0.49924546
0.499245
0.4992451
0.49924457
0.49924517
0.49924535
0.49924523
0.499245
0.49924523
0.49924487
0.49924558
0.49924463
0.49924493
0.49924475
0.4992451
0.49924487
0.49924505
0.49924535
0.49924535
0.49924517
0.499245
0.49924558
0.49924505
0.49924475
0.4992451
0.4992454
0.49924487
0.4992457
0.49924505
0.49924505
0.4992454
0.4992454
0.49924475
0.49924725
0.4992451
0.4992453
0.49924475
0.49924523
0.49924535
0.49924535
0.49924505
0.499245
0.49924475
0.49924487
0.49924427
0.49924487
0.499245
0.49924487
0.49924463
0.49924487
0.499245
0.49924475
0.49924487
0.49924493
0.499245
0.49924487
0.4992451
0.49924493
0.49924487
0.49924493
0.49924517
0.499245
0.49924487
0.49924487
0.4992448
0.49924523
0.49924523
0.49924475
0.4992451
0.49924535
0.49924493
0.4992451
0.49924523
0.49924392
0.49924505
0.49924505
0.49924523
0.4992451
0.49924546
0.4992448
0.4992451
0.49924517
0.49924505
0.49924523
0.49924493
0.4992451
0.49924487
0.499245
0.49924487
0.49924505
0.49924493
0.499245
0.499245
0.49924493
0.4992451
0.4992451
0.49924535
0.49924523
0.49924475
0.4992445
0.49924475
0.4992448
0.499245
0.49924245
0.49924505
0.499245
0.499245
0.49924487
0.499245
0.4992451
0.49924463
0.499245
0.49924505
0.49924475
0.49924487
0.49924487
0.49924523
0.4992448
0.49924487
0.499245
0.49924594
0.499245
0.4992448
0.49924505
0.49924582
0.49924487
0.49924523
0.4992453
0.4992451
0.49924475
0.49924487
0.4992438
0.4992453
0.49924535
0.4992463
0.499245
0.499245
0.4992451
0.49924523
0.499245
0.49924487
0.49924523
0.49924523
0.49924475
0.49924487
0.4992451
0.49924487
0.499245
0.4992451
0.4992453
0.49924523
0.4992451
0.49924487
0.49924487
0.4992445
0.49924493
0.49924505
0.4992445
0.499245
0.4992451
0.49924487
0.49924505
0.49924493
0.4992448
0.49924475
0.49924487
0.4992451
0.49924487
0.49924493
0.499245
0.4992451
0.49924523
0.49924546
0.499245
0.49924493
0.49924493
0.49924523
0.4992451
0.4992445
0.4992451
0.49924475
0.49924487
0.49924523
0.49924475
0.4992451
0.49924475
0.49924457
0.49924505
0.49924523
0.4992451
0.49924487
0.49924517
0.49924457
0.49924487
0.499245
0.49924475
0.4992451
0.4992451
0.49924475
0.49924535
0.49924487
0.4992448
0.49924505
0.49924517
0.49924523
0.49924505
0.4992451
0.49924487
0.49924523
0.49924475
0.49924523
0.499245
0.4992451
0.4992451
0.4992451
0.4992451
0.499245
0.4992451
0.49924523
0.49924523
0.49924457
0.49924523
0.499245
0.49924487
0.4992453
0.4992451
0.49924618
0.49924463
0.49924535
0.49924552
0.499245
0.49924523
0.4992451
0.4992451
0.49924487
0.49924517
0.49924535
0.49924558
0.49924487
0.49924493
0.499245
0.499245
0.49924535
0.49924523
0.4992451
0.4992451
0.49924517
0.49924493
0.4992451
0.49924493
0.49924523
0.49924505
0.4992451
0.4992451
0.49924505
0.49924523
0.4992451
0.4992451
0.49924487
0.499245
0.49924523
0.49924487
0.49924487
0.4992451
0.4992451
0.49924546
0.49924535
0.49924487
0.49924517
0.499245
0.49924523
0.49924505
0.49924493
0.49924487
0.499245
0.4992451
0.49924475
0.49924535
0.499245
0.4992451
0.49924463
0.49924475
0.4992451
0.4992448
0.49924493
0.49924427
0.49924487
0.4992451
0.49924505
0.49924505
0.49924463
0.49924475
0.49924487
0.49924535
0.4992451
0.49924517
0.499245
0.499245
0.4992445
0.49924487
0.499245
0.49924546
0.49924523
0.49924475
0.4992451
0.49924493
0.49924415
0.4992445
0.49924523
0.499245
0.49924487
0.4992451
0.49924523
0.4992451
0.499245
0.49924487
0.4992447
0.49924505
0.49924523
0.49924493
0.4992453
0.499245
0.49924535
0.49924487
0.499245
0.49924487
0.4992451
0.49924415
0.49924517
0.49924493
0.49924487
0.49924505
0.49924487
0.49924487
0.499245
0.49924487
0.49924487
0.49924475
0.4992448
0.49924535
0.49924523
0.49924487
0.49924505
0.499245
0.49924517
0.49924505
0.4992451
0.4992451
0.499245
0.49924546
0.49924523
0.4992448
0.49924523
0.4992451
0.4992451
0.49924487
0.49924463
0.4992447
0.49924517
0.49924505
0.4992448
0.4992451
0.4992451
0.4992451
0.49924493
0.499245
0.499245
0.4992451
0.49924523
0.49924487
0.499245
0.49924475
0.499245
0.4992451
0.4992451
0.49924523
0.49924475
0.4992451
0.49924487
0.49924493
0.4992453
0.4992448
0.4992445
0.49924475
0.499245
0.49924535
0.499245
0.49924487
0.499245
0.49924487
0.499245
0.49924552
0.4992451
0.49924505
0.49924517
0.49924487
0.49924505
0.49924493
0.49924535
0.4992451
0.49924487
0.49924463
0.49924535
0.49924523
0.49924523
0.49924487
0.49924523
0.49924523
0.4992447
0.4992445
0.49924535
0.49924546
0.49924594
0.49924475
0.49924487
0.49924523
0.4992454
0.49924487
0.4992451
0.4992445
0.4992451
0.4992454
0.4992453
0.49924487
0.49924517
0.49924475
0.49924487
0.4992451
0.499245
0.4992448
0.4992415
0.499245
0.4992451
0.4992451
0.49924475
0.49924475
0.49924523
0.49924487
0.499245
0.4992451
0.49924487
0.49924493
0.49924505
0.49924523
0.4992451
0.49924487
0.49924487
0.4992451
0.49924487
0.49924546
0.49924475
0.49924493
0.499245
0.49924493
0.49924558
0.49924523
0.49924535
0.4992453
0.4992451
0.49924505
0.49924487
0.49924535
0.4992448
0.49924535
0.499245
0.49924487
0.49924403
0.49924505
0.49924487
0.49924505
0.49924523
0.499245
0.499245
0.49924558
0.49924463
0.4992451
0.49924517
0.49924517
0.49924463
0.4992451
0.49924475
0.49924475
0.49924546
0.4992451
0.4992451
0.49924517
0.4992444
0.4992451
0.4992448
0.4992451
0.49924505
0.4992451
0.499245
0.49924463
0.4992451
0.4992448
0.4992451
0.4992451
0.4992445
0.49924517
0.49924493
0.49924487
0.4992451
0.4992445
0.49924487
0.4992453
0.4992453
0.49924475
0.49924523
0.4992453
0.49924535
0.4992453
0.49924487
0.49924487
0.4992451
0.49924487
0.499245
0.499245
0.49924523
0.49924493
0.4992451
0.4992451
0.49924523
0.499245
0.4992448
0.4992448
0.49924475
0.49924535
0.4992451
0.49924678
0.49924582
0.4992457
0.49924517
0.49924475
0.499245
0.4992448
0.49924505
0.49924493
0.4992451
0.49924487
0.49924535
0.4992451
0.4992451
0.49924523
0.49924523
0.499245
0.49924463
0.49924493
0.49924487
0.499245
0.499245
0.499245
0.49924523
0.49924535
0.4992451
0.4992451
0.49924552
0.49924523
0.499245
0.49924487
0.49924487
0.4992451
0.49924535
0.4992448
0.49924505
0.4992453
0.4992451
0.49924493
0.4992451
0.49924535
0.499245
0.49924523
0.49924487
0.49924523
0.4992451
0.49924523
0.4992451
0.499245
0.4992451
0.4992451
0.49924475
0.4992445
0.49924487
0.49924523
0.49924523
0.49924344
0.49924475
0.49924535
0.4992451
0.49924505
0.49924475
0.499245
0.499245
0.49924487
0.49924523
0.499245
0.49924487
0.499245
0.49924523
0.49924523
0.49924535
0.4992451
0.49924582
0.4992451
0.4992453
0.49924517
0.49924475
0.49924487
0.49924475
0.49924487
0.499245
0.49924505
0.49924487
0.4992447
0.4992451
0.4992445
0.49924523
0.49924517
0.49924487
0.49924517
0.49924475
0.4992451
0.4992451
0.499245
0.49924487
0.499245
0.49924505
0.49924517
0.49924487
0.499245
0.49924523
0.49924517
0.499245
0.4992451
0.499245
0.49924535
0.499245
0.4992451
0.499245
0.499245
0.49924487
0.49924487
0.49924475
0.49924535
0.49924475
0.499245
0.4992451
0.49924463
0.499245
0.49924457
0.49924523
0.49924505
0.49924487
0.49924475
0.4992451
0.49924397
0.4992448
0.49924517
0.49924517
0.4992448
0.499245
0.49924546
0.4992451
0.499245
0.49924493
0.4992451
0.499245
0.4992451
0.49924523
0.499245
0.4992447
0.49924487
0.49924463
0.4992451
0.4992451
0.49924475
0.499245
0.49924487
0.499245
0.49924523
0.49924487
0.49924487
0.49924487
0.49924523
0.4992448
0.4992453
0.49924505
0.4992451
0.49924523
0.499245
0.49924523
0.49924505
0.49924505
0.499245
0.49924523
0.49924523
0.4992445
0.49924505
0.49924445
0.49924487
0.49924487
0.499245
0.4992447
0.4992445
0.49924493
0.49924487
0.499245
0.49924523
0.49924523
0.49924487
0.49924546
0.4992451
0.4992451
0.49924517
0.49924463
0.4992451
0.4992451
0.49924463
0.49924487
0.49924493
0.49924457
0.4992451
0.499245
0.49924487
0.4992453
0.4992451
0.499245
0.4992451
0.49924475
0.49924552
0.49924487
0.49924523
0.49924523
0.499245
0.49924523
0.49924558
0.499245
0.4992451
0.4992451
0.49924523
0.49924457
0.49924487
0.4992448
0.4992451
0.499245
0.49924493
0.4992453
0.499245
0.499245
0.49924535
0.4992451
0.49924523
0.4992451
0.49924517
0.4992453
0.49924535
0.4992444
0.49924523
0.499245
0.49924493
0.49924487
0.49924505
0.499245
0.49924487
0.49924487
0.49924523
0.4992453
0.49924523
0.49924517
0.4992451
0.49924505
0.4992451
0.49924487
0.49924523
0.499245
0.4992448
0.49924523
0.4992451
0.4992451
0.49924493
0.49924523
0.49924475
0.49924523
0.49924523
0.499245
0.4992451
0.49924523
0.4992451
0.49924493
0.4992451
0.49924487
0.4992454
0.49924517
0.49924487
0.49924487
0.49924487
0.49924487
0.499245
0.49924475
0.4992445
0.4992451
0.49924487
0.4992453
0.49924475
0.49924487
0.499245
0.499245
0.499245
0.49924487
0.49924493
0.4992451
0.49924475
0.49924487
0.4992451
0.49924523
0.499245
0.49924523
0.49924493
0.49924493
0.499245
0.49924427
0.49924457
0.4992451
0.4992451
0.49924493
0.49924552
0.499245
0.4992451
0.499245
0.49924493
0.49924552
0.49924523
0.4992451
0.499245
0.499245
0.49924403
0.499245
0.49924415
0.49924487
0.49924487
0.49924475
0.4992451
0.4992453
0.4992451
0.4992451
0.49924523
0.49924517
0.49924445
0.499245
0.499245
0.4992453
0.49924523
0.49924523
0.49924493
0.49924475
0.49924505
0.49924535
0.49924517
0.49924487
0.4992451
0.4992451
0.4992451
0.4992453
0.49924487
0.49924517
0.49924523
0.49924487
0.49924487
0.49924487
0.49924517
0.4992445
0.49924517
0.4992451
0.4992451
0.4992444
0.4992453
0.49924487
0.49924546
0.49924517
0.499245
0.49924546
0.49924487
0.49924535
0.49924517
0.4992451
0.49924475
0.4992451
0.49924523
0.49924523
0.49924523
0.49924487
0.49924463
0.49924517
0.499245
0.49924535
0.499245
0.49924493
0.49924546
0.499245
0.49924523
0.49924535
0.49924487
0.49924487
0.4992457
0.49924487
0.499245
0.49924517
0.49924517
0.4992448
0.49924517
0.4992451
0.4992451
0.49924535
0.49924523
0.49924535
0.49924493
0.49924475
0.4992469
0.49924523
0.4992451
0.4992451
0.49924487
0.49924523
0.49924535
0.49924487
0.499245
0.49924475
0.49924517
0.49924487
0.499245
0.49924493
0.49924487
0.49924493
0.49924493
0.4992451
0.49924487
0.49924505
0.49924427
0.49924487
0.4992451
0.49924487
0.49924517
0.49924535
0.49924523
0.4992457
0.4992451
0.49924493
0.49924517
0.49924523
0.49924463
0.49924487
0.49924517
0.49924487
0.49924427
0.499245
0.49924475
0.49924523
0.499245
0.499245
0.499245
0.49924523
0.49924505
0.49924487
0.49924523
0.4992451
0.49924487
0.49924475
0.4992453
0.4992451
0.4992451
0.49924463
0.49924523
0.4992451
0.4992451
0.49924487
0.499245
0.4992451
0.49924523
0.49924487
0.49924517
0.4992448
0.49924523
0.49924523
0.49924523
0.499245
0.49924523
0.49924475
0.49924523
0.49924505
0.499245
0.4992451
0.49924517
0.4992451
0.49924493
0.49924535
0.49924487
0.49924523
0.49924523
0.4992451
0.49924523
0.4992451
0.49924487
0.49924546
0.49924463
0.49924475
0.49924475
0.4992453
0.49924487
0.49924505
0.49924505
0.4992448
0.499245
0.49924505
0.49924487
0.49924475
0.49924493
0.4992448
0.49924415
0.49924505
0.49924487
0.4992451
0.4992448
0.49924523
0.49924505
0.49924505
0.4992451
0.49924475
0.49924558
0.49924475
0.4992451
0.49924523
0.49924517
0.49924493
0.49924493
0.499245
0.499245
0.499245
0.4992451
0.49924505
0.49924487
0.49924517
0.49924576
0.49924487
0.49924457
0.49924487
0.4992451
0.4992451
0.49924517
0.49924487
0.49924523
0.49924523
0.49924523
0.499245
0.49924517
0.49924535
0.49924535
0.49924523
0.49924517
0.4992457
0.4992451
0.49924445
0.49924415
0.49924523
0.49924463
0.4992451
0.499245
0.49924678
0.49924535
0.49924523
0.4992442
0.49924523
0.4992451
0.49924475
0.4992453
0.49924523
0.49924517
0.499245
0.49924517
0.49924517
0.4992445
0.49924457
0.4992447
0.49924487
0.49924487
0.49924535
0.49924487
0.49924535
0.49924523
0.4992447
0.49924523
0.49924523
0.49924523
0.49924475
0.49924505
0.4992451
0.4992444
0.499245
0.4992451
0.49924487
0.49924517
0.49924487
0.49924475
0.49924517
0.499245
0.49924475
0.49924505
0.49924475
0.4992447
0.499245
0.49924535
0.49924493
0.49924535
0.4992453
0.4992451
0.4992451
0.4992451
0.49924487
0.499245
0.499245
0.4992448
0.49924493
0.49924493
0.4992448
0.499245
0.49924505
0.49924475
0.499245
0.499245
0.49924505
0.49924487
0.49924487
0.49924535
0.49924487
0.49924487
0.49924427
0.49924523
0.4992445
0.499245
0.499245
0.49924523
0.49924487
0.499245
0.49924517
0.49924517
0.4992451
0.49924433
0.49924487
0.49924475
0.4992451
0.4992448
0.4992451
0.49924487
0.4992453
0.4992451
0.4992451
0.499245
0.49924535
0.49924487
0.49924487
0.4992451
0.4992451
0.49924475
0.499245
0.4992451
0.49924517
0.4992451
0.49924475
0.49924487
0.499245
0.49924535
0.49924505
0.49924535
0.49924475
0.49924493
0.4992451
0.49924487
0.49924463
0.49924392
0.4992447
0.49924523
0.4992451
0.49924475
0.49924475
0.4992451
0.49924493
0.4992451
0.4992451
0.49924523
0.49924523
0.499245
0.49924493
0.49924463
0.49924558
0.4992445
0.49924523
0.499245
0.499245
0.4992451
0.4992451
0.49924517
0.49924564
0.499245
0.499245
0.4992451
0.4992451
0.4992432
0.49924493
0.4992451
0.499245
0.49924505
0.49924487
0.49924493
0.499245
0.4992451
0.4992451
0.49924493
0.4992451
0.49924475
0.4992451
0.49924493
0.49924523
0.49924463
0.49924487
0.49924523
0.4992451
0.4992445
0.49924523
0.499245
0.4992451
0.49924523
0.49924493
0.4992445
0.49924535
0.4992447
0.49924505
0.49924487
0.4992451
0.49924487
0.4992451
0.49924535
0.499245
0.499245
0.49924535
0.49924552
0.4992453
0.499245
0.4992451
0.4992448
0.49924427
0.49924505
0.49924523
0.49924356
0.49924523
0.4992445
0.4992451
0.499245
0.4992451
0.49924487
0.4992451
0.49924523
0.4992453
0.49924523
0.4992451
0.49924535
0.49924505
0.499245
0.4992451
0.4992451
0.499245
0.499245
0.49924523
0.49924523
0.49924493
0.49924457
0.49924576
0.4992445
0.4992448
0.499245
0.49924523
0.49924523
0.49924523
0.49924463
0.49924523
0.499245
0.49924475
0.49924505
0.499245
0.499245
0.49924463
0.49924517
0.4992447
0.4992451
0.499245
0.49924523
0.4992453
0.49924523
0.49924535
0.4992451
0.4992451
0.4992451
0.499245
0.49924475
0.499245
0.4992445
0.49924517
0.49924487
0.49924457
0.49924523
0.499245
0.4992454
0.49924475
0.49924517
0.49924487
0.49924523
0.49924517
0.49924475
0.49924487
0.49924517
0.49924517
0.499245
0.49924493
0.499245
0.49924535
0.499245
0.4992447
0.4992451
0.4992451
0.49924517
0.49924517
0.49924475
0.49924523
0.49924535
0.49924493
0.49924463
0.4992453
0.49924463
0.49924523
0.49924523
0.4992451
0.49924403
0.49924517
0.49924487
0.49924475
0.49924445
0.49924487
0.49924523
0.49924475
0.49924517
0.49924487
0.49924487
0.49924523
0.49924475
0.4992451
0.4992451
0.499245
0.499245
0.49924517
0.49924475
0.49924487
0.49924475
0.4992453
0.49924523
0.499245
0.4992451
0.4992451
0.49924475
0.49924517
0.499245
0.4992448
0.4992453
0.49924517
0.499245
0.499245
0.499245
0.499245
0.4992451
0.49924463
0.4992469
0.49924546
0.49924487
0.49924523
0.49924517
0.499245
0.49924505
0.4992448
0.49924487
0.49924535
0.49924457
0.49924535
0.49924487
0.499245
0.49924493
0.49924552
0.4992444
0.4992445
0.499245
0.4992451
0.49924523
0.49924475
0.49924475
0.499245
0.49924493
0.49924487
0.499245
0.49924505
0.49924493
0.4992448
0.49924552
0.499245
0.499245
0.4992451
0.49924487
0.49924523
0.49924505
0.499245
0.49924523
0.49924445
0.4992453
0.49924475
0.4992451
0.49924535
0.4992454
0.49924487
0.499245
0.499245
0.4992451
0.4992453
0.4992451
0.4992451
0.49924445
0.49924475
0.49924505
0.49924517
0.49924487
0.4992451
0.49924505
0.49924505
0.49924535
0.499245
0.49924523
0.49924475
0.49924517
0.49924493
0.49924487
0.49924493
0.4992453
0.49924558
0.49924487
0.49924487
0.49924475
0.49924505
0.49924493
0.499245
0.4992453
0.499245
0.49924523
0.499245
0.49924523
0.4992445
0.49924487
0.49924523
0.499245
0.49924493
0.49924487
0.4992448
0.49924487
0.49924275
0.4992451
0.4992448
0.49924475
0.49924457
0.4992448
0.499245
0.499245
0.49924523
0.49924487
0.49924475
0.4992451
0.4992444
0.49924487
0.49924517
0.49924475
0.4992451
0.4992451
0.499245
0.49924523
0.49924487
0.49924505
0.49924487
0.499245
0.499245
0.499245
0.49924487
0.49924505
0.49924487
0.49924463
0.49924487
0.499245
0.4992451
0.49924487
0.49924493
0.4992451
0.499245
0.49924523
0.499245
0.499245
0.4992451
0.49924523
0.49924493
0.49924493
0.49924463
0.49924517
0.49924463
0.49924487
0.49924535
0.49924552
0.49924463
0.4992444
0.49924487
0.499245
0.499245
0.499245
0.4992445
0.49924493
0.49924445
0.49924523
0.499245
0.499245
0.49924487
0.49924493
0.49924487
0.49924493
0.49924487
0.499245
0.49924505
0.49924487
0.4992448
0.49924546
0.4992451
0.4992453
0.49924487
0.49924523
0.49924523
0.49924493
0.4992453
0.499245
0.49924517
0.4992451
0.49924546
0.499245
0.4992451
0.499245
0.49924523
0.49924517
0.49924493
0.49924463
0.49924517
0.4992448
0.49924523
0.49924493
0.49924535
0.49924523
0.49924493
0.499245
0.499245
0.49924523
0.49924493
0.49924475
0.4992453
0.49924523
0.49924517
0.49924475
0.4992451
0.499245
0.49924517
0.4992451
0.49924403
0.49924523
0.4992451
0.49924487
0.49924487
0.49924535
0.4992451
0.4992444
0.4992451
0.49924505
0.4992453
0.49924558
0.49924517
0.49924523
0.49924487
0.49924487
0.49924415
0.4992451
0.499245
0.49924475
0.4992441
0.499245
0.49924415
0.49924523
0.499245
0.49924523
0.49924487
0.4992448
0.4992451
0.49924505
0.49924493
0.49924523
0.4992451
0.49924535
0.49924523
0.49924487
0.49924463
0.4992451
0.499245
0.4992451
0.499245
0.49924475
0.4992445
0.49924493
0.49924505
0.49924475
0.49924493
0.499245
0.49924546
0.49924487
0.49924487
0.4992451
0.49924487
0.4992451
0.49924493
0.49924463
0.4992448
0.49924475
0.49924535
0.4992448
0.49924505
0.49924535
0.4992451
0.49924523
0.49924523
0.49924487
0.499245
0.49924493
0.49924505
0.49924523
0.49924487
0.49924493
0.4992451
0.49924523
0.4992447
0.49924463
0.49924493
0.4992448
0.49924475
0.49924487
0.49924475
0.49924523
0.49924505
0.499245
0.4992451
0.49924475
0.49924487
0.4992447
0.49924505
0.49924475
0.49924487
0.49924523
0.49924445
0.49924475
0.49924517
0.4992447
0.49924487
0.49924523
0.4992451
0.49924523
0.49924487
0.4992451
0.499245
0.49924517
0.499245
0.499245
0.49924523
0.4992451
0.499245
0.49924517
0.49924493
0.49924487
0.49924517
0.499245
0.49924505
0.49924475
0.49924523
0.49924612
0.499245
0.49924487
0.49924505
0.499245
0.49924523
0.49924487
0.49924523
0.49924517
0.49924475
0.4992451
0.4992451
0.49924493
0.49924517
0.49924475
0.49924463
0.49924505
0.49924463
0.499245
0.49924523
0.49924517
0.4992451
0.49924487
0.49924475
0.4992444
0.49924505
0.499245
0.499245
0.499245
0.49924523
0.49924517
0.499245
0.499245
0.4992451
0.4992451
0.49924487
0.4992451
0.4992447
0.49924475
0.49924564
0.49924523
0.49924505
0.49924582
0.49924487
0.499245
0.49924475
0.49924558
0.49924523
0.49924523
0.49924523
0.499245
0.49924523
0.49924493
0.4992451
0.49924523
0.49924517
0.49924463
0.49924463
0.49924523
0.4992418
0.4992451
0.49924678
0.49924463
0.49924487
0.4992451
0.4992451
0.49924427
0.49924487
0.49924535
0.4992451
0.499245
0.499245
0.4992451
0.49924523
0.49924505
0.49924535
0.49924505
0.49924487
0.4992451
0.4992451
0.49924505
0.49924487
0.499245
0.499245
0.4992451
0.49924535
0.49924517
0.49924475
0.499245
0.499245
0.49924523
0.499245
0.49924546
0.49924517
0.4992451
0.49924457
0.49924523
0.49924523
0.499245
0.49924463
0.4992447
0.499245
0.49924493
0.49924493
0.49924475
0.49924487
0.49924487
0.49924517
0.49924475
0.49924517
0.4992453
0.49924487
0.499245
0.49924493
0.49924546
0.4992451
0.49924493
0.499245
0.49924523
0.49924523
0.4992451
0.49924493
0.49924523
0.4992451
0.499245
0.4992448
0.49924493
0.49924487
0.4992451
0.49924517
0.49924523
0.499245
0.49924517
0.49924487
0.499245
0.4992451
0.4992451
0.499245
0.499245
0.49924535
0.4992451
0.49924517
0.4992451
0.4992453
0.4992451
0.4992448
0.49924535
0.49924523
0.499245
0.4992451
0.49924475
0.49924517
0.49924523
0.499245
0.49924457
0.49924475
0.49924487
0.49924523
0.4992451
0.499245
0.49924517
0.49924487
0.49924344
0.499245
0.49924546
0.49924475
0.49924546
0.49924523
0.4992448
0.4992451
0.49924493
0.4992451
0.49924487
0.499245
0.49924487
0.4992451
0.49924594
0.49924523
0.49924487
0.49924487
0.499245
0.499245
0.49924523
0.49924517
0.499245
0.4992448
0.499245
0.49924594
0.4992453
0.49924523
0.499245
0.4992451
0.49924463
0.49924427
0.4992451
0.4992448
0.499245
0.499245
0.49924463
0.49924523
0.4992445
0.49924517
0.49924487
0.49924517
0.49924523
0.4992448
0.49924535
0.4992447
0.499245
0.49924505
0.49924517
0.49924546
0.49924493
0.49924523
0.49924523
0.4992453
0.49924523
0.49924487
0.4992451
0.499245
0.49924487
0.499245
0.4992451
0.49924463
0.4992451
0.4992451
0.4992451
0.49924523
0.49924487
0.499245
0.49924493
0.49924523
0.49924445
0.49924523
0.49924475
0.49924487
0.499245
0.4992451
0.4992447
0.49924505
0.4992451
0.49924487
0.49924517
0.49924487
0.49924535
0.49924523
0.49924475
0.4992448
0.49924487
0.4992451
0.49924487
0.49924558
0.49924475
0.49924517
0.4992451
0.49924523
0.49924517
0.49924463
0.499245
0.49924415
0.49924463
0.49924523
0.499245
0.4992451
0.49924523
0.4992451
0.49924523
0.49924475
0.49924505
0.49924535
0.49924505
0.4992447
0.49924523
0.4992451
0.4992448
0.49924523
0.499245
0.49924558
0.49924535
0.4992451
0.49924475
0.499245
0.49924487
0.499245
0.49924475
0.4992453
0.499245
0.49924487
0.499245
0.499245
0.49924475
0.49924493
0.499245
0.49924475
0.4992451
0.49924427
0.49924552
0.4992451
0.49924552
0.49924487
0.49924517
0.49924523
0.49924493
0.49924523
0.4992451
0.49924475
0.4992451
0.4992453
0.49924523
0.49924487
0.499245
0.4992451
0.499245
0.49924505
0.499245
0.49924523
0.49924487
0.49924403
0.49924487
0.4992451
0.4992451
0.499245
0.4992451
0.4992453
0.49924517
0.49924475
0.49924475
0.49924475
0.49924487
0.4992447
0.499245
0.499245
0.4992451
0.4992451
0.49924475
0.49924475
0.49924546
0.49924523
0.49924523
0.4992451
0.49924523
0.49924475
0.4992451
0.4992451
0.4992451
0.49924475
0.49924487
0.4992451
0.49924487
0.49924523
0.49924535
0.4992451
0.49924487
0.49924517
0.499245
0.499245
0.49924475
0.49924523
0.49924475
0.49924493
0.49924475
0.49924546
0.4992447
0.49924463
0.4992454
0.49924523
0.499245
0.499245
0.4992447
0.49924487
0.499245
0.49924463
0.49924523
0.49924487
0.49924493
0.499245
0.49924552
0.49924475
0.49924523
0.4992451
0.49924523
0.49924493
0.49924487
0.49924523
0.4992451
0.4992453
0.4992451
0.4992451
0.499245
0.49924463
0.4992453
0.49924487
0.4992451
0.49924475
0.499245
0.49924487
0.49924487
0.49924535
0.49924505
0.49924523
0.499245
0.4992448
0.49924487
0.4992451
0.49924523
0.49924505
0.4992453
0.4992451
0.49924558
0.49924535
0.49924487
0.49924523
0.49924517
0.4992448
0.49924517
0.49924505
0.4992451
0.499245
0.49924535
0.4992451
0.49924487
0.49924523
0.4992451
0.499245
0.49924493
0.4992453
0.4992451
0.4992451
0.49924487
0.49924415
0.4992451
0.49924487
0.49924493
0.499245
0.49924523
0.49924523
0.49924523
0.49924546
0.4992451
0.49924517
0.49924523
0.49924546
0.49924505
0.49924523
0.4992453
0.49924487
0.49924487
0.499245
0.49924475
0.49924535
0.4992451
0.4992451
0.4992451
0.499245
0.4992451
0.49924487
0.4992451
0.49924487
0.49924558
0.4992445
0.4992448
0.4992451
0.4992451
0.49924487
0.49924535
0.49924487
0.499245
0.4992448
0.49924523
0.4992451
0.4992451
0.4992451
0.49924523
0.49924487
0.499245
0.49924523
0.49924487
0.4992454
0.49924493
0.49924487
0.49924433
0.49924487
0.49924523
0.49924523
0.4992454
0.49924493
0.4992451
0.49924546
0.4992451
0.49924505
0.49924523
0.49924475
0.4992457
0.49924535
0.4992451
0.4992451
0.4992451
0.49924487
0.49924493
0.4992451
0.49924445
0.49924475
0.4992453
0.49924523
0.49924487
0.49924505
0.49924487
0.4992453
0.4992451
0.4992448
0.4992451
0.49924546
0.4992453
0.49924517
0.49924535
0.49924487
0.49924487
0.499245
0.499245
0.49924493
0.49924535
0.49924463
0.49924523
0.49924463
0.49924523
0.49924523
0.49924546
0.49924535
0.49924493
0.49924487
0.499245
0.49924517
0.49924505
0.49924523
0.4992448
0.49924487
0.49924523
0.4992442
0.49924493
0.4992451
0.49924582
0.4992451
0.499245
0.49924517
0.49924463
0.49924487
0.499245
0.49924403
0.49924517
0.49924535
0.49924475
0.49924487
0.499245
0.49924517
0.49924535
0.499245
0.49924493
0.499245
0.49924558
0.4992451
0.4992447
0.49924392
0.49924523
0.49924517
0.49924517
0.4992448
0.49924523
0.49924487
0.49924523
0.49924487
0.49924487
0.49924487
0.49924475
0.49924505
0.4992451
0.49924463
0.49924263
0.49924475
0.49924517
0.4992451
0.49924487
0.49924463
0.49924475
0.4992451
0.499245
0.4992451
0.4992451
0.49924487
0.49924523
0.49924523
0.4992453
0.49924487
0.4992451
0.49924493
0.49924487
0.49924535
0.499245
0.49924523
0.4992451
0.4992453
0.499245
0.49924463
0.499245
0.499245
0.49924487
0.4992451
0.49924505
0.49924493
0.499245
0.4992447
0.49924517
0.49924493
0.49924487
0.49924594
0.49924487
0.4992447
0.49924493
0.4992451
0.499245
0.4992451
0.4992451
0.499245
0.49924535
0.4992444
0.49924493
0.4992445
0.49924546
0.4992451
0.49924546
0.49924523
0.49924505
0.499245
0.4992448
0.49924523
0.49924475
0.4992451
0.499245
0.4992451
0.49924487
0.499245
0.499245
0.4992451
0.49924505
0.4992448
0.499245
0.49924523
0.49924475
0.499245
0.49924517
0.49924523
0.49924487
0.4992454
0.49924535
0.499245
0.4992451
0.49924517
0.499245
0.49924475
0.49924523
0.49924546
0.49924463
0.49924654
0.49924493
0.49924403
0.4992451
0.49924558
0.49924493
0.499245
0.49924523
0.49924487
0.49924368
0.49924523
0.49924523
0.4992451
0.49924493
0.49924523
0.49924523
0.49924523
0.49924487
0.49924487
0.49924523
0.49924493
0.49924487
0.49924505
0.49924487
0.499245
0.49924505
0.4992451
0.49924505
0.499245
0.49924475
0.4992451
0.49924523
0.49924546
0.4992447
0.49924523
0.499245
0.4992454
0.49924535
0.4992447
0.499245
0.49924523
0.49924523
0.4992447
0.499245
0.49924475
0.4992453
0.4992454
0.49924505
0.49924523
0.49924535
0.4992451
0.4992448
0.4992451
0.49924487
0.49924475
0.49924475
0.4992451
0.49924487
0.4992444
0.49924558
0.49924505
0.49924606
0.4992448
0.4992451
0.499245
0.4992451
0.49924517
0.49924463
0.499245
0.499245
0.4992451
0.4992448
0.49924415
0.4992453
0.49924487
0.49924505
0.49924505
0.49924487
0.4992451
0.499245
0.49924487
0.4992451
0.499245
0.4992451
0.4992451
0.4992451
0.49924475
0.4992451
0.4992451
0.4992451
0.4992448
0.49924523
0.4992445
0.49924463
0.4992475
0.4992451
0.49924505
0.49924523
0.49924487
0.49924475
0.4992448
0.4992457
0.49924487
0.49924487
0.49924463
0.4992444
0.49924487
0.49924463
0.49924505
0.49924475
0.49924517
0.49924505
0.4992451
0.49924505
0.49924576
0.49924487
0.49924523
0.49924487
0.49924487
0.4992454
0.49924535
0.49924487
0.49924493
0.49924505
0.49924505
0.49924463
0.49924493
0.499245
0.49924535
0.49924487
0.49924535
0.49924517
0.49924475
0.4992451
0.499245
0.49924523
0.4992451
0.49924558
0.4992453
0.49924523
0.49924487
0.499245
0.49924505
0.49924427
0.4992448
0.499243
0.499245
0.4992448
0.49924487
0.4992451
0.49924517
0.49924463
0.49924523
0.49924463
0.4992448
0.49924523
0.4992444
0.499245
0.499245
0.49924517
0.4992451
0.4992451
0.49924546
0.49924463
0.4992451
0.4992451
0.49924517
0.4992451
0.49924505
0.499245
0.49924523
0.49924505
0.499245
0.49924487
0.49924523
0.4992451
0.49924487
0.4992451
0.49924535
0.49924463
0.49924475
0.4992447
0.4992448
0.49924475
0.4992454
0.499245
0.499245
0.49924517
0.499245
0.4992453
0.49924505
0.49924475
0.49924475
0.49924523
0.49924463
0.499245
0.49924505
0.49924475
0.49924493
0.499245
0.499245
0.49924523
0.49924535
0.4992451
0.49924523
0.49924517
0.4992453
0.49924552
0.4992441
0.499245
0.499245
0.49924535
0.49924552
0.4992451
0.49924487
0.49924505
0.49924535
0.499245
0.4992451
0.49924475
0.49924535
0.49924523
0.49924546
0.49924517
0.49924523
0.49924487
0.499245
0.499245
0.49924463
0.49924558
0.4992453
0.49924487
0.499245
0.4992448
0.49924344
0.49924505
0.4992451
0.49924487
0.499245
0.49924535
0.49924505
0.49924493
0.4992451
0.499245
0.49924475
0.49924505
0.49924505
0.49924487
0.49924475
0.49924517
0.4992448
0.499245
0.49924493
0.49924475
0.4992451
0.4992448
0.49924493
0.49924487
0.49924523
0.4992445
0.4992451
0.4992451
0.4992445
0.499245
0.49924505
0.49924487
0.49924558
0.4992457
0.49924523
0.4992448
0.4992451
0.499245
0.4992451
0.4992448
0.49924463
0.49924487
0.49924535
0.499245
0.4992448
0.49924523
0.4992451
0.499245
0.49924523
0.49924523
0.499245
0.4992451
0.49924517
0.49924487
0.49924487
0.49924546
0.49924475
0.49924487
0.4992447
0.499245
0.49924493
0.49924505
0.49924535
0.4992454
0.49924493
0.49924475
0.49924487
0.49924505
0.49924517
0.49924457
0.49924475
0.49924475
0.49924517
0.49924523
0.4992448
0.4992451
0.49924487
0.4992451
0.49924463
0.4992451
0.499245
0.49924475
0.49924487
0.49924487
0.49924505
0.4992451
0.49924546
0.4992457
0.49924487
0.49924558
0.4992453
0.49924487
0.499245
0.49924535
0.4992451
0.49924487
0.49924487
0.4992451
0.49924523
0.499245
0.4992451
0.49924505
0.49924475
0.49924523
0.499245
0.49924463
0.49924487
0.4992451
0.499245
0.49924475
0.499245
0.49924487
0.4992451
0.49924487
0.4992451
0.4992445
0.49924523
0.4992451
0.49924523
0.4992453
0.4992451
0.4992451
0.49924558
0.49924427
0.49924523
0.49924546
0.4992451
0.49924493
0.49924445
0.49924487
0.499245
0.49924517
0.49924368
0.4992451
0.499245
0.49924523
0.49924463
0.4992451
0.49924493
0.49924523
0.49924493
0.4992451
0.49924487
0.49924523
0.49924493
0.49924493
0.49924475
0.49924487
0.4992451
0.49924523
0.49924487
0.499245
0.4992451
0.49924523
0.499245
0.499245
0.49924517
0.4992448
0.49924475
0.49924487
0.499245
0.49924517
0.49924433
0.49924546
0.49924427
0.49924487
0.49924487
0.4992445
0.4992451
0.4992451
0.499245
0.49924487
0.49924493
0.49924493
0.49924463
0.49924487
0.49924523
0.49924517
0.49924487
0.4992451
0.4992445
0.499245
0.49924523
0.49924517
0.49924487
0.49924475
0.49924487
0.4992451
0.4992475
0.4992451
0.499245
0.499245
0.4992451
0.49924523
0.49924463
0.49924487
0.49924493
0.49924523
0.4992451
0.4992451
0.49924487
0.49924505
0.49924552
0.499245
0.4992453
0.49924535
0.4992451
0.4992451
0.4992451
0.4992451
0.4992447
0.49924493
0.49924523
0.49924487
0.49924523
0.49924523
0.4992451
0.499245
0.49924535
0.49924523
0.49924523
0.499245
0.49924487
0.49924487
0.4992451
0.49924523
0.49924445
0.49924487
0.49924463
0.49924487
0.4992451
0.49924535
0.49924493
0.49924535
0.49924517
0.4992453
0.49924475
0.49924523
0.4992447
0.4992451
0.49924523
0.49924523
0.499245
0.49924463
0.49924493
0.49924487
0.499245
0.49924594
0.49924523
0.4992451
0.499245
0.4992454
0.499245
0.49924493
0.499245
0.49924517
0.4992453
0.4992451
0.49924487
0.49924493
0.4992451
0.49924517
0.49924475
0.49924523
0.49924517
0.49924493
0.49924505
0.49924463
0.49924487
0.49924523
0.49924487
0.49924523
0.49924487
0.49924475
0.49924487
0.49924487
0.49924517
0.49924523
0.4992447
0.4992451
0.49924493
0.499245
0.49924493
0.49924523
0.4992454
0.49924535
0.49924517
0.499245
0.49924493
0.4992451
0.4992454
0.499245
0.49924487
0.49924523
0.4992451
0.49924517
0.49924517
0.49924493
0.49924523
0.49924535
0.49924487
0.49924487
0.4992451
0.49924487
0.4992448
0.4992448
0.4992451
0.49924475
0.49924523
0.49924475
0.49924523
0.4992451
0.4992448
0.499245
0.49924487
0.49924493
0.4992454
0.499245
0.49924505
0.49924523
0.49924475
0.4992451
0.49924505
0.49924487
0.4992451
0.49924517
0.49924523
0.49924487
0.4992447
0.4992444
0.49924517
0.499245
0.49924487
0.49924535
0.49924535
0.499245
0.4992451
0.49924523
0.4992447
0.4992451
0.49924487
0.49924517
0.4992447
0.49924487
0.49924487
0.49924505
0.49924517
0.49924505
0.49924487
0.49924362
0.4992453
0.4992451
0.49924487
0.49924475
0.49924523
0.499245
0.499245
0.4992451
0.4992445
0.49924487
0.49924517
0.49924475
0.4992451
0.4992451
0.4992451
0.4992451
0.49924487
0.49924618
0.49924523
0.4992448
0.49924517
0.49924546
0.49924523
0.49924552
0.49924487
0.49924487
0.49924523
0.49924356
0.49924487
0.4992448
0.49924523
0.49924505
0.4992451
0.49924493
0.49924463
0.4992454
0.499245
0.49924487
0.4992451
0.4992447
0.4992451
0.49924475
0.49924475
0.49924487
0.49924523
0.49924517
0.4992451
0.4992451
0.49924517
0.4992448
0.4992451
0.49924493
0.4992451
0.4992448
0.49924535
0.49924463
0.49924475
0.49924535
0.499245
0.49924505
0.4992448
0.49924493
0.4992451
0.4992451
0.49924463
0.49924546
0.49924517
0.499245
0.49924523
0.49924487
0.499245
0.49924487
0.49924475
0.49924523
0.4992445
0.4992451
0.49924475
0.49924523
0.4992463
0.49924546
0.49924475
0.4992451
0.4992448
0.49924493
0.4992451
0.49924505
0.49924505
0.49924487
0.49924487
0.49924475
0.49924475
0.4992448
0.4992447
0.49924523
0.49924523
0.49924523
0.499245
0.49924523
0.499245
0.49924546
0.4992451
0.49924535
0.4992453
0.49924487
0.49924487
0.49924517
0.49924523
0.499245
0.49924493
0.4992447
0.49924523
0.49924493
0.49924523
0.4992438
0.49924546
0.49924487
0.49924517
0.49924582
0.49924487
0.49924517
0.49924487
0.49924493
0.4992445
0.4992451
0.499245
0.49924523
0.4992451
0.49924475
0.4992451
0.49924517
0.49924523
0.49924487
0.49924523
0.49924475
0.49924523
0.49924493
0.499245
0.49924517
0.49924505
0.49924487
0.49924487
0.49924475
0.49924487
0.499245
0.49924487
0.4992451
0.49924475
0.49924487
0.4992448
0.4992445
0.49924487
0.49924523
0.4992453
0.49924517
0.4992451
0.49924523
0.49924487
0.49924594
0.499245
0.4992451
0.49924535
0.49924326
0.49924546
0.49924505
0.499245
0.49924493
0.49924487
0.4992451
0.49924535
0.49924517
0.49924487
0.49924517
0.49924463
0.49924493
0.49924493
0.499245
0.4992451
0.499245
0.49924523
0.499245
0.49924535
0.49924487
0.49924314
0.49924487
0.49924523
0.49924517
0.49924475
0.4992451
0.49924493
0.49924535
0.49924505
0.499245
0.4992451
0.49924487
0.49924493
0.499245
0.49924475
0.49924552
0.49924523
0.49924493
0.49924475
0.49924487
0.4992451
0.4992447
0.4992448
0.49924523
0.49924475
0.4992451
0.49924523
0.49924523
0.49924552
0.49924523
0.4992451
0.49924505
0.4992451
0.499245
0.49924493
0.49924546
0.4992451
0.49924523
0.49924487
0.499245
0.49924487
0.49924505
0.49924588
0.4992451
0.49924517
0.499245
0.49924487
0.499245
0.4992453
0.4992451
0.499245
0.4992451
0.4992454
0.499245
0.4992448
0.49924535
0.49924487
0.4992451
0.49924535
0.49924487
0.4992451
0.499245
0.49924505
0.4992451
0.49924397
0.499245
0.49924475
0.49924487
0.499245
0.49924517
0.4992451
0.4992451
0.49924487
0.49924386
0.49924523
0.49924463
0.49924535
0.49924523
0.49924487
0.49924523
0.49924523
0.499245
0.4992447
0.49924487
0.49924487
0.49924344
0.49924523
0.49924535
0.49924523
0.49924487
0.49924505
0.49924487
0.49924487
0.499245
0.4992451
0.49924427
0.49924487
0.49924475
0.499245
0.499245
0.4992451
0.499245
0.49924505
0.49924493
0.49924475
0.49924475
0.49924487
0.49924523
0.49924475
0.499245
0.499245
0.49924475
0.49924475
0.499245
0.4992457
0.49924493
0.49924493
0.499245
0.4992451
0.49924523
0.49924487
0.49924546
0.49924535
0.49924517
0.4992451
0.49924457
0.49924505
0.49924523
0.49924487
0.49924487
0.49924475
0.49924523
0.49924523
0.49924505
0.49924475
0.4992451
0.499245
0.4992451
0.499245
0.4992451
0.49924475
0.49924463
0.499245
0.4992445
0.4992444
0.4992451
0.49924505
0.49924523
0.49924463
0.4992448
0.49924523
0.49924487
0.49924487
0.49924523
0.49924523
0.49924487
0.49924463
0.49924457
0.49924445
0.49924487
0.4992448
0.4992445
0.499245
0.49924487
0.49924487
0.4992451
0.499245
0.49924523
0.49924493
0.4992453
0.49924487
0.49924523
0.49924487
0.49924487
0.49924523
0.49924505
0.4992453
0.4992447
0.49924487
0.49924493
0.4992444
0.49924493
0.4992448
0.49924517
0.49924535
0.49924523
0.49924487
0.4992451
0.49924475
0.49924487
0.4992451
0.499245
0.4992451
0.499245
0.49924487
0.49924755
0.49924517
0.49924558
0.4992453
0.49924487
0.49924505
0.4992451
0.4992451
0.4992451
0.49924487
0.49924433
0.49924505
0.49924475
0.49924517
0.49924487
0.4992451
0.49924487
0.49924463
0.49924487
0.49924517
0.4992451
0.49924356
0.499245
0.499245
0.499245
0.49924517
0.4992451
0.49924463
0.49924487
0.49924517
0.4992451
0.49924493
0.4992448
0.499245
0.49924487
0.49924517
0.49924493
0.49924487
0.49924487
0.4992451
0.49924463
0.4992451
0.49924505
0.499245
0.49924505
0.49924475
0.49924517
0.4992451
0.49924523
0.49924403
0.49924517
0.49924517
0.4992451
0.49924523
0.499245
0.49924523
0.49924523
0.49924535
0.49924463
0.49924546
0.49924523
0.49924487
0.4992451
0.4992451
0.49924493
0.499245
0.49924523
0.49924463
0.499245
0.49924475
0.49924463
0.49924523
0.4992451
0.4992451
0.499245
0.49924523
0.49924198
0.49924475
0.49924517
0.49924564
0.4992451
0.49924535
0.4992445
0.499245
0.49924487
0.49924463
0.49924523
0.49924475
0.4992448
0.4992451
0.499245
0.49924493
0.49924487
0.499245
0.49924523
0.4992454
0.4992451
0.49924523
0.49924493
0.4992445
0.49924475
0.4992451
0.49924487
0.49924487
0.4992451
0.49924517
0.49924475
0.49924487
0.49924505
0.49924505
0.4992451
0.49924463
0.49924535
0.49924487
0.499246
0.4992451
0.499245
0.49924535
0.49924487
0.49924546
0.4992445
0.4992451
0.49924445
0.49924523
0.4992451
0.49924523
0.49924523
0.499245
0.49924535
0.49924523
0.4992451
0.4992451
0.4992445
0.4992451
0.49924523
0.49924517
0.4992451
0.49924535
0.49924487
0.4992453
0.49924487
0.4992454
0.499245
0.49924517
0.4992451
0.49924505
0.499245
0.4992451
0.499245
0.4992451
0.49924517
0.4992451
0.49924517
0.49924505
0.49924493
0.4992445
0.499245
0.49924558
0.4992451
0.49924487
0.49924493
0.49924487
0.499245
0.49924475
0.49924487
0.4992457
0.499245
0.49924546
0.4992451
0.4992448
0.49924493
0.4992451
0.49924487
0.49924535
0.49924487
0.49924535
0.49924523
0.499245
0.49924505
0.49924505
0.49924493
0.49924523
0.4992451
0.4992451
0.49924517
0.499245
0.49924523
0.4992451
0.49924487
0.49924463
0.49924493
0.499245
0.4992451
0.49924356
0.49924505
0.4992451
0.499245
0.49924535
0.49924505
0.4992451
0.49924493
0.49924523
0.49924493
0.49924535
0.49924475
0.49924558
0.4992451
0.499245
0.499245
0.4992448
0.49924505
0.49924487
0.499245
0.49924535
0.4992451
0.49924517
0.499245
0.49924487
0.49924493
0.499245
0.49924517
0.49924523
0.499245
0.49924523
0.49924523
0.4992448
0.49924463
0.49924463
0.49924493
0.4992448
0.4992454
0.49924523
0.49924493
0.49924493
0.49924523
0.499245
0.49924392
0.49924475
0.499245
0.4992444
0.4992447
0.49924523
0.49924523
0.499245
0.49924517
0.49924493
0.49924475
0.49924505
0.49924517
0.4992451
0.49924523
0.49924517
0.49924523
0.49924487
0.49924505
0.4992448
0.4992453
0.4992451
0.499245
0.49924475
0.4992448
0.4992451
0.4992448
0.49924487
0.49924505
0.49924523
0.49924493
0.4992451
0.499245
0.4992451
0.49924523
0.49924403
0.4992453
0.49924487
0.49924523
0.49924523
0.49924517
0.49924517
0.49924487
0.49924427
0.499245
0.49924558
0.4992448
0.49924505
0.499245
0.49924546
0.49924505
0.4992447
0.49924493
0.499245
0.49924505
0.49924546
0.49924523
0.49924523
0.4992451
0.49924535
0.4992451
0.49924558
0.4992451
0.499245
0.49924505
0.499245
0.499245
0.499245
0.4992451
0.4992454
0.49924487
0.49924517
0.4992451
0.49924558
0.4992431
0.49924487
0.49924535
0.49924445
0.4992453
0.49924505
0.4992451
0.49924487
0.49924505
0.4992448
0.499245
0.4992451
0.4992451
0.49924463
0.49924487
0.49924523
0.49924505
0.49924505
0.499245
0.499245
0.49924523
0.49924523
0.49924546
0.49924523
0.49924588
0.49924493
0.499245
0.499245
0.49924523
0.4992451
0.499245
0.4992448
0.49924505
0.4992451
0.499245
0.49924523
0.4992451
0.499245
0.4992451
0.4992451
0.49924487
0.49924463
0.49924463
0.4992453
0.4992451
0.4992451
0.49924487
0.49924523
0.49924505
0.49924463
0.49924505
0.49924487
0.4992457
0.49924457
0.49924546
0.49924487
0.49924487
0.4992448
0.4992451
0.499245
0.49924523
0.49924487
0.49924487
0.4992444
0.4992451
0.499245
0.49924523
0.49924642
0.4992451
0.49924535
0.49924475
0.49924523
0.4992445
0.49924523
0.49924457
0.49924505
0.49924517
0.49924475
0.4992451
0.49924535
0.49924517
0.49924523
0.4992451
0.499245
0.499245
0.49924523
0.49924368
0.49924523
0.49924487
0.49924517
0.49924475
0.49924487
0.49924523
0.49924523
0.49924487
0.4992451
0.499245
0.499245
0.499245
0.49924535
0.4992451
0.49924487
0.49924463
0.4992451
0.4992451
0.49924517
0.499245
0.49924493
0.49924523
0.4992454
0.49924523
0.4992451
0.4992448
0.49924523
0.4992457
0.4992451
0.49924558
0.499245
0.499245
0.49924493
0.499245
0.49924475
0.49924517
0.49924445
0.499245
0.4992453
0.4992448
0.4992466
0.4992451
0.4992451
0.49924505
0.49924505
0.4992451
0.49924487
0.4992448
0.49924475
0.49924564
0.49924463
0.4992448
0.49924487
0.49924487
0.49924523
0.49924475
0.49924487
0.49924463
0.4992451
0.499245
0.4992451
0.49924475
0.49924523
0.49924523
0.49924487
0.4992451
0.49924403
0.4992453
0.49924517
0.4992448
0.49924517
0.49924433
0.49924463
0.49924523
0.49924487
0.499245
0.499245
0.4992454
0.4992451
0.4992451
0.49924487
0.49924475
0.499245
0.4992448
0.49924523
0.49924582
0.4992453
0.49924523
0.49924487
0.4992448
0.4992451
0.49924523
0.49924505
0.49924523
0.49924475
0.499245
0.49924475
0.49924517
0.4992448
0.49924505
0.4992451
0.4992444
0.49924487
0.49924505
0.49924475
0.49924475
0.49924487
0.4992457
0.49924487
0.49924487
0.499245
0.499245
0.49924523
0.499245
0.4992447
0.4992453
0.49924463
0.49924517
0.49924487
0.49924493
0.49924475
0.499245
0.49924487
0.499245
0.49924487
0.49924517
0.49924475
0.49924535
0.49924475
0.4992444
0.49924415
0.4992451
0.49924523
0.4992453
0.499245
0.49924487
0.4992451
0.4992451
0.499245
0.49924517
0.4992451
0.4992447
0.49924487
0.4992447
0.49924475
0.49924487
0.499245
0.4992451
0.49924523
0.49924487
0.4992451
0.499245
0.49924505
0.499245
0.49924475
0.4992451
0.4992447
0.499245
0.4992451
0.49924523
0.49924523
0.49924487
0.4992451
0.49924487
0.49924487
0.49924523
0.49924487
0.49924523
0.49924523
0.49924517
0.499245
0.49924588
0.4992451
0.49924523
0.49924487
0.4992453
0.499245
0.499245
0.4992453
0.4992451
0.49924475
0.4992451
0.4992457
0.499245
0.4992447
0.49924505
0.49924523
0.49924558
0.4992451
0.49924487
0.4992448
0.49924487
0.49924535
0.49924523
0.49924523
0.49924463
0.4992451
0.49924523
0.49924517
0.4992454
0.4992451
0.49924546
0.4992448
0.49924523
0.4992451
0.49924475
0.49924523
0.49924457
0.49924523
0.499245
0.4992448
0.4992451
0.49924523
0.49924546
0.49924493
0.499245
0.49924487
0.49924475
0.49924523
0.49924493
0.49924517
0.4992451
0.49924523
0.49924517
0.49924505
0.4992451
0.4992444
0.49924487
0.499245
0.4992451
0.4992451
0.4992451
0.4992451
0.49924523
0.49924487
0.49924493
0.4992453
0.49924487
0.499245
0.4992451
0.49924523
0.49924475
0.49924535
0.499245
0.499245
0.4992447
0.49924427
0.49924523
0.49924493
0.49924475
0.49924493
0.499245
0.49924523
0.49924487
0.499245
0.49924523
0.49924523
0.49924523
0.4992451
0.4992444
0.4992451
0.49924523
0.49924475
0.49924487
0.49924523
0.4992453
0.49924463
0.49924475
0.49924523
0.4992451
0.4992448
0.4992451
0.4992445
0.49924487
0.4992451
0.4992448
0.4992447
0.49924487
0.49924475
0.4992451
0.49924546
0.49924493
0.499245
0.499245
0.49924475
0.49924475
0.4992447
0.4992448
0.4992448
0.49924487
0.49924535
0.49924487
0.4992451
0.499245
0.49924505
0.49924475
0.49924487
0.49924523
0.4992453
0.4992451
0.4992447
0.49924505
0.4992448
0.49924493
0.49924493
0.499245
0.49924546
0.499245
0.49924523
0.4992451
0.49924523
0.4992451
0.49924523
0.49924487
0.49924523
0.49924535
0.499245
0.4992453
0.49924457
0.499245
0.4992451
0.49924517
0.49924523
0.49924427
0.49924487
0.4992451
0.49924487
0.499245
0.4992447
0.49924505
0.49924427
0.4992463
0.49924594
0.499245
0.49924523
0.4992448
0.499245
0.49924517
0.4992448
0.49924535
0.49924392
0.49924523
0.4992448
0.4992451
0.499245
0.49924475
0.49924523
0.49924475
0.49924487
0.49924487
0.49924487
0.49924493
0.49924594
0.49924523
0.49924487
0.49924457
0.49924392
0.4992451
0.4992451
0.49924517
0.49924546
0.4992448
0.4992448
0.49924475
0.499245
0.49924457
0.49924523
0.49924517
0.4992444
0.49924493
0.4992448
0.4992448
0.49924475
0.49924487
0.4992451
0.499245
0.49924475
0.49924523
0.49924415
0.4992451
0.4992453
0.49924487
0.49924475
0.49924505
0.4992451
0.499245
0.49924523
0.49924475
0.4992453
0.499245
0.4992451
0.49924558
0.49924624
0.49924487
0.499245
0.49924535
0.49924523
0.49924523
0.49924505
0.4992445
0.49924517
0.49924523
0.4992442
0.49924463
0.499245
0.4992454
0.49924493
0.49924445
0.49924552
0.49924517
0.4992451
0.49924535
0.4992447
0.49924475
0.49924487
0.49924517
0.4992447
0.499245
0.4992451
0.4992451
0.4992451
0.499245
0.49924463
0.4992447
0.49924475
0.4992448
0.49924493
0.49924517
0.49924523
0.4992451
0.49924564
0.499245
0.4992451
0.4992451
0.49924475
0.49924487
0.49924523
0.49924517
0.49924475
0.49924463
0.49924523
0.4992451
0.499245
0.49924523
0.49924487
0.4992444
0.49924523
0.49924546
0.49924535
0.499245
0.49924493
0.4992451
0.4992451
0.49924505
0.499245
0.4992448
0.49924493
0.49924523
0.49924517
0.49924505
0.49924523
0.49924487
0.499245
0.4992451
0.49924517
0.4992453
0.49924445
0.49924535
0.499245
0.49924535
0.49924487
0.499245
0.4992451
0.49924463
0.499245
0.49924433
0.49924487
0.49924535
0.49924487
0.49924523
0.49924457
0.49924523
0.49924493
0.49924487
0.49924523
0.4992451
0.49924552
0.499245
0.4992451
0.49924493
0.49924493
0.49924487
0.49924546
0.49924487
0.49924505
0.499245
0.49924517
0.4992451
0.49924505
0.49924517
0.4992448
0.49924475
0.4992451
0.49924517
0.49924558
0.49924523
0.49924546
0.4992448
0.49924493
0.49924493
0.4992448
0.4992444
0.4992457
0.49924487
0.49924493
0.49924493
0.4992451
0.4992448
0.4992451
0.4992451
0.49924457
0.49924475
0.49924505
0.4992447
0.4992451
0.4992451
0.499245
0.49924487
0.49924487
0.49924493
0.49924487
0.49924463
0.49924523
0.49924493
0.49924535
0.49924487
0.4992447
0.49924457
0.49924475
0.49924523
0.4992445
0.49924487
0.49924475
0.49924475
0.4992451
0.499245
0.49924487
0.49924535
0.49924487
0.49924487
0.49924535
0.49924546
0.49924475
0.4992448
0.49924535
0.4992451
0.4992447
0.49924523
0.4992451
0.4992451
0.4992453
0.49924523
0.49924475
0.4992451
0.49924523
0.49924493
0.49924475
0.49924457
0.4992448
0.49924475
0.499245
0.49924523
0.4992451
0.49924487
0.49924523
0.49924493
0.4992451
0.49924457
0.4992453
0.49924487
0.49924493
0.4992451
0.499245
0.49924517
0.49924475
0.49924457
0.49924535
0.49924493
0.49924487
0.49924523
0.49924487
0.4992448
0.49924523
0.499245
0.49924517
0.499245
0.49924493
0.499245
0.4992451
0.49924517
0.49924475
0.49924523
0.49924535
0.49924505
0.49924493
0.49924427
0.49924523
0.49924487
0.49924487
0.49924463
0.49924487
0.499245
0.49924487
0.4992451
0.4992451
0.49924493
0.49924487
0.499245
0.499245
0.49924535
0.49924487
0.4992451
0.49924493
0.499245
0.49924475
0.49924505
0.49924535
0.49924487
0.49924463
0.49924523
0.49924523
0.499245
0.49924523
0.49924487
0.4992442
0.49924523
0.49924523
0.49924356
0.49924493
0.49924493
0.49924517
0.49924523
0.4992451
0.4992451
0.4992448
0.49924493
0.49924523
0.49924493
0.499245
0.49924523
0.49924204
0.4992448
0.49924517
0.49924523
0.49924487
0.4992451
0.49924475
0.49924475
0.499245
0.499245
0.49924505
0.4992451
0.499245
0.49924463
0.49924523
0.49924487
0.4992445
0.49924517
0.499245
0.4992448
0.4992451
0.499245
0.49924517
0.499245
0.4992453
0.4992451
0.4992451
0.49924523
0.49924487
0.499245
0.499245
0.49924505
0.49924523
0.4992451
0.49924475
0.4992451
0.49924475
0.4992451
0.4992453
0.49924475
0.49924523
0.49924487
0.49924475
0.4992457
0.49924487
0.49924535
0.49924535
0.49924463
0.49924493
0.4992451
0.4992444
0.49924487
0.49924487
0.49924517
0.49924463
0.49924493
0.499245
0.49924523
0.4992454
0.49924523
0.49924505
0.49924523
0.4992451
0.49924487
0.49924487
0.4992453
0.499245
0.4992448
0.49924517
0.4992451
0.49924415
0.49924487
0.4992448
0.49924487
0.499245
0.49924487
0.49924523
0.49924463
0.49924535
0.499245
0.499245
0.49924487
0.49924517
0.49924487
0.49924523
0.4992451
0.4992451
0.499245
0.49924475
0.4992454
0.49924487
0.49924403
0.4992451
0.49924397
0.49924535
0.49924517
0.49924517
0.49924523
0.49924517
0.4992451
0.49924505
0.4992425
0.49924457
0.4992453
0.4992453
0.49924505
0.499245
0.49924535
0.49924487
0.49924523
0.49924475
0.49924517
0.4992448
0.49924523
0.49924457
0.4992448
0.499245
0.4992451
0.4992451
0.49924487
0.4992451
0.49924535
0.49924523
0.49924487
0.49924517
0.49924535
0.49924523
0.49924487
0.49924487
0.49924535
0.49924523
0.49924487
0.49924493
0.4992451
0.49924487
0.49924523
0.49924523
0.49924487
0.4992451
0.4992451
0.49924487
0.49924487
0.4992451
0.4992445
0.49924535
0.4992444
0.49924487
0.49924463
0.49924523
0.49924493
0.4992453
0.4992451
0.49924475
0.49924523
0.499245
0.499245
0.4992451
0.49924523
0.49924523
0.49924535
0.49924493
0.49924505
0.49924523
0.49924228
0.4992453
0.49924493
0.4992453
0.49924523
0.4992451
0.49924523
0.499245
0.49924487
0.4992448
0.49924487
0.49924535
0.49924487
0.49924493
0.49924606
0.49924487
0.4992448
0.49924463
0.499245
0.4992451
0.49924523
0.49924475
0.49924493
0.4992445
0.49924552
0.4992451
0.49924505
0.49924517
0.49924523
0.49924523
0.4992451
0.4992448
0.499245
0.4992448
0.4992451
0.49924487
0.4992457
0.499245
0.49924505
0.49924517
0.49924535
0.49924523
0.49924535
0.49924523
0.499245
0.49924487
0.4992451
0.49924463
0.4992451
0.4992451
0.49924493
0.49924475
0.49924523
0.499245
0.4992448
0.4992447
0.49924487
0.49924523
0.4992451
0.4992451
0.49924487
0.49924523
0.49924523
0.49924546
0.49924487
0.49924505
0.4992453
0.4992451
0.4992448
0.499245
0.49924523
0.49924475
0.49924475
0.4992448
0.49924487
0.49924487
0.4992451
0.49924487
0.49924475
0.49924487
0.49924523
0.4992453
0.4992453
0.499245
0.49924475
0.4992454
0.49924457
0.49924493
0.49924493
0.4992451
0.49924535
0.49924523
0.49924558
0.4992469
0.49924487
0.49924517
0.4992453
0.49924487
0.49924546
0.4992424
0.49924475
0.49924523
0.49924523
0.49924487
0.49924517
0.49924523
0.49924475
0.499245
0.49924535
0.49924523
0.4992451
0.4992448
0.49924523
0.49924475
0.4992451
0.49924487
0.49924487
0.499245
0.49924493
0.4992451
0.499245
0.49924505
0.4992451
0.49924535
0.49924487
0.4992451
0.49924505
0.49924475
0.49924493
0.4992451
0.499245
0.49924475
0.4992451
0.49924475
0.499245
0.4992451
0.49924523
0.49924546
0.49924505
0.49924427
0.4992453
0.49924386
0.49924523
0.49924523
0.49924535
0.49924523
0.49924535
0.49924535
0.4992451
0.49924517
0.49924535
0.49924487
0.49924523
0.4992453
0.49924523
0.49924517
0.4992451
0.49924523
0.4992451
0.49924457
0.49924505
0.4992444
0.4992454
0.49924546
0.49924552
0.49924487
0.4992457
0.499245
0.499245
0.4992451
0.49924463
0.49924487
0.49924433
0.49924523
0.499245
0.4992447
0.49924487
0.4992454
0.499245
0.49924535
0.49924523
0.49924475
0.49924487
0.4992451
0.49924463
0.49924487
0.49924535
0.4992453
0.49924523
0.4992448
0.49924475
0.499245
0.49924517
0.4992451
0.4992451
0.499245
0.49924523
0.49924523
0.49924505
0.4992451
0.49924523
0.49924546
0.49924523
0.4992451
0.499245
0.49924523
0.49924535
0.49924517
0.499245
0.499245
0.49924517
0.499245
0.49924475
0.49924487
0.49924475
0.49924523
0.49924523
0.49924523
0.49924463
0.49924487
0.49924463
0.4992451
0.49924475
0.49924517
0.49924582
0.4992451
0.49924487
0.4992451
0.4992448
0.49924517
0.4992451
0.49924493
0.49924487
0.4992444
0.4992451
0.499245
0.49924487
0.49924505
0.499245
0.49924552
0.49924505
0.49924475
0.49924523
0.4992451
0.49924523
0.499245
0.49924475
0.499245
0.49924535
0.49924517
0.49924487
0.499245
0.49924517
0.4992454
0.49924523
0.49924415
0.49924517
0.49924493
0.49924487
0.499245
0.4992454
0.49924517
0.49924523
0.4992438
0.49924487
0.49924487
0.49924505
0.49924517
0.4992448
0.49924445
0.49924523
0.49924463
0.49924523
0.4992451
0.4992451
0.49924523
0.49924487
0.49924523
0.49924523
0.4992451
0.49924505
0.49924523
0.49924463
0.499245
0.4992445
0.49924535
0.499245
0.49924523
0.499245
0.4992451
0.49924487
0.499245
0.4992451
0.49924487
0.499245
0.499245
0.4992445
0.49924535
0.4992451
0.49924523
0.4992451
0.4992451
0.49924523
0.49924487
0.49924517
0.4992451
0.4992451
0.4992451
0.4992451
0.4992451
0.4992448
0.49924487
0.49924523
0.49924564
0.49924523
0.4992451
0.49924517
0.49924535
0.4992451
0.49924487
0.49924493
0.49924523
0.4992451
0.49924445
0.49924535
0.49924517
0.4992451
0.4992451
0.499245
0.49924475
0.499245
0.499245
0.4992451
0.49924523
0.49924475
0.4992451
0.499245
0.49924523
0.49924487
0.49924523
0.49924523
0.49924523
0.49924487
0.4992451
0.49924546
0.499245
0.49924523
0.49924475
0.49924475
0.49924487
0.499245
0.499245
0.4992444
0.4992445
0.49924505
0.49924487
0.49924493
0.49924475
0.4992451
0.49924487
0.499245
0.499245
0.4992451
0.49924493
0.49924523
0.4992451
0.499245
0.4992445
0.49924505
0.4992448
0.4992442
0.4992451
0.4992451
0.49924457
0.49924487
0.49924487
0.499245
0.49924523
0.49924523
0.4992451
0.49924517
0.49924535
0.499245
0.49924517
0.4992451
0.49924487
0.49924463
0.49924517
0.49924523
0.49924517
0.49924475
0.4992451
0.499245
0.49924546
0.499245
0.49924493
0.49924487
0.49924487
0.49924487
0.49924523
0.499245
0.49924606
0.49924505
0.49924523
0.499245
0.499245
0.4992451
0.49924475
0.49924475
0.49924523
0.49924475
0.49924517
0.49924535
0.49924517
0.49924493
0.499245
0.499245
0.49924523
0.49924475
0.4992451
0.49924487
0.49924433
0.49924517
0.49924523
0.49924523
0.4992445
0.499245
0.4992451
0.49924535
0.4992451
0.4992451
0.49924523
0.49924463
0.49924475
0.49924415
0.4992451
0.49924374
0.49924523
0.4992445
0.49924475
0.4992451
0.49924505
0.49924517
0.49924487
0.49924463
0.49924523
0.4992451
0.4992451
0.4992451
0.49924487
0.499245
0.49924523
0.49924475
0.49924505
0.49924582
0.49924523
0.4992447
0.49924445
0.499245
0.49924487
0.49924523
0.499245
0.49924475
0.49924523
0.4992448
0.4992451
0.49924505
0.4992453
0.499245
0.49924475
0.49924535
0.49924517
0.4992451
0.49924523
0.499245
0.49924546
0.49924535
0.49924517
0.4992451
0.49924487
0.49924445
0.49924505
0.4992453
0.49924487
0.4992454
0.4992451
0.49924505
0.49924523
0.499245
0.4992451
0.4992448
0.49924487
0.4992448
0.499245
0.49924457
0.49924487
0.49924487
0.49924475
0.4992451
0.4992451
0.49924463
0.49924493
0.49924523
0.499245
0.49924576
0.49924463
0.49924487
0.499245
0.49924523
0.49924523
0.49924356
0.4992451
0.4992451
0.4992451
0.49924546
0.499245
0.49924487
0.499245
0.49924493
0.499245
0.49924523
0.49924487
0.49924517
0.4992451
0.49924523
0.49924505
0.4992451
0.4992451
0.49924523
0.4992451
0.499245
0.4992453
0.49924535
0.49924564
0.49924523
0.49924487
0.4992451
0.4992451
0.499245
0.49924797
0.49924487
0.4992447
0.499245
0.4992451
0.49924487
0.49924475
0.4992447
0.49924427
0.4992451
0.49924523
0.49924463
0.49924523
0.4992451
0.49924523
0.49924487
0.4992451
0.4992451
0.49924487
0.4992451
0.49924457
0.4992451
0.4992451
0.49924523
0.49924493
0.49924523
0.4992451
0.49924523
0.49924523
0.499245
0.49924487
0.49924535
0.4992451
0.49924612
0.4992457
0.4992451
0.49924517
0.49924493
0.49924523
0.49924505
0.49924523
0.4992451
0.49924576
0.49924487
0.49924535
0.49924487
0.4992451
0.49924487
0.49924445
0.49924463
0.49924523
0.49924523
0.499245
0.49924463
0.499245
0.49924535
0.4992447
0.4992453
0.4992451
0.49924505
0.49924487
0.49924475
0.49924427
0.49924523
0.49924475
0.499245
0.49924517
0.4992451
0.49924523
0.4992444
0.499245
0.49924487
0.49924487
0.49924523
0.49924493
0.49924487
0.4992451
0.4992451
0.49924475
0.49924475
0.4992451
0.49924475
0.49924463
0.49924475
0.4992451
0.49924523
0.49924535
0.49924505
0.4992453
0.4992448
0.4992454
0.49924523
0.49924487
0.49924475
0.49924505
0.499245
0.49924493
0.49924463
0.4992448
0.49924523
0.49924505
0.4992451
0.499245
0.49924523
0.49924505
0.4992451
0.4992447
0.49924475
0.49924517
0.49924523
0.4992453
0.49924517
0.4992448
0.49924505
0.4992445
0.49924535
0.4992447
0.49924523
0.49924493
0.49924475
0.49924535
0.49924523
0.49924487
0.49924523
0.499245
0.4992451
0.4992453
0.4992453
0.49924505
0.4992451
0.49924505
0.49924535
0.49924487
0.49924523
0.49924487
0.49924475
0.4992448
0.49924523
0.49924552
0.49924505
0.49924463
0.49924487
0.49924523
0.49924463
0.49924517
0.4992451
0.499245
0.499245
0.49924427
0.4992451
0.49924517
0.499245
0.4992451
0.4992448
0.49924415
0.49924517
0.499245
0.49924523
0.49924558
0.49924493
0.49924523
0.49924493
0.49924493
0.49924475
0.49924535
0.49924546
0.49924475
0.4992445
0.49924487
0.4992448
0.499245
0.49924505
0.49924517
0.4992448
0.4992451
0.49924457
0.49924463
0.49924517
0.49924517
0.49924457
0.49924535
0.4992451
0.4992445
0.49924487
0.49924523
0.49924475
0.49924582
0.4992448
0.4992451
0.49924493
0.4992451
0.49924523
0.4992451
0.49924517
0.49924505
0.4992454
0.49924523
0.49924487
0.49924487
0.49924463
0.4992451
0.4992448
0.49924505
0.4992451
0.49924523
0.49924487
0.49924523
0.4992451
0.49924463
0.4992469
0.49924505
0.499245
0.49924505
0.49924505
0.4992448
0.49924517
0.499245
0.4992451
0.49924505
0.499245
0.49924475
0.49924523
0.49924487
0.49924487
0.49924546
0.49924546
0.4992451
0.49924487
0.49924475
0.49924433
0.4992451
0.4992448
0.49924535
0.49924523
0.49924523
0.49924493
0.49924493
0.49924487
0.49924475
0.49924517
0.499245
0.499245
0.49924505
0.49924397
0.499245
0.49924558
0.49924523
0.49924463
0.49924523
0.49924523
0.4992451
0.4992448
0.49924523
0.49924493
0.49924487
0.499245
0.4992451
0.49924523
0.4992445
0.4992451
0.49924487
0.4992451
0.49924517
0.49924463
0.49924523
0.49924523
0.4992447
0.4992453
0.499245
0.4992448
0.49924523
0.49924487
0.49924493
0.49924594
0.4992448
0.49924487
0.499245
0.4992451
0.49924535
0.499245
0.4992451
0.49924493
0.49924535
0.4992447
0.4992451
0.49924523
0.4992451
0.49924475
0.49924505
0.49924517
0.4992451
0.4992451
0.499245
0.499245
0.49924433
0.4992451
0.4992438
0.49924505
0.49924523
0.49924487
0.49924487
0.4992454
0.49924475
0.49924487
0.49924493
0.4992453
0.4992451
0.49924517
0.49924487
0.49924505
0.49924475
0.49924487
0.49924505
0.49924535
0.49924523
0.4992451
0.4992451
0.4992451
0.4992451
0.49924523
0.49924487
0.49924535
0.49924493
0.4992448
0.4992451
0.49924523
0.4992451
0.4992451
0.49924517
0.49924523
0.4992451
0.499245
0.499245
0.49924523
0.499245
0.4992451
0.4992438
0.49924505
0.49924523
0.4992448
0.49924517
0.4992451
0.4992448
0.49924487
0.4992451
0.499245
0.4992451
0.4992451
0.4992451
0.49924493
0.4992451
0.4992451
0.4992451
0.4992447
0.4992454
0.49924487
0.49924505
0.4992448
0.4992457
0.49924487
0.49924487
0.4992451
0.499245
0.49924475
0.499245
0.4992451
0.49924535
0.49924463
0.4992454
0.49924332
0.49924546
0.49924517
0.49924523
0.49924487
0.4992453
0.49924505
0.49924493
0.499245
0.49924475
0.49924493
0.499245
0.499245
0.499245
0.4992453
0.4992451
0.49924475
0.49924535
0.49924523
0.499245
0.49924487
0.499245
0.49924487
0.49924475
0.49924523
0.49924535
0.4992445
0.499245
0.49924487
0.49924475
0.499245
0.4992451
0.49924493
0.49924517
0.49924505
0.49924475
0.49924517
0.49924523
0.49924475
0.49924487
0.49924493
0.49924517
0.49924505
0.49924487
0.49924487
0.49924517
0.49924457
0.49924475
0.49924493
0.499245
0.4992451
0.499245
0.4992445
0.49924523
0.4992445
0.499245
0.4992445
0.49924463
0.49924475
0.49924523
0.4992453
0.49924475
0.49924517
0.4992451
0.49924487
0.4992445
0.49924475
0.49924523
0.4992453
0.499245
0.49924487
0.4992451
0.49924487
0.49924463
0.4992451
0.49924535
0.499245
0.49924475
0.49924493
0.49924487
0.49924517
0.49924493
0.49924552
0.4992451
0.49924517
0.49924475
0.4992451
0.499245
0.499245
0.49924463
0.4992444
0.499245
0.49924505
0.49924475
0.49924517
0.49924517
0.49924475
0.4992451
0.49924523
0.4992451
0.4992451
0.49924523
0.4992451
0.49924523
0.49924523
0.49924523
0.49924523
0.499245
0.4992453
0.499245
0.4992448
0.499245
0.49924475
0.49924523
0.4992457
0.49924523
0.49924487
0.4992451
0.49924505
0.4992447
0.499245
0.4992451
0.49924505
0.4992451
0.49924487
0.49924487
0.499245
0.49924475
0.49924505
0.49924594
0.49924487
0.49924493
0.49924487
0.4992453
0.49924487
0.4992445
0.49924505
0.49924523
0.49924433
0.499245
0.49924475
0.49924505
0.49924505
0.49924535
0.49924535
0.499245
0.4992451
0.49924517
0.49924475
0.49924523
0.49924487
0.49924523
0.49924588
0.49924523
0.49924487
0.4992447
0.49924463
0.49924487
0.49924487
0.4992451
0.499245
0.4992448
0.49924487
0.49924523
0.49924523
0.499245
0.49924517
0.49924493
0.49924493
0.49924523
0.49924493
0.499245
0.4992451
0.49924487
0.4992451
0.49924523
0.4992451
0.49924505
0.49924457
0.499245
0.4992453
0.49924475
0.49924475
0.49924523
0.49924487
0.4992444
0.4992453
0.49924517
0.4992451
0.499245
0.49924487
0.4992451
0.499245
0.49924475
0.4992453
0.49924523
0.49924523
0.49924523
0.4992451
0.49924487
0.49924523
0.4992451
0.4992451
0.499245
0.4992451
0.4992447
0.49924487
0.4992451
0.49924517
0.499245
0.499245
0.4992448
0.49924493
0.4992454
0.499245
0.49924523
0.49924552
0.49924505
0.49924487
0.4992451
0.499245
0.49924505
0.49924475
0.4992453
0.49924493
0.49924487
0.49924523
0.49924475
0.49924582
0.49924523
0.49924475
0.49924523
0.49924487
0.49924523
0.499245
0.49924517
0.49924523
0.49924487
0.4992444
0.49924535
0.49924523
0.49924517
0.49924517
0.49924546
0.4992451
0.49924517
0.49924487
0.4992448
0.49924517
0.4992457
0.49924517
0.4992451
0.49924475
0.49924523
0.49924535
0.49924523
0.499245
0.49924523
0.49924523
0.49924487
0.49924475
0.4992448
0.49924505
0.49924523
0.49924487
0.49924523
0.4992451
0.49924487
0.49924475
0.49924445
0.49924475
0.4992448
0.4992451
0.49924505
0.4992451
0.4992451
0.4992451
0.49924535
0.499245
0.4992451
0.49924493
0.499245
0.499245
0.49924487
0.49924517
0.49924523
0.49924523
0.49924487
0.4992448
0.49924535
0.49924523
0.49924475
0.49924475
0.4992445
0.49924505
0.49924475
0.49924535
0.4992451
0.499245
0.4992451
0.49924475
0.49924475
0.49924535
0.49924505
0.49924546
0.49924493
0.4992451
0.49924546
0.49924487
0.49924505
0.499245
0.4992451
0.499245
0.49924487
0.49924487
0.499245
0.49924457
0.4992447
0.4992451
0.49924475
0.4992453
0.499245
0.499245
0.499245
0.49924493
0.49924493
0.4992453
0.49924558
0.49924445
0.49924523
0.49924475
0.49924523
0.49924487
0.49924433
0.4992451
0.499245
0.49924517
0.49924523
0.49924487
0.49924523
0.49924505
0.49924535
0.49924546
0.49924475
0.499245
0.49924523
0.49924475
0.499245
0.49924457
0.49924535
0.4992447
0.4992454
0.49924487
0.4992454
0.49924487
0.49924535
0.4992453
0.49924535
0.49924475
0.4992451
0.49924505
0.49924487
0.49924487
0.49924487
0.4992448
0.49924487
0.4992453
0.4992451
0.49924487
0.49924535
0.49924487
0.49924523
0.499245
0.49924487
0.4992451
0.4992451
0.4992451
0.49924535
0.4992451
0.49924475
0.49924505
0.49924523
0.49924475
0.49924475
0.49924487
0.49924487
0.49924535
0.49924475
0.49924523
0.4992451
0.4992445
0.49924487
0.49924505
0.49924463
0.49924493
0.49924487
0.49924475
0.49924493
0.4992451
0.49924517
0.49924523
0.4992445
0.4992448
0.4992451
0.49924487
0.49924493
0.4992453
0.49924487
0.49924523
0.4992444
0.4992451
0.49924535
0.49924535
0.49924487
0.49924493
0.49924487
0.49924535
0.4992451
0.499245
0.4992451
0.49924523
0.4992451
0.4992451
0.4992451
0.499245
0.49924505
0.499245
0.49924475
0.49924493
0.49924493
0.499245
0.4992451
0.4992451
0.49924505
0.499245
0.499245
0.4992454
0.499245
0.49924517
0.49924535
0.49924493
0.49924535
0.49924487
0.49924487
0.4992451
0.499245
0.4992454
0.4992453
0.4992451
0.49924475
0.49924475
0.49924535
0.49924487
0.499245
0.49924493
0.49924487
0.49924523
0.49924535
0.49924493
0.49924487
0.499245
0.49924535
0.499245
0.4992451
0.49924475
0.49924505
0.499245
0.4992451
0.49924475
0.49924487
0.4992451
0.49924433
0.4992451
0.4992451
0.49924546
0.49924535
0.49924493
0.49924535
0.499245
0.49924487
0.49924517
0.4992447
0.49924523
0.4992451
0.49924487
0.4992444
0.49924523
0.49924475
0.4992454
0.49924463
0.499245
0.49924493
0.49924487
0.49924487
0.49924523
0.49924475
0.4992451
0.49924546
0.49924523
0.4992445
0.49924523
0.49924487
0.49924475
0.4992444
0.49924517
0.49924523
0.49924523
0.499245
0.4992451
0.4992453
0.49924487
0.4992454
0.49924475
0.4992445
0.4992454
0.499245
0.49924523
0.49924523
0.499245
0.4992451
0.499245
0.4992457
0.49924546
0.4992447
0.499245
0.4992451
0.49924523
0.49924517
0.499245
0.499245
0.49924505
0.499245
0.4992451
0.49924487
0.499245
0.49924517
0.49924493
0.49924523
0.4992451
0.4992451
0.49924523
0.49924505
0.499245
0.4992451
0.49924505
0.49924463
0.49924505
0.49924415
0.49924517
0.4992448
0.4992448
0.49924517
0.49924523
0.499245
0.499245
0.4992451
0.4992445
0.49924523
0.49924487
0.49924523
0.499245
0.49924493
0.49924517
0.49924517
0.49924493
0.49924505
0.49924523
0.4992451
0.49924487
0.4992447
0.49924493
0.49924505
0.499245
0.49924523
0.49924517
0.49924505
0.4992454
0.49924517
0.49924535
0.49924523
0.49924523
0.49924523
0.4992451
0.49924487
0.499245
0.4992451
0.49924487
0.49924493
0.49924505
0.4992451
0.4992453
0.4992453
0.4992448
0.49924463
0.499245
0.49924552
0.49924535
0.4992451
0.49924487
0.49924493
0.49924487
0.49924517
0.499245
0.499245
0.49924535
0.4992451
0.499245
0.49924505
0.49924535
0.4992451
0.49924517
0.49924517
0.49924493
0.4992448
0.49924475
0.4992457
0.4992448
0.49924493
0.49924505
0.4992453
0.4992451
0.49924457
0.49924523
0.49924463
0.499245
0.49924487
0.49924523
0.49924523
0.4992451
0.4992453
0.49924457
0.4992453
0.49924523
0.4992445
0.49924457
0.4992448
0.49924505
0.49924523
0.49924493
0.4992447
0.4992451
0.499245
0.49924535
0.499245
0.49924487
0.49924445
0.49924493
0.499245
0.4992453
0.49924475
0.499245
0.49924487
0.4992448
0.4992445
0.49924487
0.49924505
0.49924403
0.49924523
0.49924457
0.49924558
0.49924487
0.4992448
0.49924475
0.49924487
0.499245
0.4992447
0.49924487
0.49924523
0.499245
0.4992451
0.49924546
0.499245
0.499245
0.499245
0.499245
0.49924493
0.499245
0.4992451
0.4992451
0.4992444
0.49924523
0.4992453
0.49924523
0.499245
0.49924535
0.499245
0.49924856
0.49924493
0.4992451
0.49924505
0.49924523
0.4992451
0.49924517
0.49924517
0.49924505
0.4992451
0.49924523
0.499245
0.49924487
0.49924505
0.49924475
0.49924505
0.49924523
0.49924475
0.4992451
0.49924523
0.499245
0.4992451
0.49924517
0.49924535
0.49924582
0.4992451
0.49924487
0.49924463
0.49924463
0.49924505
0.49924517
0.49924487
0.49924487
0.4992451
0.49924487
0.499245
0.4992454
0.4992451
0.499245
0.49924487
0.49924523
0.49924493
0.49924487
0.49924487
0.4992445
0.4992451
0.499245
0.49924487
0.49924546
0.499245
0.499245
0.4992453
0.49924535
0.49924546
0.49924523
0.4992451
0.49924505
0.49924427
0.49924505
0.499245
0.49924475
0.499245
0.49924487
0.49924487
0.49924505
0.4992454
0.49924487
0.49924487
0.49924505
0.49924487
0.49924517
0.499245
0.49924523
0.49924475
0.4992453
0.49924475
0.49924457
0.4992444
0.49924487
0.49924558
0.49924487
0.4992451
0.4992451
0.4992448
0.49924517
0.49924523
0.49924427
0.49924523
0.499245
0.49924463
0.4992448
0.4992453
0.499245
0.49924523
0.49924475
0.49924505
0.499245
0.499245
0.49924523
0.49924505
0.49924493
0.49924487
0.49924475
0.4992451
0.49924523
0.49924546
0.499245
0.49924493
0.49924493
0.4992445
0.49924523
0.49924523
0.49924475
0.4992457
0.4992451
0.49924546
0.4992444
0.49924493
0.499245
0.499245
0.49924487
0.49924505
0.49924487
0.49924505
0.49924475
0.499245
0.49924475
0.49924517
0.499245
0.49924546
0.49924505
0.49924433
0.49924523
0.49924523
0.4992444
0.49924523
0.499245
0.49924523
0.49924523
0.49924523
0.49924487
0.49924475
0.49924523
0.49924523
0.49924487
0.49924475
0.499245
0.4992441
0.49924493
0.49924457
0.49924517
0.4992451
0.49924487
0.49924487
0.49924487
0.49924523
0.49924523
0.4992445
0.49924487
0.49924338
0.49924517
0.49924475
0.49924582
0.4992445
0.499245
0.49924487
0.4992457
0.499245
0.49924523
0.49924487
0.4992451
0.499245
0.49924475
0.49924487
0.49924487
0.4992444
0.49924523
0.49924523
0.49924475
0.49924564
0.49924487
0.49924523
0.49924493
0.4992451
0.4992448
0.49924475
0.49924433
0.49924523
0.4992451
0.4992451
0.49924523
0.49924475
0.499245
0.4992451
0.499245
0.4992451
0.49924523
0.4992451
0.499245
0.49924517
0.49924523
0.4992445
0.49924523
0.49924558
0.4992457
0.49924523
0.49924523
0.49924475
0.49924517
0.49924517
0.49924457
0.4992451
0.49924475
0.499245
0.49924523
0.49924487
0.49924517
0.4992451
0.49924487
0.4992453
0.499245
0.49924475
0.499245
0.49924493
0.49924463
0.49924457
0.49924487
0.499245
0.4992451
0.49924517
0.4992453
0.49924523
0.4992451
0.4992448
0.4992445
0.49924487
0.49924475
0.499245
0.49924493
0.499245
0.49924517
0.4992453
0.499245
0.49924487
0.499245
0.49924475
0.49924523
0.49924475
0.49924487
0.49924475
0.499245
0.49924487
0.49924493
0.49924546
0.499245
0.49924433
0.49924523
0.49924523
0.499245
0.49924493
0.4992451
0.4992451
0.4992451
0.49924523
0.4992447
0.49924517
0.49924582
0.499245
0.49924535
0.49924487
0.49924475
0.49924523
0.4992453
0.499245
0.499245
0.499245
0.49924517
0.49924475
0.49924493
0.499245
0.4992447
0.49924523
0.49924487
0.49924475
0.4992451
0.49924487
0.4992448
0.4992451
0.49924523
0.4992457
0.4992447
0.49924505
0.49924493
0.4992451
0.4992451
0.49924523
0.49924493
0.4992448
0.49924523
0.4992453
0.49924362
0.49924487
0.49924576
0.4992451
0.49924505
0.4992451
0.499245
0.4992453
0.49924475
0.49924487
0.4992451
0.4992451
0.49924523
0.49924517
0.49924493
0.499245
0.49924523
0.49924487
0.49924523
0.49924445
0.49924487
0.49924523
0.49924475
0.4992451
0.4992451
0.49924535
0.49924493
0.49924475
0.4992451
0.4992451
0.49924505
0.49924487
0.49924493
0.49924463
0.4992448
0.49924475
0.4992447
0.49924487
0.49924523
0.4992451
0.499245
0.49924487
0.499245
0.49924487
0.49924475
0.49924505
0.49924523
0.49924487
0.4992448
0.49924475
0.49924487
0.49924487
0.4992451
0.499245
0.49924493
0.4992451
0.49924517
0.49924535
0.49924475
0.499245
0.49924487
0.49924523
0.4992451
0.49924517
0.49924523
0.499245
0.4992451
0.49924523
0.49924523
0.499245
0.499245
0.4992448
0.49924487
0.49924487
0.49924523
0.49924517
0.49924487
0.4992451
0.49924517
0.49924523
0.49924493
0.499245
0.499245
0.49924558
0.4992451
0.4992451
0.49924475
0.49924487
0.4992451
0.499245
0.49924535
0.49924535
0.49924523
0.49924505
0.4992453
0.4992451
0.499245
0.49924487
0.49924457
0.49924475
0.499245
0.49924523
0.499245
0.499245
0.4992451
0.4992451
0.4992451
0.49924463
0.49924523
0.49924523
0.499245
0.499245
0.499245
0.4992453
0.4992444
0.49924487
0.49924517
0.49924463
0.4992451
0.49924493
0.49924517
0.49924523
0.49924463
0.499245
0.4992451
0.49924546
0.49924535
0.499245
0.49924517
0.49924493
0.49924475
0.49924505
0.499245
0.499245
0.49924535
0.4992448
0.49924475
0.499245
0.49924558
0.49924487
0.4992451
0.4992444
0.49924487
0.49924523
0.49924475
0.49924403
0.4992451
0.49924523
0.49924517
0.499245
0.49924487
0.49924517
0.499243
0.4992451
0.4992451
0.49924546
0.49924493
0.49924463
0.49924535
0.49924487
0.499245
0.499245
0.49924505
0.4992445
0.49924487
0.4992453
0.49924403
0.49924475
0.49924523
0.49924475
0.49924487
0.49924523
0.4992451
0.4992453
0.49924463
0.4992451
0.4992451
0.49924505
0.49924684
0.49924505
0.4992451
0.49924558
0.49924505
0.49924457
0.49924517
0.49924517
0.499245
0.49924487
0.499245
0.49924523
0.4992448
0.49924523
0.49924487
0.4992451
0.49924546
0.499245
0.49924517
0.49924546
0.49924523
0.49924493
0.49924523
0.49924517
0.49924523
0.49924517
0.49924517
0.49924487
0.49924487
0.49924493
0.4992444
0.49924535
0.4992448
0.49924523
0.49924487
0.49924487
0.49924487
0.49924523
0.49924487
0.49924523
0.4992453
0.4992454
0.499245
0.49924523
0.49924523
0.499245
0.49924374
0.4992451
0.49924487
0.4992451
0.49924487
0.4992451
0.499245
0.49924475
0.4992451
0.499245
0.49924487
0.4992451
0.4992451
0.49924523
0.4992451
0.49924505
0.4992451
0.49924666
0.49924517
0.4992445
0.499245
0.49924523
0.49924523
0.49924523
0.49924487
0.4992451
0.49924493
0.49924505
0.49924523
0.49924523
0.49924505
0.4992448
0.4992448
0.4992453
0.49924493
0.49924487
0.49924487
0.499245
0.49924523
0.49924523
0.4992448
0.4992451
0.49924523
0.49924487
0.4992453
0.49924546
0.4992457
0.49924505
0.49924475
0.499245
0.499245
0.499245
0.49924523
0.49924493
0.49924487
0.49924523
0.4992444
0.49924487
0.4992447
0.49924523
0.49924475
0.49924493
0.4992451
0.49924386
0.4992453
0.49924463
0.49924535
0.4992451
0.4992451
0.4992451
0.49924487
0.4992445
0.49924487
0.49924493
0.49924487
0.49924523
0.4992453
0.499245
0.49924487
0.499245
0.4992431
0.49924487
0.49924535
0.4992451
0.49924463
0.49924517
0.49924517
0.49924523
0.49924487
0.49924505
0.4992448
0.49924475
0.4992451
0.49924493
0.49924487
0.49924505
0.49924356
0.4992451
0.499245
0.4992451
0.4992447
0.499245
0.4992453
0.4992454
0.49924493
0.499245
0.49924523
0.49924523
0.49924523
0.49924517
0.4992451
0.4992451
0.499245
0.49924463
0.49924463
0.4992453
0.49924487
0.4992445
0.49924475
0.49924523
0.49924487
0.4992451
0.49924475
0.49924487
0.499245
0.49924535
0.499245
0.49924505
0.49924523
0.49924523
0.49924523
0.49924487
0.49924535
0.49924415
0.499245
0.499245
0.4992448
0.49924457
0.49924475
0.49924523
0.4992451
0.49924487
0.49924463
0.499245
0.499245
0.49924475
0.49924433
0.49924493
0.49924523
0.4992451
0.49924517
0.49924505
0.49924415
0.49924487
0.49924523
0.49924546
0.4992453
0.49924552
0.4992447
0.49924493
0.49924493
0.49924493
0.49924523
0.49924475
0.4992453
0.4992451
0.4992447
0.499245
0.49924505
0.49924505
0.4992451
0.4992447
0.49924582
0.49924475
0.4992445
0.49924523
0.499245
0.49924523
0.4992453
0.49924487
0.49924505
0.49924463
0.49924523
0.49924487
0.49924487
0.49924517
0.49924493
0.4992451
0.49924523
0.499245
0.4992451
0.4992451
0.49924517
0.49924475
0.49924487
0.4992447
0.4992451
0.49924487
0.49924523
0.49924523
0.4992448
0.49924362
0.49924517
0.49924523
0.4992438
0.49924475
0.49924558
0.49924535
0.4992451
0.499245
0.4992451
0.49924546
0.4992451
0.499245
0.49924505
0.499245
0.499245
0.499245
0.4992451
0.499245
0.499245
0.499245
0.49924487
0.49924493
0.49924523
0.4992451
0.49924493
0.49924475
0.49924546
0.49924475
0.49924523
0.49924487
0.49924505
0.49924463
0.49924505
0.4992451
0.4992451
0.499245
0.49924493
0.49924517
0.49924487
0.49924505
0.49924493
0.499245
0.4992451
0.4992451
0.49924523
0.49924463
0.4992451
0.49924487
0.49924517
0.4992451
0.49924523
0.49924505
0.4992451
0.49924493
0.4992447
0.499245
0.4992448
0.499245
0.49924546
0.499245
0.499245
0.49924523
0.499245
0.499245
0.49924535
0.4992451
0.49924546
0.49924493
0.499245
0.49924487
0.49924487
0.49924487
0.49924463
0.49924535
0.49924493
0.49924457
0.49924487
0.499245
0.49924517
0.49924523
0.499245
0.49924427
0.49924475
0.4992451
0.4992447
0.49924475
0.49924433
0.49924517
0.49924487
0.4992448
0.4992448
0.49924487
0.4992451
0.49924487
0.499245
0.49924487
0.49924493
0.499245
0.49924517
0.49924487
0.4992451
0.49924493
0.4992451
0.49924523
0.49924517
0.49924523
0.4992451
0.49924523
0.49924487
0.4992444
0.4992451
0.4992448
0.49924463
0.49924463
0.49924523
0.4992451
0.49924493
0.49924517
0.4992451
0.499245
0.4992448
0.49924487
0.49924487
0.49924475
0.4992444
0.49924487
0.49924457
0.49924487
0.4992451
0.49924493
0.49924493
0.4992451
0.49924535
0.4992451
0.4992448
0.49924517
0.49924535
0.499245
0.49924487
0.4992451
0.4992451
0.4992445
0.49924475
0.4992451
0.49924487
0.4992453
0.49924523
0.49924475
0.49924463
0.4992451
0.4992451
0.49924517
0.49924535
0.49924487
0.49924487
0.49924487
0.4992451
0.4992445
0.4992451
0.49924505
0.49924463
0.49924535
0.4992457
0.499245
0.4992448
0.4992453
0.499245
0.4992451
0.49924505
0.49924523
0.49924487
0.49924475
0.49924523
0.49924505
0.49924523
0.499245
0.49924487
0.49924535
0.4992447
0.499245
0.4992448
0.49924523
0.499245
0.49924475
0.49924457
0.49924523
0.49924523
0.49924487
0.49924475
0.49924487
0.499245
0.499245
0.499245
0.49924493
0.49924523
0.49924475
0.4992453
0.4992451
0.49924505
0.499245
0.49924558
0.49924463
0.49924546
0.4992444
0.49924487
0.49924505
0.4992448
0.49924505
0.49924552
0.499245
0.4992451
0.49924493
0.49924505
0.49924505
0.49924493
0.49924493
0.4992451
0.49924475
0.49924475
0.499245
0.49924517
0.499245
0.49924475
0.49924505
0.49924493
0.49924475
0.499245
0.4992451
0.4992451
0.49924523
0.49924582
0.499245
0.49924505
0.499245
0.49924475
0.49924493
0.49924576
0.4992447
0.49924487
0.49924517
0.49924523
0.499245
0.49924505
0.4992418
0.499245
0.4992448
0.49924487
0.4992445
0.49924523
0.49924487
0.4992445
0.49924463
0.4992453
0.49924487
0.499245
0.49924487
0.49924487
0.49924535
0.4992451
0.4992451
0.499245
0.49924523
0.49924487
0.49924397
0.49924487
0.499245
0.499245
0.49924505
0.4992448
0.49924487
0.49924505
0.4992448
0.499245
0.49924463
0.4992454
0.4992445
0.49924523
0.49924487
0.49924487
0.49924505
0.4992451
0.49924535
0.49924564
0.49924517
0.49924523
0.49924517
0.4992451
0.49924523
0.499245
0.49924487
0.499245
0.4992451
0.49924523
0.4992451
0.4992448
0.49924523
0.499245
0.4992451
0.49924475
0.4992451
0.49924487
0.49924523
0.49924487
0.49924523
0.49924487
0.4992451
0.4992451
0.499245
0.49924463
0.49924564
0.499245
0.4992451
0.49924457
0.4992451
0.49924487
0.49924505
0.49924487
0.49924505
0.4992448
0.4992451
0.49924475
0.499245
0.49924487
0.49924493
0.499245
0.4992448
0.4992451
0.49924475
0.499245
0.49924475
0.49924487
0.49924487
0.49924517
0.49924523
0.4992445
0.49924517
0.49924523
0.49924487
0.4992448
0.49924523
0.4992445
0.49924517
0.49924487
0.4992451
0.49924344
0.49924505
0.4992451
0.499245
0.49924475
0.4992445
0.49924505
0.499245
0.49924487
0.4992451
0.49924523
0.4992453
0.49924493
0.49924493
0.4992448
0.49924523
0.49924475
0.499245
0.4992445
0.49924463
0.4992451
0.49924493
0.49924523
0.4992453
0.49924463
0.4992451
0.499245
0.4992451
0.49924523
0.49924427
0.499245
0.499245
0.49924517
0.49924505
0.499245
0.49924546
0.49924523
0.4992451
0.49924523
0.49924487
0.49924552
0.49924487
0.49924392
0.49924487
0.49924546
0.4992451
0.49924487
0.49924517
0.49924523
0.499245
0.4992451
0.49924535
0.499245
0.499245
0.49924523
0.4992451
0.499245
0.49924517
0.49924523
0.49924523
0.4992448
0.4992451
0.49924505
0.4992451
0.499245
0.49924523
0.4992451
0.49924517
0.4992444
0.49924487
0.49924487
0.49924493
0.49924445
0.4992454
0.49924618
0.49924487
0.49924517
0.49924493
0.49924493
0.4992453
0.49924493
0.4992451
0.4992451
0.49924535
0.49924493
0.49924493
0.499245
0.49924493
0.49924487
0.499245
0.4992451
0.49924493
0.49924523
0.4992453
0.49924463
0.49924463
0.499245
0.49924487
0.49924505
0.49924523
0.49924517
0.49924487
0.499245
0.49924487
0.4992451
0.49924493
0.4992448
0.49924475
0.4992451
0.49924493
0.4992469
0.49924523
0.49924505
0.4992451
0.49924523
0.49924487
0.49924463
0.49924457
0.49924463
0.49924523
0.499245
0.4992444
0.49924487
0.49924523
0.499245
0.4992451
0.4992451
0.49924517
0.49924487
0.49924535
0.499245
0.49924475
0.4992448
0.4992451
0.49924505
0.499245
0.499245
0.49924523
0.4992451
0.49924493
0.49924517
0.4992451
0.4992448
0.49924517
0.499245
0.499245
0.49924493
0.49924523
0.499245
0.49924523
0.49924457
0.49924463
0.4992444
0.49924558
0.4992451
0.49924487
0.49924463
0.49924523
0.49924487
0.49924487
0.49924535
0.49924487
0.49924523
0.49924505
0.49924475
0.49924517
0.4992451
0.49924505
0.4992453
0.49924523
0.49924493
0.4992451
0.49924505
0.4992451
0.49924523
0.49924523
0.49924535
0.49924487
0.49924415
0.49924493
0.49924487
0.49924523
0.49924546
0.4992451
0.4992445
0.49924523
0.49924487
0.49924493
0.49924475
0.49924558
0.49924487
0.4992432
0.499245
0.4992448
0.4992451
0.49924505
0.49924523
0.49924487
0.49924535
0.49924523
0.49924523
0.499245
0.49924487
0.4992451
0.49924535
0.4992451
0.49924487
0.4992453
0.499245
0.4992451
0.49924505
0.49924558
0.4992451
0.49924505
0.49924523
0.499245
0.499245
0.4992451
0.4992451
0.49924505
0.49924517
0.49924487
0.49924475
0.4992453
0.4992451
0.499245
0.49924475
0.49924582
0.49924463
0.4992448
0.49924523
0.49924505
0.4992451
0.4992448
0.4992441
0.49924475
0.49924487
0.49924523
0.49924517
0.49924505
0.49924427
0.49924475
0.49924505
0.4992454
0.49924523
0.49924415
0.49924493
0.49924487
0.49924475
0.49924463
0.49924487
0.49924487
0.4992447
0.49924487
0.49924487
0.49924487
0.4992451
0.4992451
0.49924517
0.499245
0.49924523
0.499245
0.49924535
0.49924535
0.49924487
0.49924487
0.49924487
0.4992451
0.4992453
0.49924487
0.4992453
0.4992451
0.49924523
0.4992451
0.49924475
0.49924535
0.49924523
0.49924487
0.4992451
0.499245
0.49924493
0.49924415
0.49924493
0.49924523
0.4992451
0.49924523
0.4992451
0.49924535
0.49924523
0.49924487
0.4992451
0.49924523
0.49924475
0.4992451
0.4992451
0.49924487
0.49924535
0.499245
0.49924517
0.4992451
0.499245
0.4992448
0.499245
0.499245
0.49924517
0.49924523
0.49924523
0.49924523
0.4992447
0.49924535
0.499245
0.49924523
0.4992448
0.49924487
0.49924916
0.49924475
0.499245
0.49924487
0.49924517
0.49924505
0.499245
0.49924535
0.49924523
0.4992451
0.49924523
0.4992451
0.49924505
0.49924487
0.49924517
0.49924487
0.49924523
0.49924487
0.49924517
0.4992451
0.49924523
0.49924487
0.4992453
0.499245
0.49924535
0.49924505
0.49924523
0.49924487
0.4992451
0.49924475
0.4992451
0.49924535
0.49924523
0.4992447
0.49924505
0.49924487
0.4992451
0.499245
0.4992451
0.49924475
0.4992453
0.4992451
0.49924523
0.4992451
0.4992448
0.49924487
0.4992453
0.49924523
0.49924505
0.499245
0.49924535
0.4992451
0.49924546
0.4992453
0.49924493
0.49924475
0.4992445
0.4992448
0.4992447
0.49924535
0.499245
0.4992448
0.49924517
0.49924505
0.4992447
0.4992451
0.499245
0.49924505
0.4992453
0.49924487
0.499245
0.4992445
0.4992448
0.49924505
0.49924463
0.499245
0.4992451
0.4992451
0.4992454
0.49924487
0.499245
0.49924505
0.49924523
0.49924505
0.49924523
0.4992448
0.49924535
0.49924523
0.49924523
0.49924487
0.49924517
0.49924475
0.4992451
0.49924523
0.4992451
0.49924427
0.499245
0.49924535
0.49924546
0.499245
0.49924523
0.49924546
0.4992451
0.49924493
0.4992448
0.49924535
0.4992448
0.49924523
0.49924517
0.49924475
0.4992445
0.4992451
0.499245
0.4992451
0.49924535
0.4992451
0.4992451
0.4992447
0.49924546
0.4992451
0.49924463
0.4992451
0.499245
0.499245
0.49924487
0.49924487
0.49924475
0.49924535
0.49924487
0.4992448
0.49924552
0.4992451
0.49924305
0.499245
0.49924487
0.4992451
0.49924523
0.49924535
0.4992451
0.4992451
0.49924523
0.49924523
0.49924487
0.49924487
0.49924535
0.49924517
0.49924493
0.49924505
0.49924487
0.49924523
0.49924523
0.49924493
0.49924523
0.4992448
0.499245
0.49924487
0.49924523
0.49924523
0.49924463
0.49924523
0.4992448
0.499245
0.49924493
0.4992451
0.499245
0.4992451
0.4992451
0.499245
0.4992451
0.49924523
0.49924523
0.49924487
0.49924433
0.4992445
0.4992448
0.4992451
0.4992451
0.499245
0.499245
0.49924457
0.49924487
0.49924487
0.49924535
0.49924618
0.49924487
0.49924493
0.4992451
0.49924523
0.49924487
0.49924546
0.49924517
0.49924475
0.4992453
0.49924487
0.499245
0.49924523
0.49924493
0.49924493
0.49924487
0.499245
0.49924487
0.4992451
0.49924457
0.49924505
0.4992451
0.49924535
0.49924523
0.499245
0.4992451
0.4992451
0.49924523
0.4992453
0.49924487
0.49924505
0.49924523
0.4992453
0.499245
0.49924487
0.49924523
0.49924487
0.49924487
0.49924535
0.49924475
0.49924517
0.4992453
0.49924487
0.49924523
0.49924505
0.49924475
0.49924463
0.49924487
0.4992453
0.49924535
0.49924487
0.4992451
0.4992448
0.499245
0.49924487
0.49924487
0.49924558
0.4992451
0.49924505
0.49924487
0.49924517
0.49924523
0.49924523
0.499245
0.49924493
0.49924523
0.49924523
0.4992451
0.49924523
0.49924535
0.499245
0.4992445
0.49924523
0.4992451
0.49924523
0.49924517
0.49924517
0.4992451
0.4992453
0.4992448
0.4992451
0.49924505
0.49924523
0.499245
0.49924475
0.49924517
0.4992451
0.499245
0.49924505
0.49924487
0.49924505
0.4992448
0.49924535
0.4992451
0.49924487
0.4992451
0.4992451
0.49924517
0.49924487
0.499245
0.499245
0.49924523
0.49924517
0.4992453
0.4992451
0.49924463
0.49924487
0.499245
0.4992451
0.49924487
0.4992451
0.49924475
0.4992447
0.4992451
0.4992451
0.49924463
0.49924523
0.4992451
0.49924523
0.49924487
0.4992451
0.49924523
0.49924535
0.4992451
0.49924475
0.49924475
0.4992451
0.4992445
0.4992444
0.4992457
0.49924523
0.4992453
0.499245
0.49924505
0.4992451
0.4992445
0.4992451
0.49924535
0.49924523
0.49924487
0.4992448
0.49924487
0.49924493
0.49924523
0.49924517
0.499245
0.499245
0.4992451
0.499245
0.49924523
0.49924535
0.49924517
0.499245
0.49924523
0.499245
0.4992451
0.499245
0.49924493
0.499245
0.49924493
0.499245
0.49924463
0.49924546
0.49924505
0.49924487
0.49924493
0.49924523
0.49924523
0.49924517
0.49924517
0.4992453
0.4992444
0.49924517
0.49924523
0.49924487
0.4992451
0.49924523
0.49924463
0.49924535
0.49924463
0.4992454
0.4992451
0.4992451
0.49924535
0.49924493
0.49924493
0.49924535
0.499245
0.49924535
0.49924523
0.49924523
0.4992451
0.49924463
0.49924487
0.4992451
0.4992451
0.4992448
0.49924523
0.499245
0.49924463
0.49924505
0.49924535
0.49924523
0.499245
0.499245
0.499245
0.49924535
0.49924546
0.49924475
0.4992445
0.49924487
0.49924487
0.4992451
0.49924523
0.4992451
0.499245
0.49924487
0.499245
0.4992451
0.4992448
0.49924517
0.49924505
0.49924487
0.4992451
0.49924463
0.4992451
0.4992453
0.49924535
0.4992447
0.4992432
0.4992445
0.49924487
0.4992451
0.499245
0.4992448
0.49924493
0.49924487
0.499245
0.4992451
0.4992454
0.499245
0.49924523
0.49924517
0.49924523
0.49924487
0.49924487
0.4992453
0.49924487
0.499245
0.49924505
0.49924493
0.49924487
0.4992447
0.49924463
0.499245
0.499245
0.49924493
0.49924546
0.49924493
0.49924546
0.49924475
0.49924487
0.49924523
0.49924523
0.49924523
0.49924493
0.4992451
0.49924463
0.49924505
0.4992451
0.4992451
0.4992451
0.49924523
0.49924487
0.49924493
0.49924505
0.499245
0.49924606
0.4992451
0.49924493
0.49924487
0.49924487
0.4992451
0.4992453
0.49924523
0.49924523
0.49924487
0.49924487
0.49924535
0.4992451
0.4992454
0.49924505
0.499245
0.4992451
0.499245
0.49924493
0.49924475
0.49924523
0.49924487
0.4992451
0.499245
0.49924523
0.49924523
0.49924427
0.49924487
0.49924475
0.49924505
0.49924535
0.49924493
0.49924523
0.49924535
0.49924523
0.49924517
0.49924487
0.49924392
0.49924463
0.49924517
0.49924487
0.49924523
0.49924535
0.49924463
0.499245
0.49924523
0.49924523
0.49924535
0.49924535
0.49924487
0.4992451
0.4992448
0.4992448
0.499245
0.4992445
0.49924535
0.49924552
0.49924487
0.49924487
0.49924487
0.4992451
0.49924535
0.499245
0.49924487
0.49924523
0.499245
0.4992445
0.49924475
0.49924475
0.49924535
0.499245
0.49924523
0.49924493
0.49924523
0.499245
0.49924535
0.49924535
0.4992448
0.49924523
0.4992451
0.49924523
0.49924487
0.49924487
0.4992451
0.4992454
0.49924487
0.4992451
0.49924493
0.49924487
0.49924433
0.49924523
0.49924487
0.49924535
0.4992453
0.49924523
0.499245
0.49924505
0.49924487
0.49924558
0.4992451
0.49924535
0.49924523
0.49924487
0.4992451
0.49924463
0.499245
0.499245
0.499245
0.49924535
0.49924523
0.49924505
0.499245
0.499245
0.4992451
0.49924517
0.49924552
0.49924505
0.49924588
0.49924487
0.49924523
0.49924523
0.49924523
0.49924535
0.499245
0.49924523
0.4992451
0.4992445
0.49924493
0.49924475
0.49924493
0.499245
0.49924427
0.49924487
0.4992448
0.49924535
0.499245
0.49924505
0.49924475
0.4992451
0.49924505
0.49924475
0.49924463
0.4992451
0.49924487
0.4992448
0.499245
0.4992454
0.4992451
0.49924487
0.49924487
0.49924517
0.49924427
0.4992451
0.4992451
0.4992451
0.49924523
0.49924487
0.499245
0.49924475
0.499245
0.49924523
0.4992451
0.4992453
0.49924487
0.499245
0.4992448
0.49924463
0.49924445
0.4992451
0.49924487
0.4992451
0.49924517
0.49924523
0.49924558
0.49924475
0.4992448
0.49924493
0.4992451
0.499245
0.4992453
0.49924505
0.49924493
0.49924523
0.49924487
0.499245
0.49924493
0.4992445
0.499245
0.49924523
0.49924487
0.49924487
0.4992448
0.49924535
0.49924475
0.49924505
0.49924475
0.49924487
0.4992445
0.49924523
0.49924493
0.49924505
0.499245
0.49924493
0.4992454
0.4992453
0.4992451
0.49924517
0.49924725
0.4992451
0.4992451
0.499245
0.4992445
0.4992445
0.49924505
0.49924517
0.49924487
0.49924475
0.4992451
0.49924475
0.49924463
0.49924523
0.499245
0.49924493
0.49924463
0.4992454
0.499245
0.49924487
0.49924535
0.4992453
0.49924487
0.49924517
0.499245
0.49924475
0.4992451
0.49924523
0.4992447
0.49924487
0.49924505
0.49924505
0.49924535
0.4992444
0.4992451
0.49924523
0.49924505
0.49924523
0.49924535
0.4992451
0.49924487
0.4992453
0.49924517
0.4992451
0.49924475
0.499245
0.499245
0.49924493
0.4992454
0.49924475
0.4992451
0.49924523
0.499245
0.49924505
0.4992448
0.49924463
0.49924487
0.49924493
0.49924523
0.499245
0.49924523
0.4992451
0.49924487
0.49924487
0.499245
0.49924523
0.49924487
0.4992451
0.49924606
0.4992444
0.499245
0.49924546
0.49924144
0.49924505
0.499245
0.4992451
0.49924487
0.4992448
0.49924493
0.4992444
0.4992451
0.49924487
0.4992451
0.49924356
0.49924505
0.4992451
0.49924475
0.49924523
0.49924535
0.49924523
0.4992451
0.49924523
0.4992453
0.49924457
0.4992453
0.49924475
0.4992445
0.49924523
0.4992451
0.49924487
0.499245
0.49924523
0.49924487
0.499245
0.49924517
0.4992448
0.4992448
0.4992447
0.49924505
0.49924517
0.4992451
0.49924463
0.4992451
0.49924445
0.4992438
0.4992451
0.49924463
0.49924487
0.4992453
0.49924487
0.49924505
0.49924535
0.4992453
0.49924493
0.49924487
0.49924523
0.499245
0.499245
0.49924523
0.4992451
0.4992451
0.49924523
0.49924505
0.49924523
0.49924505
0.49924475
0.4992451
0.4992451
0.499245
0.49924487
0.4992454
0.4992451
0.4992448
0.49924505
0.49924463
0.49924487
0.49924487
0.4992453
0.49924487
0.49924487
0.49924523
0.49924493
0.4992451
0.49924505
0.49924457
0.49924523
0.4992451
0.4992451
0.49924505
0.49924487
0.49924487
0.49924475
0.49924517
0.49924493
0.499245
0.4992441
0.49924487
0.49924523
0.4992451
0.49924493
0.499245
0.4992448
0.4992451
0.4992453
0.499245
0.4992445
0.49924505
0.49924475
0.49924523
0.49924523
0.49924523
0.4992451
0.4992453
0.4992451
0.49924475
0.499245
0.49924493
0.49924487
0.499245
0.4992451
0.4992451
0.49924493
0.49924505
0.49924487
0.4992451
0.49924487
0.4992451
0.49924523
0.49924487
0.499245
0.49924582
0.4992451
0.49924523
0.49924535
0.49924523
0.499245
0.4992448
0.49924517
0.49924523
0.49924487
0.49924523
0.49924493
0.49924463
0.499245
0.49924475
0.4992447
0.49924535
0.49924463
0.49924487
0.499245
0.49924487
0.4992451
0.49924487
0.49924463
0.49924487
0.499245
0.49924546
0.49924487
0.49924523
0.499245
0.4992457
0.499245
0.49924487
0.49924523
0.49924535
0.4992445
0.49924487
0.49924487
0.49924535
0.49924523
0.49924487
0.49924487
0.49924523
0.49924523
0.499245
0.4992448
0.4992453
0.49924487
0.4992445
0.49924523
0.49924475
0.49924517
0.49924505
0.49924535
0.4992451
0.4992451
0.499245
0.49924517
0.4992445
0.499245
0.49924463
0.499246
0.49924517
0.49924535
0.4992453
0.49924463
0.49924493
0.49924523
0.49924463
0.49924487
0.49924487
0.4992448
0.49924487
0.49924475
0.4992445
0.49924517
0.49924523
0.49924487
0.49924523
0.49924487
0.4992451
0.49924487
0.49924487
0.4992451
0.4992451
0.49924523
0.49924475
0.4992451
0.499245
0.499245
0.4992444
0.49924463
0.49924457
0.49924487
0.4992453
0.49924523
0.499245
0.4992448
0.49924517
0.4992451
0.49924475
0.4992451
0.4992451
0.4992451
0.4992454
0.4992454
0.49924487
0.49924338
0.4992445
0.49924684
0.49924463
0.49924493
0.499245
0.49924517
0.4992448
0.49924523
0.4992444
0.499245
0.49924445
0.499245
0.49924487
0.49924535
0.4992451
0.49924487
0.49924517
0.4992451
0.4992448
0.49924505
0.49924505
0.49924523
0.49924523
0.4992448
0.4992451
0.49924487
0.4992451
0.49924523
0.4992451
0.4992451
0.49924487
0.49924487
0.4992448
0.49924517
0.49924475
0.49924535
0.4992451
0.49924582
0.49924523
0.49924505
0.499245
0.49924523
0.4992445
0.49924523
0.49924523
0.49924463
0.49924535
0.499245
0.499245
0.49924505
0.499245
0.49924517
0.4992451
0.49924523
0.4992451
0.49924523
0.49924475
0.49924487
0.4992448
0.49924505
0.49924487
0.4992451
0.4992453
0.49924582
0.499245
0.49924475
0.49924487
0.49924487
0.4992451
0.4992451
0.4992448
0.499245
0.49924475
0.49924475
0.49924523
0.49924523
0.49924493
0.49924517
0.49924475
0.49924475
0.49924505
0.49924535
0.49924523
0.49924517
0.49924487
0.49924487
0.49924582
0.4992453
0.49924487
0.49924493
0.49924475
0.499245
0.4992447
0.49924475
0.49924475
0.49924463
0.49924475
0.49924386
0.49924487
0.49924487
0.4992451
0.49924493
0.4992451
0.4992451
0.4992451
0.49924487
0.49924523
0.499245
0.49924475
0.49924517
0.49924523
0.49924505
0.4992444
0.4992451
0.4992451
0.49924487
0.49924475
0.49924505
0.49924475
0.49924487
0.49924493
0.49924523
0.49924517
0.499245
0.4992451
0.49924463
0.4992451
0.49924523
0.49924517
0.49924493
0.49924523
0.49924523
0.499245
0.49924523
0.499245
0.49924487
0.4992451
0.49924487
0.49924505
0.4992451
0.4992447
0.49924487
0.49924463
0.49924463
0.499245
0.4992445
0.49924505
0.499245
0.49924517
0.49924487
0.4992451
0.49924487
0.4992448
0.499245
0.499245
0.49924487
0.499245
0.499245
0.499245
0.49924415
0.499245
0.49924517
0.499245
0.49924517
0.49924487
0.49924487
0.49924487
0.4992451
0.499245
0.49924523
0.49924523
0.49924487
0.49924487
0.49924517
0.49924475
0.4992451
0.4992448
0.49924475
0.4992444
0.4992451
0.4992451
0.49924487
0.49924523
0.499245
0.4992442
0.49924535
0.4992448
0.49924546
0.4992451
0.4992451
0.49924487
0.4992451
0.49924517
0.49924535
0.49924493
0.49924505
0.49924535
0.49924523
0.49924487
0.499245
0.49924523
0.49924487
0.4992445
0.4992451
0.499245
0.49924475
0.4992447
0.49924487
0.49924523
0.4992451
0.49924523
0.4992447
0.499245
0.4992451
0.49924475
0.49924558
0.49924535
0.49924487
0.49924535
0.49924523
0.4992444
0.49924487
0.4992451
0.4992451
0.49924535
0.499245
0.49924523
0.4992448
0.499245
0.4992457
0.49924505
0.499245
0.49924463
0.49924517
0.4992444
0.49924475
0.49924475
0.49924487
0.4992451
0.49924523
0.4992453
0.499245
0.4992451
0.49924475
0.49924475
0.49924517
0.49924523
0.49924463
0.499245
0.49924523
0.49924523
0.49924505
0.49924523
0.499245
0.49924475
0.4992451
0.4992451
0.49924487
0.49924487
0.499245
0.499245
0.499245
0.49924487
0.4992445
0.49924493
0.49924487
0.499245
0.499245
0.49924546
0.49924293
0.4992451
0.499245
0.499245
0.49924493
0.49924487
0.49924523
0.4992451
0.49924487
0.49924523
0.499245
0.49924517
0.4992445
0.4992448
0.49924505
0.49924487
0.49924576
0.49924535
0.4992454
0.499245
0.4992445
0.49924582
0.499245
0.4992447
0.49924493
0.499245
0.49924493
0.49924487
0.4992448
0.4992451
0.49924546
0.499245
0.49924487
0.49924517
0.49924552
0.49924493
0.49924487
0.499245
0.4992448
0.49924523
0.49924535
0.499245
0.49924535
0.49924535
0.49924517
0.49924493
0.4992451
0.49924493
0.49924517
0.49924523
0.49924558
0.49924594
0.499245
0.499245
0.49924475
0.499245
0.49924523
0.49924487
0.49924493
0.499245
0.499245
0.4992451
0.49924457
0.49924487
0.49924523
0.49924475
0.4992451
0.49924487
0.4992451
0.49924535
0.49924487
0.4992454
0.49924523
0.49924523
0.49924487
0.4992445
0.49924523
0.4992451
0.49924505
0.49924523
0.4992441
0.49924475
0.4992453
0.499245
0.4992451
0.499245
0.4992451
0.49924523
0.4992451
0.49924535
0.49924487
0.49924487
0.49924505
0.499245
0.499245
0.49924487
0.49924487
0.49924493
0.4992447
0.499245
0.49924475
0.4992451
0.4992457
0.499245
0.4992451
0.49924368
0.49924475
0.4992448
0.4992451
0.49924517
0.49924487
0.499245
0.499245
0.49924505
0.4992451
0.4992448
0.4992448
0.49924487
0.49924475
0.4992451
0.4992451
0.499245
0.49924493
0.4992451
0.49924505
0.4992453
0.49924487
0.4992445
0.49924487
0.49924487
0.49924493
0.49924493
0.49924475
0.4992451
0.49924475
0.49924463
0.49924475
0.49924457
0.49924463
0.49924487
0.4992453
0.4992451
0.49924535
0.49924475
0.4992448
0.49924475
0.499245
0.49924517
0.499245
0.49924523
0.49924493
0.49924535
0.49924463
0.49924523
0.4992451
0.49924457
0.49924463
0.49924487
0.4992445
0.4992445
0.49924475
0.49924523
0.49924546
0.49924517
0.4992451
0.49924475
0.49924487
0.4992453
0.499245
0.4992451
0.49924535
0.49924487
0.4992451
0.49924487
0.4992451
0.499245
0.49924523
0.49924523
0.49924523
0.49924505
0.49924523
0.49924493
0.499245
0.4992451
0.49924487
0.49924523
0.49924523
0.4992451
0.49924475
0.49924463
0.49924463
0.49924493
0.49924445
0.49924517
0.49924535
0.49924523
0.49924558
0.49924523
0.49924493
0.4992448
0.49924523
0.49924535
0.49924487
0.4992451
0.49924517
0.49924517
0.49924523
0.49924475
0.49924487
0.49924463
0.49924523
0.49924493
0.4992448
0.499245
0.4992451
0.49924397
0.49924362
0.49924487
0.499245
0.49924517
0.49924517
0.4992453
0.4992445
0.49924535
0.499245
0.49924493
0.49924505
0.49924487
0.49924505
0.4992448
0.49924523
0.4992451
0.4992454
0.4992451
0.499245
0.49924517
0.49924505
0.49924463
0.49924535
0.4992451
0.49924487
0.499245
0.49924523
0.49924487
0.49924523
0.4992445
0.4992451
0.49924523
0.49924493
0.4992448
0.49924457
0.49924493
0.49924523
0.4992448
0.49924487
0.4992453
0.49924487
0.49924463
0.49924523
0.49924523
0.49924487
0.4992451
0.49924523
0.49924523
0.49924493
0.49924487
0.49924487
0.49924487
0.4992457
0.49924523
0.499245
0.499245
0.499245
0.49924523
0.49924523
0.4992438
0.4992453
0.49924523
0.4992451
0.49924475
0.49924523
0.49924487
0.49924523
0.49924487
0.49924535
0.49924487
0.49924523
0.4992453
0.49924523
0.49924475
0.4992451
0.49924487
0.49924517
0.49924558
0.49924523
0.49924523
0.49924487
0.49924463
0.49924535
0.49924487
0.49924517
0.49924523
0.499245
0.49924523
0.4992445
0.49924523
0.49924487
0.4992453
0.49924517
0.4992451
0.49924475
0.499245
0.499245
0.4992451
0.49924487
0.49924517
0.49924487
0.49924523
0.49924505
0.49924487
0.49924523
0.499245
0.49924505
0.49924475
0.4992451
0.49924523
0.4992451
0.49924493
0.49924392
0.49924535
0.49924475
0.499245
0.49924487
0.4992451
0.49924558
0.49924517
0.49924523
0.499245
0.49924475
0.49924463
0.499245
0.4992451
0.49924523
0.4992451
0.49924493
0.499245
0.49924523
0.49924505
0.4992442
0.49924487
0.49924523
0.49924523
0.4992444
0.4992451
0.49924535
0.49924535
0.49924523
0.49924523
0.4992451
0.49924517
0.49924487
0.49924487
0.49924487
0.49924487
0.49924475
0.49924523
0.49924487
0.49924517
0.49924487
0.49924517
0.49924463
0.4992451
0.49924523
0.499245
0.49924517
0.4992448
0.4992453
0.4992451
0.4992451
0.4992444
0.49924493
0.4992448
0.499245
0.4992451
0.499245
0.4992451
0.4992451
0.49924535
0.49924505
0.499245
0.4992445
0.49924487
0.49924487
0.49924523
0.4992445
0.49924505
0.49924487
0.49924523
0.4992451
0.4992457
0.49924493
0.4992454
0.4992451
0.4992447
0.499245
0.4992453
0.49924475
0.49924487
0.499245
0.49924463
0.49924523
0.49924475
0.49924523
0.4992451
0.49924535
0.49924457
0.49924517
0.4992453
0.49924487
0.499245
0.49924523
0.499245
0.49924475
0.4992451
0.49924535
0.49924546
0.49924487
0.49924546
0.49924487
0.4992448
0.49924535
0.49924523
0.49924475
0.499245
0.49924535
0.49924487
0.49924487
0.499245
0.4992451
0.4992451
0.499245
0.49924493
0.49924523
0.49924523
0.49924523
0.49924487
0.4992451
0.49924505
0.49924523
0.4992448
0.49924475
0.4992453
0.49924505
0.49924535
0.49924493
0.499245
0.49924487
0.49924517
0.4992447
0.49924487
0.499245
0.49924487
0.4992451
0.49924523
0.49924487
0.4992448
0.4992451
0.49924475
0.49924558
0.49924535
0.49924487
0.49924523
0.49924475
0.4992453
0.49924517
0.49924535
0.49924475
0.49924475
0.499245
0.49924427
0.4992451
0.4992445
0.499245
0.49924493
0.49924517
0.49924535
0.49924535
0.4992451
0.499245
0.49924535
0.49924487
0.49924523
0.49924487
0.49924523
0.4992451
0.49924505
0.49924517
0.49924523
0.49924493
0.4992454
0.4992451
0.49924487
0.49924582
0.4992451
0.4992454
0.49924535
0.4992451
0.49924523
0.499245
0.49924517
0.4992448
0.4992451
0.49924535
0.4992451
0.4992451
0.49924523
0.499245
0.49924487
0.49924505
0.4992453
0.49924487
0.4992451
0.49924463
0.49924487
0.49924523
0.4992451
0.49924505
0.49924523
0.4992451
0.49924517
0.49924487
0.49924517
0.4992451
0.49924427
0.4992448
0.49924523
0.49924475
0.499245
0.49924487
0.4992448
0.49924487
0.4992453
0.49924457
0.49924487
0.49924523
0.4992451
0.49924535
0.499245
0.49924487
0.4992451
0.49924523
0.49924505
0.4992451
0.49924475
0.4992451
0.49924505
0.49924487
0.49924487
0.49924487
0.4992451
0.49924368
0.49924463
0.49924475
0.49924463
0.4992451
0.4992451
0.49924487
0.49924558
0.4992448
0.49924475
0.499245
0.499245
0.499245
0.499245
0.49924475
0.49924493
0.49924487
0.4992451
0.4992451
0.499245
0.49924523
0.49924457
0.49924523
0.4992451
0.49924523
0.4992451
0.49924475
0.49924535
0.49924517
0.4992451
0.49924523
0.49924535
0.4992453
0.49924523
0.49924523
0.49924475
0.49924523
0.49924523
0.4992451
0.49924535
0.4992453
0.499245
0.499245
0.49924523
0.4992451
0.49924523
0.4992451
0.49924493
0.4992451
0.49924493
0.4992448
0.49924487
0.49924487
0.49924487
0.4992451
0.49924487
0.4992451
0.4992451
0.49924487
0.4992451
0.49924517
0.499245
0.49924505
0.49924487
0.4992451
0.49924505
0.4992451
0.49924523
0.4992463
0.49924505
0.499245
0.4992451
0.4992453
0.4992451
0.49924517
0.49924487
0.49924487
0.49924523
0.499245
0.499245
0.4992451
0.4992453
0.4992451
0.4992451
0.49924523
0.49924546
0.4992451
0.49924517
0.49924487
0.49924487
0.499245
0.49924463
0.49924517
0.49924475
0.49924505
0.49924493
0.49924523
0.49924487
0.49924505
0.49924505
0.499245
0.4992453
0.49924463
0.49924392
0.49924493
0.49924487
0.499245
0.49924523
0.4992451
0.49924493
0.49924493
0.499245
0.49924523
0.499245
0.49924523
0.49924523
0.49924493
0.499245
0.4992451
0.499245
0.49924535
0.49924475
0.4992451
0.49924523
0.49924475
0.49924487
0.499245
0.49924493
0.49924523
0.4992451
0.49924493
0.49924535
0.499245
0.49924487
0.49924463
0.49924523
0.4992445
0.4992451
0.4992453
0.49924487
0.4992451
0.49924487
0.4992451
0.499245
0.49924487
0.49924523
0.49924475
0.49924523
0.4992451
0.4992451
0.49924463
0.49924523
0.499245
0.49924517
0.49924493
0.49924517
0.49924523
0.49924535
0.4992451
0.4992451
0.49924403
0.49924493
0.49924505
0.4992451
0.49924487
0.4992448
0.49924493
0.49924535
0.4992451
0.49924493
0.49924487
0.49924487
0.4992453
0.49924678
0.49924517
0.499245
0.4992451
0.49924475
0.49924487
0.49924487
0.4992454
0.49924487
0.4992451
0.4992454
0.49924487
0.49924457
0.49924487
0.49924487
0.49924463
0.4992451
0.49924505
0.49924487
0.49924517
0.49924487
0.499245
0.49924487
0.4992451
0.49924487
0.49924523
0.4992454
0.49924475
0.499245
0.49924463
0.49924475
0.49924487
0.49924523
0.499245
0.49924517
0.49924475
0.49924535
0.499245
0.49924535
0.49924523
0.49924445
0.49924535
0.4992448
0.499245
0.49924487
0.49924505
0.4992451
0.49924487
0.4992451
0.49924463
0.499245
0.49924523
0.4992451
0.49924493
0.49924523
0.49924517
0.49924558
0.499245
0.49924523
0.499245
0.49924505
0.4992451
0.49924493
0.49924517
0.4992451
0.4992451
0.49924493
0.49924493
0.49924493
0.499245
0.49924487
0.4992448
0.49924487
0.4992453
0.499245
0.49924523
0.49924475
0.4992451
0.4992454
0.49924535
0.4992448
0.4992448
0.49924505
0.499245
0.49924535
0.49924505
0.49924475
0.49924523
0.49924487
0.4992448
0.4992453
0.49924517
0.499245
0.4992451
0.49924523
0.4992453
0.49924475
0.49924588
0.49924517
0.49924523
0.49924493
0.4992451
0.49924535
0.499245
0.4992447
0.49924475
0.4992451
0.49924493
0.49924487
0.49924487
0.49924523
0.4992451
0.49924487
0.49924463
0.49924487
0.49924535
0.4992448
0.4992451
0.499245
0.49924493
0.49924564
0.49924523
0.49924487
0.49924517
0.49924487
0.4992451
0.49924523
0.49924517
0.499245
0.49924475
0.49924427
0.499245
0.4992451
0.4992451
0.4992451
0.49924445
0.4992451
0.4992451
0.4992453
0.49924505
0.49924517
0.4992451
0.49924487
0.49924457
0.49924463
0.49924463
0.499245
0.49924523
0.49924535
0.49924505
0.49924493
0.49924487
0.49924505
0.4992451
0.499245
0.49924535
0.49924475
0.49924487
0.49924487
0.49924523
0.49924523
0.49924475
0.49924505
0.49924523
0.49924523
0.4992451
0.4992451
0.49924535
0.49924505
0.4992451
0.4992453
0.49924523
0.4992451
0.49924392
0.499245
0.49924403
0.4992444
0.49924535
0.4992448
0.49924517
0.49924487
0.49924523
0.49924535
0.499245
0.49924487
0.4992457
0.49924535
0.499245
0.49924505
0.49924487
0.49924523
0.499245
0.4992451
0.49924523
0.49924487
0.499245
0.499245
0.4992451
0.499245
0.4992451
0.49924505
0.4992447
0.49924457
0.499245
0.499245
0.49924156
0.49924475
0.49924475
0.499245
0.49924517
0.49924487
0.49924463
0.49924523
0.4992451
0.4992448
0.499245
0.4992453
0.4992447
0.499245
0.49924523
0.49924523
0.4992454
0.499245
0.49924517
0.49924535
0.49924487
0.4992451
0.49924493
0.499245
0.4992448
0.49924517
0.499245
0.49924517
0.49924475
0.4992451
0.499245
0.49924517
0.49924487
0.49924487
0.49924362
0.49924493
0.49924535
0.4992448
0.49924523
0.49924523
0.49924535
0.49924517
0.49924475
0.4992453
0.49924475
0.499245
0.49924546
0.49924493
0.49924487
0.49924493
0.499245
0.4992451
0.49924535
0.49924517
0.4992451
0.49924475
0.4992451
0.499245
0.49924523
0.49924463
0.49924535
0.499245
0.49924523
0.49924493
0.49924493
0.49924517
0.49924517
0.49924487
0.49924487
0.49924505
0.49924487
0.49924463
0.499245
0.499245
0.4992451
0.49924505
0.4992447
0.49924523
0.49924523
0.49924397
0.49924493
0.49924523
0.49924475
0.49924493
0.49924487
0.49924517
0.499245
0.49924487
0.49924523
0.49924523
0.49924475
0.4992451
0.499245
0.49924475
0.4992448
0.49924487
0.49924475
0.49924493
0.49924505
0.49924523
0.4992453
0.49924523
0.4992444
0.49924505
0.499245
0.49924523
0.4992448
0.49924493
0.499245
0.49924523
0.4992453
0.49924463
0.49924582
0.49924523
0.49924487
0.4992451
0.499245
0.49924493
0.49924523
0.49924487
0.499245
0.49924505
0.4992451
0.4992451
0.4992448
0.49924523
0.49924487
0.499245
0.4992447
0.4992451
0.49924487
0.4992448
0.499245
0.499245
0.49924523
0.49924523
0.49924523
0.49924558
0.49924523
0.499245
0.4992448
0.49924487
0.4992448
0.49924475
0.4992451
0.49924523
0.49924505
0.49924487
0.49924505
0.49924475
0.49924463
0.49924505
0.4992451
0.49924523
0.499245
0.49924523
0.4992451
0.49924523
0.4992445
0.49924523
0.4992453
0.4992451
0.49924487
0.49924493
0.49924517
0.499245
0.4992453
0.4992451
0.499245
0.49924535
0.49924523
0.49924523
0.499245
0.4992445
0.499245
0.4992453
0.49924493
0.49924505
0.49924517
0.499245
0.49924523
0.49924475
0.4992451
0.4992451
0.49924493
0.49924523
0.4992451
0.4992451
0.4992451
0.49924505
0.4992451
0.4992451
0.49924475
0.4992451
0.49924523
0.49924523
0.4992451
0.49924487
0.49924517
0.4992447
0.499245
0.49924487
0.49924463
0.499245
0.4992451
0.49924457
0.49924517
0.49924493
0.49924523
0.49924487
0.49924487
0.4992448
0.49924493
0.4992453
0.499245
0.49924523
0.49924487
0.49924493
0.49924487
0.49924457
0.49924487
0.49924523
0.499245
0.49924523
0.4992451
0.4992451
0.49924523
0.49924523
0.4992453
0.49924463
0.49924487
0.499245
0.49924517
0.49924517
0.4992451
0.49924523
0.4992448
0.49924356
0.49924523
0.499245
0.4992451
0.49924487
0.49924487
0.49924517
0.49924535
0.49924493
0.49924505
0.499245
0.49924523
0.49924463
0.49924493
0.499245
0.4992451
0.49924475
0.4992451
0.4992451
0.49924535
0.49924487
0.49924523
0.49924523
0.4992451
0.4992451
0.4992447
0.49924475
0.49924523
0.499245
0.4992451
0.499245
0.49924523
0.499245
0.49924487
0.49924517
0.49924397
0.49924332
0.499245
0.4992451
0.4992453
0.49924487
0.499245
0.499245
0.49924463
0.4992451
0.499245
0.4992451
0.49924535
0.49924403
0.49924475
0.49924523
0.499245
0.49924523
0.49924523
0.49924505
0.4992451
0.4992451
0.49924523
0.4992447
0.49924493
0.4992451
0.499245
0.4992453
0.4992451
0.49924487
0.4992447
0.499245
0.4992451
0.49924523
0.4992451
0.4992451
0.49924475
0.499245
0.49924463
0.49924475
0.4992453
0.4992447
0.4992451
0.49924535
0.49924517
0.4992447
0.49924487
0.4992451
0.4992451
0.49924493
0.49924523
0.49924535
0.49924457
0.49924523
0.49924517
0.49924487
0.49924487
0.49924463
0.49924487
0.49924487
0.49924517
0.499245
0.4992453
0.49924558
0.49924523
0.49924523
0.49924487
0.49924487
0.49924505
0.4992453
0.4992445
0.49924523
0.49924487
0.499245
0.4992447
0.4992448
0.49924487
0.4992448
0.499245
0.4992451
0.49924487
0.4992451
0.499245
0.499245
0.49924493
0.49924487
0.49924493
0.499245
0.49924523
0.4992451
0.49924493
0.49924523
0.49924505
0.49924493
0.49924487
0.499245
0.4992451
0.49924535
0.49924487
0.49924362
0.49924517
0.49924523
0.49924505
0.4992451
0.499245
0.49924475
0.49924433
0.4992451
0.49924535
0.4992453
0.49924493
0.49924487
0.499245
0.499245
0.49924475
0.49924463
0.49924535
0.49924475
0.49924475
0.4992451
0.49924505
0.49924517
0.4992453
0.499245
0.49924463
0.49924523
0.49924415
0.499245
0.49924523
0.49924463
0.49924463
0.49924487
0.49924535
0.4992451
0.49924493
0.49924487
0.4992451
0.49924523
0.4992451
0.49924535
0.49924505
0.49924475
0.49924487
0.4992451
0.49924517
0.4992454
0.4992451
0.499245
0.4992451
0.499245
0.49924535
0.49924535
0.4992445
0.49924535
0.4992448
0.49924523
0.49924505
0.49924535
0.4992453
0.49924487
0.4992451
0.49924535
0.499245
0.49924505
0.4992451
0.49924535
0.49924487
0.49924523
0.49924457
0.49924517
0.49924523
0.49924523
0.4992448
0.49924523
0.49924517
0.49924487
0.499245
0.49924523
0.4992448
0.49924505
0.4992451
0.4992448
0.4992453
0.49924523
0.49924487
0.49924475
0.4992448
0.49924475
0.49924546
0.4992451
0.49924523
0.49924493
0.499245
0.499245
0.499245
0.49924588
0.4992451
0.4992451
0.499245
0.4992451
0.4992445
0.4992448
0.4992454
0.49924463
0.49924487
0.499245
0.4992453
0.49924487
0.4992451
0.499245
0.49924505
0.499245
0.499245
0.4992447
0.49924475
0.4992445
0.499245
0.49924487
0.49924517
0.4992451
0.499245
0.499245
0.49924493
0.4992448
0.49924487
0.49924523
0.4992451
0.49924487
0.49924487
0.49924487
0.499245
0.499245
0.49924535
0.49924487
0.4992447
0.49924523
0.49924523
0.49924505
0.4992447
0.49924564
0.49924517
0.4992448
0.4992451
0.4992451
0.4992451
0.499245
0.49924535
0.49924523
0.499245
0.49924487
0.4992451
0.49924487
0.49924487
0.49924475
0.49924493
0.499245
0.49924487
0.49924475
0.49924487
0.49924517
0.4992453
0.4992451
0.49924463
0.49924487
0.4992451
0.49924493
0.4992451
0.4992448
0.49924475
0.49924523
0.4992448
0.49924535
0.49924463
0.499245
0.49924535
0.49924487
0.49924505
0.49924493
0.49924523
0.49924517
0.4992448
0.499245
0.4992451
0.49924475
0.4992451
0.499245
0.4992451
0.4992448
0.4992451
0.4992451
0.49924487
0.499245
0.49924475
0.49924517
0.4992453
0.4992445
0.4992451
0.49924493
0.49924517
0.49924487
0.49924487
0.49924523
0.49924523
0.49924546
0.49924505
0.49924523
0.4992451
0.4992447
0.49924505
0.4992441
0.49924463
0.499245
0.49924535
0.4992451
0.49924505
0.49924523
0.49924505
0.49924493
0.49924475
0.49924475
0.49924523
0.4992445
0.49924523
0.4992451
0.49924493
0.49924505
0.49924487
0.499245
0.4992451
0.4992454
0.49924594
0.4992453
0.49924493
0.4992451
0.499245
0.49924535
0.49924535
0.49924523
0.49924487
0.4992451
0.499245
0.49924487
0.49924505
0.49924535
0.49924487
0.49924427
0.49924487
0.499245
0.4992447
0.49924487
0.4992447
0.49924487
0.4992451
0.4992454
0.49924517
0.4992451
0.49924505
0.4992448
0.499245
0.49924487
0.4992451
0.49924546
0.49924523
0.4992451
0.49924517
0.4992451
0.4992453
0.499245
0.49924487
0.499246
0.49924493
0.49924523
0.49924546
0.49924505
0.4992451
0.4992451
0.499245
0.499245
0.499245
0.49924475
0.49924445
0.49924535
0.49924552
0.49924523
0.49924505
0.49924558
0.499245
0.49924487
0.4992451
0.499245
0.49924493
0.49924517
0.49924505
0.499245
0.49924463
0.4992451
0.49924523
0.4992451
0.49924487
0.49924487
0.4992451
0.4992451
0.4992453
0.49924523
0.4992451
0.49924558
0.4992448
0.4992451
0.49924523
0.49924487
0.49924517
0.4992445
0.49924523
0.4992451
0.4992451
0.49924523
0.49924535
0.499245
0.49924463
0.4992451
0.49924487
0.49924487
0.4992451
0.499245
0.49924523
0.4992451
0.49924523
0.4992448
0.49924535
0.49924535
0.4992447
0.49924523
0.49924523
0.49924463
0.49924523
0.4992451
0.49924487
0.499245
0.49924505
0.49924403
0.4992451
0.49924487
0.49924487
0.49924505
0.49924493
0.499245
0.49924523
0.49924523
0.499245
0.4992451
0.49924493
0.499245
0.4992445
0.4992451
0.49924505
0.49924487
0.499245
0.49924493
0.499245
0.499245
0.4992445
0.4992445
0.4992451
0.49924487
0.49924487
0.4992448
0.4992425
0.4992451
0.49924475
0.4992451
0.49924517
0.49924505
0.49924487
0.49924517
0.49924463
0.49924523
0.49924493
0.49924517
0.49924475
0.49924582
0.4992451
0.49924487
0.4992451
0.4992451
0.4992445
0.49924523
0.49924463
0.49924517
0.49924487
0.4992451
0.49924523
0.49924535
0.49924487
0.49924487
0.49924493
0.49924332
0.49924487
0.49924523
0.49924493
0.49924523
0.499245
0.499245
0.4992438
0.49924535
0.499245
0.49924505
0.4992445
0.49924523
0.49924523
0.49924535
0.4992453
0.4992451
0.499245
0.49924523
0.49924523
0.4992453
0.49924523
0.49924535
0.49924463
0.49924493
0.49924523
0.49924523
0.499245
0.499245
0.49924523
0.4992451
0.49924523
0.49924558
0.4992451
0.49924546
0.49924493
0.499245
0.4992448
0.49924535
0.49924505
0.49924523
0.4992451
0.49924523
0.49924487
0.49924523
0.4992445
0.49924535
0.49924505
0.49924475
0.4992447
0.4992451
0.49924517
0.49924463
0.49924487
0.4992451
0.4992448
0.4992451
0.4992447
0.499245
0.49924487
0.49924463
0.49924523
0.4992444
0.49924487
0.49924523
0.49924475
0.4992445
0.49924523
0.49924523
0.4992457
0.499245
0.4992448
0.4992448
0.4992451
0.49924493
0.49924487
0.49924523
0.49924487
0.49924523
0.49924505
0.4992451
0.4992451
0.49924535
0.49924535
0.49924624
0.4992448
0.49924487
0.4992463
0.49924487
0.4992451
0.49924523
0.49924523
0.49924517
0.4992445
0.4992451
0.4992448
0.49924487
0.49924523
0.4992454
0.49924594
0.49924523
0.499245
0.49924546
0.49924475
0.4992451
0.499245
0.49924517
0.49924523
0.49924475
0.49924487
0.49924475
0.49924415
0.4992451
0.49924517
0.49924427
0.49924493
0.49924433
0.4992454
0.49924517
0.4992448
0.49924517
0.49924463
0.4992451
0.49924546
0.49924505
0.49924475
0.4992444
0.49924487
0.49924523
0.4992445
0.4992447
0.49924487
0.4992451
0.4992451
0.49924487
0.49924487
0.4992448
0.4992451
0.49924546
0.49924523
0.49924493
0.4992451
0.49924487
0.4992451
0.499245
0.4992448
0.4992451
0.49924505
0.49924517
0.49924523
0.49924523
0.49924505
0.49924487
0.499245
0.49924505
0.4992451
0.4992444
0.4992451
0.49924523
0.49924523
0.49924642
0.49924487
0.49924517
0.49924517
0.49924487
0.49924487
0.49924535
0.49924523
0.4992451
0.49924493
0.49924523
0.49924493
0.4992448
0.49924475
0.49924505
0.49924517
0.4992448
0.499245
0.49924493
0.49924535
0.49924535
0.4992451
0.49924535
0.499245
0.49924487
0.49924582
0.4992453
0.4992451
0.49924493
0.49924487
0.49924505
0.49924523
0.4992451
0.499245
0.49924487
0.49924475
0.49924487
0.49924487
0.49924523
0.49924487
0.4992451
0.4992451
0.4992445
0.49924582
0.499245
0.49924505
0.4992451
0.49924487
0.49924475
0.49924493
0.49924505
0.49924523
0.4992445
0.49924475
0.49924457
0.49924535
0.49924463
0.49924487
0.49924523
0.4992451
0.49924493
0.49924475
0.49924427
0.49924517
0.49924523
0.49924535
0.49924487
0.499245
0.49924487
0.499245
0.4992451
0.49924475
0.49924523
0.49924546
0.4992451
0.4992451
0.499245
0.49924523
0.4992448
0.49924517
0.49924475
0.499245
0.4992451
0.49924487
0.499245
0.49924487
0.4992451
0.49924475
0.49924457
0.499245
0.49924546
0.49924475
0.499245
0.49924535
0.49924487
0.49924487
0.499245
0.4992451
0.4992451
0.4992451
0.499245
0.49924535
0.4992451
0.4992451
0.49924475
0.4992451
0.4992445
0.49924487
0.49924475
0.49924475
0.4992444
0.49924487
0.499245
0.4992451
0.49924475
0.49924493
0.499245
0.49924487
0.4992451
0.4992445
0.49924475
0.49924487
0.49924517
0.49924523
0.4992445
0.4992451
0.499245
0.499245
0.49924523
0.4992451
0.49924487
0.49924523
0.49924475
0.49924463
0.4992451
0.499245
0.49924517
0.49924505
0.49924523
0.4992447
0.49924475
0.49924475
0.49924463
0.499245
0.49924505
0.4992451
0.49924535
0.499245
0.499245
0.4992451
0.4992453
0.49924535
0.49924487
0.49924463
0.49924487
0.49924493
0.49924475
0.49924517
0.49924517
0.49924505
0.4992448
0.4992451
0.4992451
0.499245
0.49924487
0.49924523
0.499245
0.49924523
0.4992448
0.49924517
0.4992451
0.49924475
0.49924523
0.49924523
0.4992451
0.49924523
0.49924517
0.4992453
0.49924487
0.49924517
0.49924517
0.499245
0.49924475
0.4992451
0.4992453
0.4992451
0.4992448
0.49924487
0.49924523
0.49924523
0.49924475
0.4992451
0.49924487
0.49924493
0.49924535
0.4992447
0.49924493
0.49924517
0.499245
0.4992448
0.49924535
0.49924523
0.499245
0.4992451
0.499245
0.49924493
0.499245
0.49924475
0.49924535
0.49924546
0.49924517
0.4992451
0.49924475
0.49924475
0.4992445
0.49924356
0.49924487
0.499245
0.49924493
0.49924463
0.499245
0.4992451
0.49924487
0.49924535
0.49924487
0.499245
0.49924517
0.49924475
0.49924493
0.4992451
0.49924487
0.4992463
0.49924487
0.4992454
0.49924487
0.499245
0.49924523
0.49924475
0.49924463
0.499245
0.499245
0.499245
0.49924546
0.49924487
0.49924505
0.49924523
0.49924517
0.4992448
0.4992445
0.4992451
0.4992451
0.49924558
0.4992451
0.49924523
0.49924523
0.4992451
0.49924523
0.49924523
0.4992451
0.49924535
0.49924523
0.4992447
0.49924523
0.4992451
0.49924493
0.49924463
0.49924523
0.49924487
0.49924523
0.49924535
0.4992448
0.49924546
0.499247
0.4992447
0.49924505
0.49924523
0.4992447
0.49924523
0.4992451
0.4992451
0.49924475
0.499245
0.49924487
0.499245
0.49924523
0.4992451
0.499245
0.49924517
0.49924523
0.4992451
0.4992451
0.499245
0.499245
0.49924487
0.49924487
0.49924523
0.49924505
0.49924487
0.499245
0.49924535
0.499245
0.4992453
0.49924505
0.49924517
0.4992453
0.49924523
0.49924475
0.49924523
0.4992451
0.4992444
0.4992447
0.49924475
0.499245
0.49924505
0.49924546
0.49924487
0.4992451
0.499245
0.499245
0.49924487
0.49924487
0.49924523
0.49924475
0.4992453
0.49924636
0.49924523
0.49924493
0.49924523
0.4992451
0.49924487
0.4992451
0.499245
0.49924487
0.49924475
0.49924523
0.49924666
0.499245
0.49924475
0.499245
0.49924505
0.49924523
0.49924487
0.49924487
0.49924487
0.4992451
0.49924493
0.499245
0.49924493
0.499245
0.4992451
0.49924517
0.4992445
0.49924475
0.49924505
0.49924487
0.4992451
0.4992451
0.4992451
0.49924493
0.4992463
0.4992451
0.4992451
0.499245
0.49924505
0.49924493
0.49924475
0.49924463
0.4992448
0.49924493
0.4992442
0.49924517
0.49924535
0.49924493
0.49924487
0.499245
0.4992447
0.499245
0.49924505
0.49924523
0.499245
0.499245
0.49924535
0.499245
0.49924487
0.4992451
0.4992448
0.49924523
0.49924487
0.4992451
0.49924517
0.49924523
0.49924487
0.49924493
0.4992448
0.49924505
0.49924493
0.49924523
0.499245
0.49924523
0.49924523
0.49924493
0.49924535
0.4992444
0.4992447
0.49924517
0.49924523
0.49924493
0.4992445
0.49924535
0.49924535
0.49924517
0.49924475
0.499245
0.49924546
0.49924427
0.49924558
0.49924493
0.4992451
0.4992448
0.49924493
0.49924535
0.49924523
0.49924523
0.49924487
0.4992447
0.4992451
0.49924493
0.49924535
0.49924523
0.49924457
0.499245
0.49924415
0.49924558
0.49924523
0.499245
0.49924523
0.49924487
0.49924523
0.49924517
0.49924475
0.4992448
0.4992451
0.499245
0.4992451
0.49924463
0.499245
0.4992454
0.49924493
0.4992451
0.49924523
0.4992451
0.49924475
0.499245
0.49924523
0.49924493
0.49924523
0.49924523
0.4992451
0.4992451
0.49924523
0.499245
0.49924487
0.49924505
0.4992448
0.49924487
0.49924487
0.4992451
0.49924523
0.499245
0.4992448
0.49924475
0.4992451
0.49924517
0.49924535
0.49924523
0.499245
0.49924493
0.49924463
0.4992451
0.49924463
0.49924523
0.49924523
0.4992448
0.49924487
0.49924535
0.49924505
0.49924517
0.499245
0.499245
0.49924505
0.49924463
0.49924487
0.4992451
0.4992451
0.49924487
0.4992453
0.499245
0.49924523
0.4992451
0.49924487
0.499245
0.499245
0.4992445
0.49924517
0.49924624
0.49924535
0.49924546
0.4992451
0.49924535
0.49924535
0.49924523
0.499245
0.49924487
0.49924493
0.49924505
0.49924475
0.4992445
0.4992451
0.49924505
0.49924475
0.49924535
0.4992451
0.49924374
0.499245
0.499245
0.49924475
0.49924463
0.4992453
0.49924487
0.49924475
0.4992448
0.49924493
0.49924523
0.4992454
0.4992451
0.49924517
0.49924493
0.49924487
0.49924523
0.49924523
0.49924487
0.4992448
0.499245
0.499245
0.49924523
0.49924505
0.49924517
0.4992457
0.49924523
0.49924523
0.4992451
0.49924505
0.49924833
0.499245
0.4992451
0.49924493
0.4992445
0.49924535
0.49924535
0.49924457
0.49924463
0.49924523
0.49924535
0.49924517
0.49924517
0.499245
0.49924517
0.49924487
0.4992451
0.49924505
0.4992447
0.49924523
0.499245
0.49924523
0.49924517
0.4992451
0.4992451
0.4992445
0.49924523
0.4992454
0.4992451
0.49924523
0.4992448
0.4992451
0.4992451
0.49924487
0.49924487
0.49924535
0.49924523
0.4992453
0.49924505
0.4992448
0.49924475
0.49924487
0.49924487
0.49924535
0.49924505
0.49924523
0.49924493
0.499245
0.49924505
0.499245
0.4992445
0.4992447
0.49924505
0.49924546
0.4992451
0.49924487
0.49924523
0.49924523
0.499245
0.499245
0.49924415
0.4992451
0.49924445
0.49924523
0.4992451
0.49924493
0.49924475
0.4992451
0.4992451
0.49924517
0.49924487
0.49924523
0.49924523
0.49924475
0.49924517
0.49924475
0.49924487
0.4992451
0.499245
0.4992448
0.4992445
0.49924463
0.49924493
0.49924517
0.4992451
0.4992448
0.4992448
0.499245
0.49924487
0.49924523
0.49924493
0.499245
0.4992453
0.499245
0.49924535
0.49924463
0.4992453
0.49924505
0.4992451
0.49924487
0.49924505
0.49924523
0.4992451
0.49924475
0.49924487
0.4992451
0.49924523
0.499245
0.49924517
0.49924487
0.4992448
0.4992451
0.4992451
0.49924487
0.49924487
0.49924523
0.49924517
0.499245
0.49924493
0.499245
0.49924523
0.49924463
0.49924487
0.49924475
0.4992451
0.49924475
0.49924475
0.49924475
0.4992451
0.49924487
0.49924487
0.49924517
0.49924475
0.4992451
0.49924487
0.49924505
0.49924505
0.49924463
0.49924523
0.49924505
0.4992448
0.4992448
0.49924535
0.49924487
0.4992447
0.4992451
0.49924523
0.49924487
0.499245
0.49924523
0.49924493
0.49924475
0.499245
0.499245
0.4992451
0.49924487
0.4992451
0.4992451
0.49924523
0.4992451
0.49924487
0.49924487
0.49924475
0.49924523
0.49924535
0.49924505
0.4992453
0.49924487
0.499245
0.49924523
0.4992451
0.49924475
0.49924523
0.49924487
0.4992451
0.49924487
0.49924523
0.4992451
0.49924463
0.49924517
0.49924487
0.49924505
0.4992451
0.49924487
0.4992445
0.49924475
0.49924487
0.49924487
0.49924505
0.49924487
0.4992451
0.49924487
0.49924493
0.49924457
0.49924493
0.49924487
0.4992451
0.49924523
0.49924523
0.49924523
0.49924463
0.49924487
0.4992451
0.499245
0.49924523
0.49924487
0.49924475
0.4992448
0.49924523
0.49924263
0.499245
0.4992444
0.49924487
0.49924493
0.499245
0.4992453
0.49924505
0.49924463
0.4992451
0.499245
0.49924475
0.49924487
0.4992451
0.49924523
0.4992451
0.499245
0.49924535
0.49924523
0.49924487
0.49924368
0.49924523
0.4992451
0.4992454
0.49924517
0.49924463
0.49924475
0.49924517
0.4992447
0.49924517
0.49924463
0.49924463
0.4992451
0.49924487
0.4992451
0.499245
0.49924487
0.4992451
0.4992451
0.49924487
0.49924558
0.49924558
0.49924487
0.49924535
0.49924523
0.4992451
0.499245
0.49924517
0.49924487
0.49924523
0.4992451
0.49924487
0.49924535
0.499245
0.49924487
0.49924487
0.49924487
0.49924493
0.499245
0.4992448
0.49924487
0.4992451
0.49924517
0.499245
0.49924505
0.4992451
0.49924487
0.49924535
0.49924523
0.49924523
0.49924487
0.49924523
0.49924535
0.49924546
0.49924558
0.4992448
0.49924487
0.49924505
0.49924535
0.499245
0.49924487
0.49924505
0.4992451
0.49924523
0.49924523
0.499245
0.4992448
0.4992451
0.49924493
0.49924487
0.499245
0.4992451
0.49924463
0.49924517
0.49924535
0.49924475
0.49924517
0.4992447
0.4992453
0.49924546
0.49924487
0.49924463
0.49924487
0.499245
0.49924523
0.49924493
0.49924487
0.499245
0.4992448
0.499245
0.49924493
0.49924517
0.499245
0.499245
0.4992448
0.4992451
0.4992453
0.4992451
0.49924487
0.49924415
0.49924487
0.49924517
0.49924505
0.4992448
0.4992451
0.49924523
0.49924445
0.49924505
0.49924493
0.49924463
0.49924517
0.499245
0.4992453
0.499245
0.49924475
0.49924487
0.49924493
0.49924517
0.4992451
0.49924493
0.49924374
0.49924505
0.49924487
0.4992445
0.49924463
0.49924487
0.499245
0.49924576
0.49924487
0.49924493
0.499245
0.49924517
0.4992451
0.4992451
0.49924558
0.4992448
0.499245
0.49924546
0.49924523
0.49924523
0.4992444
0.49924523
0.49924475
0.49924523
0.49924487
0.49924475
0.4992451
0.49924517
0.4992447
0.49924487
0.49924487
0.4992451
0.4992451
0.49924457
0.49924523
0.49924523
0.4992451
0.4992451
0.4992451
0.4992444
0.49924517
0.4992451
0.4992451
0.499245
0.49924475
0.499245
0.49924475
0.49924505
0.4992453
0.49924523
0.49924487
0.4992451
0.4992451
0.4992451
0.4992445
0.49924368
0.49924523
0.49924487
0.499245
0.49924517
0.49924487
0.49924475
0.49924475
0.49924487
0.4992453
0.49924505
0.499245
0.49924475
0.499245
0.49924523
0.4992451
0.49924505
0.49924546
0.49924558
0.49924546
0.49924535
0.49924463
0.49924523
0.49924505
0.4992451
0.4992447
0.49924517
0.49924523
0.49924523
0.49924523
0.49924546
0.4992451
0.49924523
0.4992451
0.49924415
0.49924535
0.49924535
0.4992451
0.49924523
0.49924487
0.49924493
0.4992451
0.49924517
0.49924517
0.49924487
0.4992451
0.499245
0.49924546
0.49924463
0.49924523
0.499245
0.49924523
0.499245
0.49924523
0.49924505
0.4992454
0.49924558
0.49924505
0.49924493
0.49924517
0.49924493
0.49924487
0.49924552
0.4992412
0.49924475
0.49924487
0.49924493
0.499245
0.4992451
0.4992451
0.49924505
0.4992451
0.4992447
0.4992451
0.49924475
0.49924606
0.49924493
0.4992448
0.4992451
0.499245
0.49924505
0.49924463
0.49924493
0.49924517
0.49924505
0.49924535
0.49924493
0.499245
0.4992451
0.49924463
0.49924505
0.49924475
0.499245
0.49924487
0.49924523
0.4992451
0.49924487
0.4992445
0.49924558
0.49924523
0.49924487
0.49924493
0.49924445
0.4992448
0.49924475
0.499245
0.49924493
0.499245
0.49924523
0.49924487
0.49924523
0.49924523
0.49924523
0.49924487
0.49924558
0.49924523
0.49924535
0.49924463
0.4992451
0.4992451
0.4992451
0.4992451
0.499245
0.49924505
0.4992451
0.4992447
0.49924523
0.4992447
0.49924505
0.4992451
0.499245
0.49924505
0.49924445
0.4992448
0.4992453
0.4992451
0.49924487
0.49924487
0.49924535
0.4992451
0.49924487
0.49924517
0.49924475
0.49924505
0.4992451
0.49924535
0.499245
0.499245
0.49924523
0.49924475
0.49924535
0.49924535
0.499245
0.49924427
0.49924487
0.49924493
0.4992448
0.49924493
0.4992453
0.4992451
0.49924517
0.49924487
0.49924505
0.4992442
0.4992451
0.49924487
0.499245
0.499245
0.49924517
0.4992445
0.49924487
0.49924475
0.49924535
0.49924475
0.499245
0.4992445
0.4992447
0.49924517
0.49924487
0.499245
0.49924535
0.499245
0.49924523
0.499245
0.49924487
0.499245
0.4992451
0.49924505
0.49924535
0.49924475
0.49924487
0.4992453
0.49924433
0.49924505
0.4992453
0.49924487
0.49924475
0.49924493
0.4992448
0.4992451
0.4992451
0.4992448
0.49924475
0.499245
0.49924523
0.49924517
0.499245
0.49924475
0.499245
0.4992451
0.49924523
0.49924487
0.49924463
0.49924487
0.49924535
0.499245
0.499245
0.49924475
0.49924535
0.4992445
0.49924505
0.499245
0.49924523
0.4992451
0.49924487
0.49924475
0.4992451
0.49924475
0.4992451
0.4992445
0.4992451
0.49924523
0.4992447
0.49924487
0.49924487
0.49924523
0.49924505
0.49924463
0.4992451
0.49924487
0.49924523
0.49924523
0.49924505
0.49924487
0.49924475
0.499245
0.4992451
0.4992453
0.4992451
0.49924457
0.49924487
0.499245
0.49924487
0.49924445
0.49924505
0.4992451
0.499245
0.499245
0.49924505
0.499245
0.49924475
0.49924475
0.499245
0.49924517
0.4992451
0.49924475
0.4992445
0.4992451
0.49924463
0.49924535
0.49924487
0.49924523
0.49924546
0.49924386
0.49924523
0.49924523
0.4992451
0.49924487
0.499245
0.49924523
0.4992451
0.4992451
0.49924535
0.49924493
0.49924505
0.49924487
0.49924493
0.49924475
0.49924523
0.49924463
0.499245
0.49924487
0.49924523
0.49924487
0.49924594
0.49924517
0.4992444
0.49924546
0.4992457
0.4992457
0.49924487
0.49924487
0.49924523
0.49924517
0.49924493
0.4992451
0.499245
0.49924475
0.499245
0.499245
0.499245
0.499245
0.4992451
0.49924475
0.4992445
0.49924523
0.499245
0.49924487
0.4992451
0.49924523
0.49924493
0.4992451
0.49924487
0.499245
0.49924523
0.49924523
0.49924523
0.49924463
0.49924475
0.4992451
0.49924523
0.499245
0.4992448
0.49924517
0.49924475
0.49924523
0.49924558
0.49924475
0.4992444
0.49924475
0.49924517
0.4992451
0.4992451
0.49924558
0.49924523
0.4992445
0.499245
0.49924546
0.49924487
0.49924523
0.4992451
0.49924523
0.4992451
0.499245
0.49924493
0.49924457
0.4992445
0.49924523
0.49924576
0.499245
0.49924487
0.499245
0.49924487
0.49924523
0.4992447
0.4992451
0.49924487
0.49924523
0.49924487
0.4992451
0.49924523
0.499245
0.4992451
0.4992448
0.499245
0.49924487
0.49924535
0.4992451
0.49924505
0.499245
0.49924332
0.49924517
0.4992451
0.49924535
0.49924535
0.49924517
0.49924535
0.4992453
0.49924487
0.49924517
0.49924487
0.4992448
0.4992451
0.49924475
0.49924523
0.49924475
0.49924505
0.49924546
0.499245
0.4992448
0.49924535
0.4992447
0.4992451
0.4992451
0.49924517
0.4992457
0.499245
0.49924487
0.499245
0.49924475
0.4992451
0.49924535
0.49924523
0.499245
0.49924457
0.499245
0.4992451
0.499245
0.49924505
0.49924523
0.49924487
0.4992451
0.4992451
0.49924517
0.49924493
0.49924517
0.49924475
0.49924523
0.49924523
0.49924523
0.49924392
0.49924493
0.49924523
0.49924535
0.49924493
0.49924517
0.49924517
0.4992453
0.49924332
0.49924535
0.4992451
0.49924505
0.49924523
0.49924523
0.49924517
0.49924523
0.4992451
0.4992447
0.499245
0.49924487
0.49924475
0.49924523
0.499245
0.4992451
0.4992448
0.4992451
0.4992448
0.49924475
0.49924535
0.49924463
0.4992448
0.49924493
0.499245
0.49924517
0.49924517
0.49924546
0.4992451
0.49924517
0.49924487
0.4992445
0.4992451
0.499245
0.49924523
0.49924487
0.49924475
0.49924517
0.49924535
0.499245
0.49924523
0.49924493
0.49924523
0.499245
0.4992451
0.49924505
0.49924517
0.49924463
0.49924397
0.49924505
0.499245
0.499245
0.49924493
0.4992447
0.49924517
0.49924493
0.49924475
0.49924505
0.499245
0.49924523
0.49924487
0.49924523
0.49924475
0.49924505
0.4992451
0.4992447
0.49924487
0.49924517
0.49924487
0.499245
0.49924475
0.49924487
0.4992451
0.499245
0.49924487
0.4992451
0.49924535
0.4992453
0.49924463
0.4992448
0.49924487
0.49924517
0.49924475
0.49924505
0.49924505
0.4992451
0.4992453
0.4992451
0.499245
0.4992451
0.49924487
0.49924517
0.4992447
0.49924487
0.499245
0.4992448
0.49924493
0.4992451
0.49924523
0.49924558
0.4992451
0.4992451
0.49924487
0.4992448
0.49924523
0.49924517
0.49924523
0.49924493
0.49924487
0.499245
0.49924523
0.499245
0.49924535
0.49924505
0.49924517
0.4992448
0.4992451
0.49924558
0.49924463
0.4992447
0.4992451
0.49924475
0.49924535
0.499245
0.49924463
0.499245
0.49924493
0.49924487
0.499245
0.49924403
0.49924505
0.49924523
0.49924487
0.49924487
0.4992451
0.4992451
0.49924475
0.49924535
0.4992451
0.49924487
0.49924475
0.499245
0.4992448
0.4992451
0.49924523
0.4992454
0.49924535
0.499245
0.49924546
0.49924505
0.49924475
0.49924523
0.49924546
0.49924487
0.49924487
0.49924415
0.49924463
0.4992451
0.4992451
0.49924487
0.49924487
0.4992447
0.4992444
0.4992447
0.49924475
0.4992451
0.49924523
0.49924517
0.49924523
0.49924487
0.49924487
0.4992451
0.49924505
0.49924475
0.49924523
0.49924582
0.49924463
0.499245
0.49924535
0.49924487
0.499245
0.49924505
0.4992451
0.49924487
0.4992453
0.49924487
0.49924505
0.49924475
0.49924517
0.49924344
0.4992451
0.49924475
0.49924546
0.49924535
0.49924517
0.49924493
0.4992447
0.4992451
0.49924487
0.499245
0.49924487
0.499245
0.49924487
0.499245
0.499245
0.499245
0.49924517
0.4992454
0.4992448
0.499245
0.4992448
0.4992448
0.4992448
0.49924493
0.49924493
0.49924487
0.499245
0.49924517
0.49924523
0.4992451
0.499245
0.4992445
0.49924523
0.49924517
0.49924487
0.499245
0.49924523
0.499245
0.49924463
0.49924475
0.49924487
0.4992451
0.49924475
0.49924487
0.49924493
0.4992447
0.49924463
0.49924457
0.49924457
0.49924505
0.49924535
0.49924368
0.4992451
0.499245
0.4992451
0.499245
0.49924517
0.49924487
0.499245
0.49924445
0.499245
0.49924463
0.49924487
0.49924523
0.49924523
0.499245
0.49924475
0.49924523
0.49924654
0.49924535
0.49924487
0.4992448
0.49924505
0.499245
0.4992451
0.49924487
0.49924493
0.499245
0.499245
0.4992451
0.4992451
0.4992451
0.4992451
0.4992444
0.49924487
0.49924523
0.499245
0.4992447
0.4992451
0.49924523
0.49924487
0.49924487
0.49924523
0.4992451
0.499245
0.49924505
0.49924535
0.49924475
0.49924523
0.49924487
0.4992451
0.499245
0.49924463
0.49924487
0.49924475
0.4992451
0.4992447
0.499245
0.49924505
0.4992451
0.49924433
0.499245
0.49924523
0.49924487
0.49924505
0.49924505
0.49924493
0.4992451
0.4992453
0.4992451
0.4992451
0.4992451
0.49924523
0.499245
0.4992451
0.49924523
0.49924487
0.49924487
0.49924523
0.49924403
0.49924368
0.4992451
0.49924523
0.49924523
0.49924475
0.49924505
0.4992447
0.49924517
0.4992448
0.49924493
0.4992451
0.49924523
0.4992451
0.49924523
0.499245
0.499245
0.49924523
0.49924523
0.49924445
0.49924403
0.49924487
0.4992451
0.4992451
0.49924523
0.49924475
0.4992447
0.4992451
0.4992451
0.49924487
0.4992451
0.4992451
0.49924523
0.499245
0.49924505
0.49924505
0.49924523
0.49924487
0.499245
0.49924517
0.49924463
0.49924493
0.4992445
0.49924493
0.49924487
0.49924487
0.4992451
0.49924493
0.49924487
0.4992448
0.49924475
0.49924523
0.49924505
0.4992451
0.499245
0.49924463
0.49924487
0.49924463
0.49924475
0.49924487
0.49924517
0.49924487
0.499245
0.49924546
0.49924493
0.499245
0.4992451
0.4992445
0.499245
0.49924493
0.499245
0.4992453
0.49924487
0.499245
0.49924475
0.49924517
0.4992451
0.49924523
0.49924582
0.49924505
0.49924535
0.49924487
0.4992451
0.499245
0.4992448
0.49924475
0.49924713
0.49924523
0.49924493
0.4992451
0.49924487
0.49924517
0.4992451
0.499245
0.49924487
0.499245
0.49924505
0.49924487
0.49924517
0.4992453
0.49924505
0.49924505
0.4992451
0.49924535
0.4992451
0.49924475
0.49924517
0.49924475
0.4992451
0.49924505
0.49924487
0.49924523
0.4992453
0.4992451
0.49924517
0.499245
0.49924475
0.499245
0.499245
0.49924487
0.499245
0.49924523
0.49924487
0.4992453
0.49924517
0.49924475
0.4992451
0.49924475
0.4992451
0.4992447
0.499245
0.49924457
0.499245
0.4992463
0.49924535
0.4992451
0.499245
0.49924475
0.49924487
0.4992448
0.49924654
0.4992448
0.499245
0.4992457
0.49924487
0.49924552
0.49924517
0.499245
0.49924517
0.499245
0.49924505
0.49924487
0.49924475
0.49924487
0.49924523
0.49924475
0.4992453
0.49924523
0.49924475
0.4992451
0.49924505
0.499245
0.49924457
0.49924505
0.49924475
0.49924463
0.49924475
0.499245
0.499245
0.4992445
0.49924523
0.49924487
0.49924523
0.49924487
0.49924493
0.4992451
0.49924463
0.4992451
0.4992451
0.49924487
0.4992453
0.49924517
0.49924487
0.4992453
0.499245
0.49924517
0.499245
0.499245
0.49924487
0.49924523
0.49924475
0.4992447
0.4992451
0.4992451
0.49924487
0.4992445
0.49924523
0.4992451
0.4992451
0.4992451
0.49924523
0.499245
0.49924487
0.499245
0.49924546
0.4992451
0.49924463
0.49924523
0.499245
0.4992451
0.49924487
0.49924523
0.4992453
0.49924487
0.49924493
0.49924463
0.49924487
0.4992447
0.4992451
0.49924493
0.4992451
0.49924517
0.49924523
0.49924487
0.49924523
0.4992451
0.49924487
0.49924475
0.4992451
0.49924475
0.49924535
0.49924487
0.49924517
0.4992451
0.49924463
0.49924427
0.4992444
0.49924523
0.4992451
0.49924523
0.49924523
0.49924493
0.49924517
0.4992451
0.49924457
0.49924523
0.49924487
0.4992451
0.499245
0.49924487
0.499245
0.49924535
0.499245
0.49924517
0.49924463
0.4992451
0.49924523
0.49924487
0.4992448
0.499245
0.4992451
0.49924523
0.49924505
0.49924505
0.49924487
0.4992453
0.4992453
0.49924523
0.49924523
0.49924517
0.499245
0.4992451
0.4992451
0.499245
0.49924558
0.49924523
0.49924487
0.49924475
0.49924415
0.4992445
0.4992451
0.4992453
0.49924475
0.49924487
0.49924535
0.49924523
0.499245
0.49924493
0.49924493
0.49924487
0.49924535
0.49924523
0.4992451
0.4992451
0.4992451
0.4992454
0.4992451
0.49924523
0.49924493
0.499245
0.4992451
0.49924493
0.49924654
0.49924535
0.49924463
0.49924475
0.4992451
0.499245
0.49924487
0.49924523
0.49924505
0.4992451
0.4992453
0.49924558
0.4992451
0.49924457
0.49924487
0.49924505
0.49924463
0.499245
0.49924523
0.4992448
0.4992451
0.4992451
0.49924493
0.4992448
0.49924493
0.499245
0.4992451
0.49924463
0.49924463
0.4992451
0.4992451
0.49924517
0.4992451
0.49924487
0.4992454
0.49924487
0.49924487
0.49924487
0.49924487
0.49924505
0.499245
0.49924445
0.49924535
0.49924523
0.4992451
0.49924475
0.4992447
0.49924523
0.49924523
0.49924487
0.49924475
0.49924523
0.49924475
0.49924463
0.4992444
0.49924427
0.499245
0.49924493
0.49924463
0.49924523
0.49924487
0.49924535
0.49924475
0.49924463
0.49924463
0.4992451
0.4992451
0.49924523
0.4992447
0.49924487
0.49924493
0.499245
0.49924493
0.4992451
0.4992444
0.49924475
0.49924487
0.499245
0.49924487
0.49924546
0.49924523
0.49924493
0.499245
0.49924487
0.4992451
0.499245
0.499245
0.499245
0.499245
0.499245
0.4992451
0.49924505
0.49924463
0.49924493
0.49924475
0.4992444
0.499245
0.4992451
0.49924487
0.49924535
0.49924487
0.49924487
0.4992451
0.49924475
0.4992444
0.499245
0.49924523
0.49924475
0.49924487
0.4992445
0.49924523
0.49924475
0.49924535
0.499245
0.49924535
0.49924546
0.49924487
0.49924523
0.49924517
0.49924523
0.499245
0.49924463
0.499245
0.49924505
0.499245
0.49924517
0.499245
0.49924535
0.4992451
0.49924475
0.4992447
0.49924535
0.4992454
0.49924475
0.49924445
0.499245
0.49924523
0.49924475
0.49924493
0.49924487
0.49924546
0.49924487
0.49924535
0.49924523
0.49924523
0.4992451
0.4992453
0.4992451
0.49924487
0.49924463
0.4992448
0.49924523
0.4992451
0.49924493
0.4992451
0.49924475
0.4992454
0.49924505
0.49924576
0.4992451
0.49924523
0.49924493
0.4992447
0.49924535
0.4992447
0.499245
0.49924523
0.49924535
0.4992451
0.49924475
0.49924523
0.49924475
0.49924463
0.4992447
0.4992451
0.499245
0.49924523
0.49924517
0.49924487
0.4992451
0.49924487
0.49924546
0.49924517
0.49924517
0.49924535
0.4992451
0.4992453
0.4992448
0.49924463
0.499245
0.499245
0.49924546
0.499245
0.4992451
0.49924535
0.4992451
0.49924487
0.49924517
0.4992451
0.49924475
0.49924523
0.49924523
0.49924487
0.499245
0.49924558
0.499245
0.4992453
0.49924523
0.4992448
0.4992453
0.499245
0.49924523
0.49924487
0.4992453
0.49924505
0.49924594
0.49924487
0.499245
0.49924505
0.49924517
0.49924523
0.49924523
0.49924517
0.49924487
0.4992451
0.499245
0.49924487
0.49924475
0.49924523
0.49924475
0.4992448
0.4992451
0.4992453
0.49924487
0.49924493
0.49924564
0.49924505
0.4992451
0.49924523
0.49924445
0.4992451
0.49924487
0.49924523
0.4992454
0.49924463
0.49924535
0.49924505
0.49924487
0.49924493
0.49924487
0.49924535
0.49924493
0.499245
0.49924487
0.4992453
0.4992412
0.4992451
0.49924523
0.49924523
0.49924558
0.499245
0.49924487
0.49924517
0.499245
0.499245
0.499245
0.49924475
0.49924523
0.49924505
0.49924487
0.4992451
0.4992451
0.499245
0.49924517
0.49924493
0.4992451
0.49924523
0.4992451
0.4992448
0.4992451
0.49924487
0.49924487
0.49924523
0.499245
0.49924523
0.49924523
0.49924487
0.4992457
0.49924487
0.49924463
0.49924332
0.4992451
0.49924487
0.49924487
0.4992451
0.4992445
0.49924558
0.4992448
0.49924505
0.4992451
0.49924517
0.49924535
0.49924505
0.499245
0.49924487
0.49924523
0.49924523
0.49924487
0.49924535
0.499245
0.49924546
0.49924493
0.4992448
0.4992448
0.49924517
0.49924493
0.499245
0.49924475
0.49924523
0.499245
0.4992451
0.49924475
0.49924487
0.49924475
0.4992451
0.4992445
0.49924535
0.49924546
0.49924523
0.49924487
0.499245
0.49924523
0.49924517
0.4992447
0.49924487
0.49924523
0.49924517
0.4992451
0.49924523
0.4992453
0.49924487
0.49924487
0.49924475
0.4992451
0.49924523
0.4992444
0.499245
0.49924487
0.49924487
0.49924487
0.499245
0.499245
0.49924517
0.49924517
0.4992451
0.4992451
0.49924487
0.4992451
0.49924457
0.49924463
0.49924523
0.49924517
0.499245
0.49924493
0.49924523
0.49924487
0.49924487
0.49924457
0.49924487
0.499245
0.49924505
0.49924523
0.4992453
0.49924368
0.499245
0.499245
0.49924523
0.49924475
0.4992451
0.499245
0.499245
0.49924523
0.49924475
0.49924487
0.49924523
0.49924475
0.4992447
0.49924582
0.49924487
0.4992453
0.4992451
0.49924475
0.4992447
0.499245
0.49924535
0.4992451
0.49924523
0.49924523
0.49924487
0.4992451
0.4992445
0.499245
0.49924523
0.4992451
0.49924505
0.4992438
0.49924523
0.49924475
0.49924487
0.49924487
0.49924487
0.49924523
0.49924535
0.49924523
0.49924487
0.49924523
0.49924523
0.4992451
0.499245
0.4992451
0.49924487
0.49924487
0.49924457
0.49924487
0.499245
0.49924487
0.49924487
0.49924505
0.4992451
0.49924475
0.4992451
0.4992451
0.4992451
0.4992445
0.49924475
0.49924493
0.49924517
0.49924523
0.49924487
0.49924505
0.4992448
0.49924523
0.499245
0.49924475
0.499245
0.4992448
0.4992451
0.4992448
0.49924523
0.4992453
0.49924505
0.4992453
0.49924487
0.49924517
0.499245
0.49924523
0.49924487
0.49924487
0.49924546
0.49924457
0.499245
0.4992451
0.49924523
0.4992454
0.49924475
0.49924546
0.499245
0.499245
0.4992451
0.49924535
0.49924523
0.49924493
0.4992451
0.49924487
0.49924523
0.49924618
0.49924523
0.49924535
0.4992453
0.49924475
0.49924523
0.49924487
0.4992448
0.499245
0.4992453
0.49924463
0.49924475
0.49924546
0.49924493
0.49924427
0.49924475
0.49924517
0.4992453
0.4992442
0.49924505
0.4992451
0.49924487
0.4992451
0.499245
0.49924463
0.49924517
0.49924487
0.49924493
0.49924535
0.49924523
0.499245
0.4992451
0.49924517
0.499245
0.4992451
0.49924493
0.499245
0.49924487
0.49924523
0.499245
0.49924523
0.499245
0.499245
0.49924523
0.4992457
0.49924433
0.4992451
0.499245
0.4992451
0.49924487
0.49924487
0.4992451
0.499245
0.49924487
0.499245
0.49924487
0.49924517
0.4992448
0.49924487
0.49924463
0.4992451
0.4992484
0.49924624
0.49924517
0.49924523
0.49924523
0.49924445
0.4992451
0.49924523
0.49924523
0.4992451
0.49924505
0.49924487
0.49924487
0.49924517
0.49924535
0.4992451
0.499245
0.49924505
0.499245
0.49924493
0.499245
0.499245
0.49924487
0.4992451
0.499245
0.4992453
0.4992453
0.4992451
0.49924594
0.49924475
0.4992448
0.49924463
0.49924487
0.4992448
0.49924463
0.49924487
0.49924487
0.499245
0.4992454
0.49924475
0.49924463
0.49924558
0.499245
0.49924517
0.499245
0.49924487
0.4992448
0.49924487
0.49924517
0.4992451
0.4992451
0.49924505
0.49924517
0.49924535
0.49924564
0.499245
0.49924263
0.4992447
0.49924493
0.499245
0.4992447
0.49924463
0.49924517
0.499245
0.4992451
0.49924463
0.49924487
0.49924535
0.4992448
0.49924523
0.4992453
0.4992451
0.49924493
0.499245
0.4992448
0.499245
0.49924523
0.499245
0.4992447
0.49924505
0.49924463
0.4992466
0.4992453
0.49924517
0.499245
0.499245
0.49924487
0.4992453
0.499245
0.499245
0.4992448
0.4992448
0.49924487
0.499245
0.4992451
0.49924523
0.4992447
0.4992451
0.49924493
0.49924505
0.49924487
0.4992451
0.49924523
0.49924523
0.49924475
0.49924493
0.499245
0.49924487
0.4992448
0.499245
0.4992448
0.49924523
0.49924287
0.49924505
0.49924487
0.49924558
0.49924642
0.4992451
0.49924487
0.499245
0.49924535
0.49924523
0.499245
0.49924487
0.49924505
0.49924487
0.49924487
0.49924517
0.49924463
0.4992453
0.49924517
0.49924487
0.49924523
0.49924523
0.49924636
0.499245
0.49924558
0.4992451
0.4992451
0.49924487
0.49924517
0.49924475
0.49924535
0.4992447
0.49924487
0.499245
0.499245
0.4992454
0.4992451
0.499245
0.49924523
0.49924487
0.49924493
0.49924493
0.49924546
0.49924463
0.499245
0.49924475
0.49924505
0.49924445
0.49924523
0.49924535
0.49924535
0.4992451
0.4992451
0.49924505
0.49924475
0.49924517
0.49924487
0.499245
0.49924523
0.49924535
0.499245
0.49924523
0.49924487
0.49924558
0.49924487
0.49924523
0.4992451
0.49924475
0.49924487
0.49924535
0.49924368
0.49924475
0.4992451
0.49924475
0.49924493
0.49924546
0.49924546
0.49924493
0.499245
0.499245
0.49924487
0.499245
0.4992447
0.49924493
0.4992451
0.4992453
0.49924523
0.49924535
0.4992451
0.499245
0.49924523
0.49924463
0.49924487
0.4992451
0.49924505
0.49924505
0.49924546
0.49924535
0.49924487
0.49924535
0.4992448
0.49924535
0.49924505
0.49924487
0.4992451
0.49924523
0.49924523
0.49924523
0.4992447
0.49924523
0.4992451
0.4992451
0.49924535
0.49924475
0.49924487
0.49924493
0.4992451
0.499245
0.4992448
0.49924523
0.49924523
0.4992451
0.4992451
0.49924505
0.49924505
0.4992451
0.49924523
0.4992451
0.49924517
0.49924558
0.49924487
0.49924535
0.499245
0.49924505
0.4992451
0.49924475
0.49924475
0.49924535
0.49924606
0.4992453
0.49924475
0.499245
0.49924523
0.49924505
0.49924457
0.4992451
0.49924487
0.499245
0.49924493
0.49924535
0.49924558
0.4992448
0.49924505
0.49924523
0.4992451
0.49924523
0.49924475
0.4992451
0.49924487
0.4992451
0.49924493
0.4992451
0.49924487
0.49924487
0.49924493
0.49924457
0.49924463
0.49924505
0.49924493
0.49924493
0.49924582
0.49924535
0.4992453
0.49924487
0.49924546
0.499245
0.49924487
0.49924505
0.49924475
0.49924558
0.49924487
0.49924505
0.49924523
0.49924493
0.499245
0.49924546
0.499245
0.4992454
0.49924487
0.4992451
0.49924523
0.49924487
0.49924523
0.4992451
0.499245
0.49924463
0.49924546
0.4992424
0.4992453
0.4992451
0.499245
0.49924505
0.49924523
0.499245
0.49924523
0.49924505
0.4992451
0.49924487
0.4992451
0.49924523
0.4992451
0.49924487
0.4992451
0.4992451
0.49924523
0.49924493
0.4992447
0.49924523
0.4992451
0.4992448
0.49924475
0.49924475
0.49924535
0.49924493
0.49924523
0.499245
0.49924487
0.49924487
0.49924535
0.49924463
0.4992451
0.49924493
0.4992451
0.49924487
0.4992451
0.4992451
0.49924517
0.49924535
0.4992448
0.49924487
0.49924463
0.49924558
0.499245
0.49924493
0.499245
0.4992447
0.4992447
0.499245
0.49924463
0.49924487
0.4992451
0.499245
0.4992453
0.49924523
0.49924487
0.4992451
0.4992451
0.49924546
0.49924552
0.49924523
0.4992451
0.49924505
0.49924487
0.4992451
0.4992451
0.499245
0.49924535
0.49924487
0.49924517
0.49924535
0.4992451
0.4992451
0.4992454
0.49924427
0.49924493
0.49924463
0.499245
0.49924546
0.4992453
0.49924475
0.499245
0.49924475
0.49924546
0.49924523
0.49924523
0.4992451
0.4992451
0.4992435
0.49924415
0.4992451
0.49924505
0.4992451
0.49924505
0.4992451
0.4992445
0.4992451
0.49924535
0.499245
0.49924505
0.499245
0.49924535
0.49924487
0.49924517
0.49924493
0.4992448
0.49924487
0.49924535
0.49924475
0.49924517
0.49924493
0.499245
0.49924493
0.499245
0.49924475
0.49924535
0.4992447
0.49924517
0.49924546
0.49924487
0.49924535
0.4992451
0.49924517
0.4992451
0.49924523
0.49924487
0.499245
0.4992451
0.49924523
0.49924523
0.4992448
0.49924523
0.49924535
0.49924523
0.49924505
0.49924523
0.49924487
0.49924445
0.4992451
0.49924517
0.4992445
0.4992451
0.4992448
0.4992451
0.4992451
0.49924487
0.4992451
0.49924523
0.4992451
0.49924493
0.49924487
0.49924535
0.49924487
0.49924517
0.4992451
0.49924517
0.49924505
0.4992445
0.4992451
0.49924505
0.499245
0.49924475
0.4992451
0.49924487
0.4992451
0.49924487
0.49924493
0.49924535
0.499245
0.49924546
0.49924487
0.49924523
0.49924535
0.49924517
0.4992444
0.49924523
0.499245
0.499245
0.49924558
0.4992451
0.4992447
0.49924505
0.4992451
0.4992453
0.49924523
0.49924523
0.49924523
0.499245
0.49924523
0.49924523
0.49924523
0.49924475
0.499245
0.49924505
0.49924707
0.49924487
0.4992453
0.49924517
0.49924487
0.499245
0.499245
0.49924493
0.49924523
0.499245
0.49924523
0.49924535
0.49924535
0.49924487
0.49924535
0.49924523
0.49924523
0.49924582
0.49924487
0.4992457
0.499245
0.49924523
0.49924517
0.49924487
0.4992448
0.49924505
0.4992444
0.499245
0.4992454
0.49924523
0.4992453
0.4992454
0.49924463
0.499245
0.49924263
0.499245
0.49924475
0.49924546
0.49924392
0.4992445
0.49924523
0.49924475
0.499245
0.49924487
0.49924487
0.49924487
0.4992451
0.49924523
0.49924546
0.4992445
0.49924457
0.49924487
0.49924523
0.49924523
0.49924487
0.49924487
0.499245
0.49924487
0.4992451
0.49924505
0.49924487
0.4992451
0.49924505
0.4992454
0.49924505
0.49924463
0.4992451
0.49924523
0.49924517
0.4992451
0.499245
0.4992453
0.49924564
0.4992445
0.49924523
0.49924487
0.499245
0.49924487
0.49924558
0.4992442
0.499245
0.49924487
0.499245
0.49924493
0.49924487
0.49924523
0.49924487
0.499245
0.49924505
0.49924487
0.49924505
0.4992448
0.49924523
0.4992451
0.499245
0.49924523
0.499245
0.49924487
0.49924475
0.49924535
0.4992447
0.49924487
0.499245
0.4992451
0.49924535
0.4992453
0.49924535
0.49924505
0.49924493
0.49924517
0.49924523
0.49924487
0.4992451
0.49924487
0.49924487
0.499245
0.4992451
0.49924475
0.4992448
0.49924523
0.49924475
0.49924475
0.499245
0.49924487
0.49924475
0.499245
0.49924493
0.49924523
0.49924493
0.49924523
0.49924487
0.49924517
0.49924493
0.4992451
0.4992451
0.49924523
0.49924523
0.499245
0.49924517
0.4992451
0.49924493
0.49924487
0.499245
0.499245
0.4992448
0.49924505
0.4992448
0.49924487
0.49924475
0.4992454
0.49924487
0.49924487
0.499245
0.499245
0.49924493
0.499245
0.49924546
0.49924487
0.4992445
0.49924487
0.49924475
0.49924475
0.49924523
0.49924517
0.49924487
0.499245
0.4992451
0.499245
0.4992454
0.49924558
0.49924523
0.49924487
0.49924487
0.49924523
0.49924517
0.499245
0.499245
0.4992451
0.49924463
0.49924523
0.49924487
0.49924475
0.49924487
0.4992448
0.499245
0.499245
0.4992451
0.49924487
0.49924523
0.499245
0.499245
0.4992447
0.4992451
0.49924475
0.49924475
0.49924523
0.4992451
0.4992453
0.49924487
0.49924523
0.499245
0.49924487
0.49924523
0.49924505
0.49924523
0.49924457
0.49924523
0.499245
0.49924546
0.49924523
0.49924523
0.49924487
0.49924487
0.49924487
0.49924457
0.49924523
0.4992451
0.49924535
0.49924487
0.49924487
0.4992453
0.49924493
0.49924475
0.49924523
0.49924493
0.49924487
0.49924487
0.49924487
0.4992451
0.499245
0.49924487
0.49924487
0.49924487
0.49924535
0.49924535
0.49924487
0.4992447
0.499245
0.499245
0.49924487
0.4992453
0.49924535
0.4992448
0.4992451
0.49924505
0.4992451
0.4992451
0.49924612
0.499245
0.499245
0.4992451
0.4992451
0.49924487
0.499245
0.49924523
0.49924463
0.499245
0.499245
0.499245
0.4992445
0.499245
0.49924505
0.49924535
0.4992457
0.4992451
0.49924523
0.499245
0.49924523
0.4992454
0.4992451
0.4992451
0.49924558
0.49924535
0.49924463
0.49924403
0.49924552
0.49924475
0.4992451
0.499245
0.49924493
0.49924535
0.49924517
0.49924505
0.4992448
0.49924487
0.499245
0.49924517
0.49924523
0.4992451
0.49924493
0.49924487
0.49924517
0.49924558
0.49924487
0.49924475
0.49924463
0.4992451
0.49924517
0.49924523
0.4992453
0.499245
0.49924523
0.49924493
0.49924475
0.49924517
0.499245
0.49924487
0.4992447
0.49924487
0.49924517
0.4992451
0.4992454
0.49924523
0.4992451
0.49924505
0.49924487
0.4992451
0.49924487
0.49924356
0.4992447
0.4992451
0.49924487
0.49924487
0.49924475
0.4992451
0.49924487
0.49924517
0.4992445
0.499245
0.499245
0.49924594
0.49924517
0.4992451
0.499245
0.49924523
0.4992451
0.4992451
0.49924552
0.4992451
0.49924523
0.49924487
0.49924487
0.49924487
0.49924523
0.49924552
0.49924487
0.499245
0.499245
0.49924463
0.49924487
0.49924523
0.499245
0.49924493
0.4992454
0.4992451
0.49924535
0.49924463
0.49924523
0.49924523
0.4992451
0.49924505
0.49924523
0.49924523
0.49924523
0.499245
0.49924493
0.49924475
0.49924487
0.499245
0.49924523
0.49924523
0.4992451
0.49924523
0.4992453
0.49924487
0.49924535
0.49924523
0.4992451
0.49924493
0.49924493
0.49924445
0.49924535
0.49924523
0.4992451
0.49924475
0.499245
0.4992454
0.4992453
0.4992451
0.49924487
0.4992451
0.49924463
0.4992453
0.49924487
0.499245
0.4992454
0.49924487
0.49924487
0.49924487
0.49924523
0.499245
0.49924523
0.499245
0.49924463
0.499245
0.499245
0.4992454
0.49924535
0.49924523
0.49924523
0.49924475
0.49924523
0.49924475
0.499245
0.4992453
0.4992451
0.4992451
0.49924487
0.49924523
0.499243
0.49924505
0.49924523
0.49924505
0.4992451
0.499245
0.49924517
0.49924523
0.49924487
0.49924517
0.4992444
0.499245
0.49924487
0.49924505
0.4992451
0.49924523
0.4992451
0.49924374
0.49924475
0.49924487
0.49924493
0.499245
0.49924523
0.49924546
0.49924517
0.4992451
0.499245
0.499245
0.4992448
0.4992445
0.49924487
0.49924463
0.49924463
0.499245
0.49924523
0.49924475
0.49924523
0.4992448
0.49924612
0.49924517
0.49924487
0.49924475
0.49924487
0.49924517
0.49924505
0.499245
0.49924487
0.49924487
0.4992451
0.4992451
0.49924487
0.49924552
0.499245
0.49924517
0.49924505
0.4992447
0.49924517
0.49924505
0.49924493
0.49924475
0.49924463
0.499245
0.49924475
0.4992451
0.49924523
0.499245
0.49924493
0.49924487
0.49924475
0.4992445
0.499245
0.4992451
0.49924517
0.49924523
0.4992448
0.49924523
0.499245
0.4992451
0.49924523
0.4992451
0.49924535
0.499245
0.49924475
0.49924487
0.4992451
0.49924535
0.4992454
0.49924427
0.49924558
0.4992451
0.4992453
0.499245
0.4992451
0.499245
0.49924487
0.4992451
0.499245
0.499245
0.4992448
0.49924487
0.49924523
0.49924523
0.499245
0.49924475
0.4992451
0.4992451
0.49924546
0.49924493
0.4992451
0.49924487
0.49924505
0.49924487
0.49924523
0.499245
0.4992451
0.4992451
0.499245
0.49924523
0.49924505
0.49924415
0.49924546
0.49924523
0.49924487
0.49924475
0.49924517
0.49924517
0.49924517
0.4992451
0.49924535
0.49924535
0.4992451
0.4992448
0.49924505
0.49924505
0.49924445
0.49924523
0.4992451
0.49924487
0.49924523
0.4992453
0.49924546
0.499245
0.49924505
0.49924475
0.49924523
0.4992451
0.49924558
0.499245
0.499245
0.4992451
0.49924475
0.4992451
0.4992451
0.49924493
0.49924523
0.4992451
0.49924523
0.49924535
0.49924517
0.49924487
0.49924523
0.49924523
0.49924487
0.499245
0.49924475
0.49924505
0.4992447
0.4992451
0.49924505
0.499245
0.49924523
0.4992445
0.4992453
0.49924523
0.49924475
0.49924523
0.4992451
0.499245
0.4992451
0.49924493
0.49924487
0.4992451
0.49924517
0.49924523
0.4992451
0.4992448
0.49924505
0.49924463
0.4992451
0.49924517
0.4992451
0.49924546
0.4992453
0.49924523
0.499245
0.4992447
0.49924523
0.49924487
0.49924505
0.49924487
0.49924523
0.49924517
0.49924427
0.4992442
0.49924493
0.49924475
0.49924493
0.49924392
0.4992451
0.49924487
0.49924475
0.49924523
0.4992451
0.49924487
0.49924487
0.499245
0.49924523
0.49924523
0.4992451
0.49924487
0.49924523
0.499245
0.49924487
0.49924523
0.49924523
0.49924475
0.49924463
0.4992447
0.49924546
0.4992451
0.49924523
0.49924487
0.4992453
0.4992444
0.4992453
0.4992451
0.4992451
0.49924517
0.49924463
0.49924427
0.49924505
0.4992451
0.49924493
0.49924558
0.49924546
0.49924457
0.499245
0.49924493
0.49924475
0.49924523
0.49924523
0.49924463
0.4992451
0.4992451
0.49924487
0.49924463
0.49924535
0.49924523
0.499245
0.4992451
0.49924487
0.49924487
0.49924523
0.4992451
0.49924517
0.4992444
0.49924463
0.4992451
0.4992445
0.49924523
0.499245
0.4992445
0.4992451
0.49924523
0.499245
0.499245
0.49924523
0.4992451
0.4992453
0.49924463
0.49924552
0.49924487
0.49924523
0.49924505
0.4992451
0.499245
0.49924505
0.4992453
0.499245
0.49924523
0.49924535
0.49924523
0.4992445
0.4992451
0.49924487
0.499245
0.4992451
0.4992451
0.49924523
0.49924463
0.4992454
0.49924523
0.49924606
0.49924546
0.49924558
0.49924475
0.4992451
0.49924523
0.49924505
0.4992448
0.49924517
0.49924517
0.49924463
0.499245
0.49924517
0.49924535
0.49924487
0.499245
0.49924475
0.49924517
0.49924493
0.49924493
0.499245
0.499245
0.49924517
0.49924433
0.49924505
0.4992454
0.499245
0.4992451
0.4992453
0.49924505
0.4992451
0.49924535
0.4992451
0.49924487
0.49924493
0.4992453
0.499245
0.49924475
0.49924517
0.49924445
0.49924523
0.499246
0.49924475
0.4992451
0.49924523
0.49924487
0.4992448
0.49924487
0.499245
0.49924523
0.49924523
0.4992451
0.4992453
0.4992453
0.4992445
0.49924475
0.4992451
0.49924523
0.4992453
0.49924505
0.4992451
0.4992444
0.49924132
0.499245
0.49924523
0.4992445
0.49924463
0.49924487
0.49924493
0.49924487
0.499245
0.49924487
0.49924487
0.49924523
0.49924487
0.49924523
0.49924535
0.499245
0.499245
0.49924517
0.49924535
0.49924493
0.49924487
0.49924517
0.4992451
0.49924505
0.49924505
0.4992451
0.499245
0.4992451
0.4992451
0.4992448
0.49924487
0.499245
0.49924475
0.4992451
0.4992451
0.49924523
0.4992451
0.49924505
0.499245
0.4992451
0.499245
0.49924523
0.49924523
0.49924535
0.49924487
0.49924487
0.49924487
0.4992451
0.499245
0.49924475
0.4992451
0.4992451
0.49924517
0.4992451
0.49924517
0.49924487
0.49924517
0.49924475
0.4992451
0.4992448
0.49924487
0.4992457
0.499245
0.4992453
0.49924517
0.49924487
0.49924505
0.49924487
0.49924493
0.49924493
0.49924523
0.49924517
0.49924487
0.49924606
0.499245
0.49924475
0.49924523
0.49924493
0.49924505
0.49924487
0.49924505
0.49924487
0.49924523
0.49924463
0.49924487
0.49924523
0.49924535
0.4992451
0.49924427
0.49924487
0.4992451
0.49924487
0.49924517
0.49924487
0.4992451
0.49924463
0.499245
0.499245
0.49924505
0.49924523
0.49924505
0.49924546
0.49924457
0.4992451
0.499245
0.49924493
0.49924535
0.499245
0.49924523
0.49924517
0.499245
0.49924463
0.49924535
0.49924523
0.49924523
0.4992451
0.49924535
0.499245
0.499245
0.4992453
0.49924487
0.49924535
0.49924427
0.49924523
0.49924523
0.4992448
0.49924475
0.49924487
0.49924475
0.4992453
0.4992444
0.4992453
0.49924505
0.49924517
0.499245
0.49924493
0.49924487
0.49924493
0.49924493
0.49924517
0.4992451
0.49924475
0.49924558
0.49924535
0.499245
0.49924505
0.4992451
0.49924487
0.49924493
0.4992451
0.49924546
0.4992457
0.4992448
0.49924493
0.49924457
0.4992451
0.49924493
0.499245
0.49924523
0.49924487
0.49924523
0.49924487
0.49924487
0.4992447
0.49924493
0.4992451
0.49924487
0.499245
0.49924433
0.49924487
0.49924535
0.49924523
0.49924487
0.49924493
0.49924475
0.4992451
0.49924487
0.49924505
0.4992451
0.49924427
0.49924517
0.49924505
0.49924493
0.49924523
0.49924523
0.49924606
0.49924535
0.49924487
0.49924517
0.499245
0.49924493
0.49924463
0.499245
0.499245
0.4992447
0.49924558
0.49924445
0.4992451
0.4992444
0.49924535
0.4992451
0.49924517
0.49924505
0.49924517
0.4992451
0.49924517
0.49924523
0.4992453
0.4992451
0.49924535
0.49924487
0.49924475
0.49924487
0.4992451
0.49924523
0.49924475
0.49924523
0.49924403
0.499245
0.49924475
0.49924463
0.49924517
0.49924535
0.4992453
0.49924487
0.499245
0.4992453
0.499245
0.49924523
0.49924505
0.49924535
0.49924523
0.49924523
0.49924535
0.4992454
0.49924517
0.49924517
0.499245
0.49924475
0.4992451
0.49924523
0.49924523
0.49924493
0.499245
0.4992451
0.49924535
0.49924487
0.49924487
0.49924517
0.4992447
0.4992451
0.49924493
0.499245
0.4992448
0.49924487
0.49924517
0.4992451
0.49924487
0.499245
0.499245
0.49924493
0.4992451
0.4992454
0.49924523
0.49924493
0.4992447
0.49924487
0.4992448
0.49924517
0.49924487
0.49924493
0.49924487
0.4992447
0.4992445
0.49924493
0.49924493
0.4992451
0.49924493
0.499245
0.49924487
0.49924546
0.49924487
0.49924517
0.49924475
0.499245
0.49924445
0.499245
0.49924493
0.4992451
0.4992451
0.49924523
0.49924204
0.49924505
0.499245
0.49924505
0.49924517
0.499245
0.49924487
0.499245
0.49924463
0.49924505
0.49924493
0.49924487
0.499245
0.49924487
0.49924463
0.49924517
0.49924487
0.49924517
0.49924493
0.49924535
0.49924493
0.49924523
0.499245
0.4992451
0.499245
0.49924493
0.4992451
0.49924493
0.4992457
0.49924517
0.49924546
0.49924475
0.49924487
0.49924535
0.49924487
0.4992451
0.4992444
0.49924475
0.49924523
0.4992445
0.4992451
0.4992451
0.49924487
0.49924475
0.4992442
0.4992451
0.49924523
0.4992448
0.4992454
0.4992451
0.49924523
0.49924487
0.49924457
0.4992451
0.4992444
0.4992451
0.499245
0.49924523
0.4992448
0.4992451
0.4992451
0.49924505
0.499245
0.49924487
0.499245
0.49924487
0.499245
0.4992451
0.49924487
0.49924523
0.4992451
0.49924487
0.49924558
0.49924517
0.49924493
0.49924505
0.499245
0.49924523
0.49924487
0.49924523
0.4992451
0.49924368
0.4992451
0.4992448
0.499245
0.49924523
0.49924493
0.499245
0.4992447
0.49924487
0.49924487
0.49924517
0.49924535
0.499245
0.49924523
0.49924475
0.49924475
0.4992451
0.49924523
0.49924535
0.49924493
0.499245
0.49924558
0.4992451
0.49924523
0.4992451
0.49924523
0.49924523
0.499245
0.49924523
0.49924523
0.49924487
0.4992448
0.49924535
0.499245
0.49924487
0.4992445
0.499245
0.49924487
0.499245
0.4992451
0.49924523
0.49924475
0.49924546
0.4992451
0.49924523
0.4992451
0.49924487
0.49924475
0.4992448
0.49924487
0.4992453
0.499245
0.4992451
0.499245
0.49924523
0.4992453
0.49924523
0.49924475
0.49924523
0.49924487
0.49924475
0.499245
0.49924487
0.4992447
0.4992453
0.499245
0.49924475
0.49924487
0.4992451
0.49924523
0.49924523
0.4992454
0.49924535
0.499245
0.49924493
0.49924523
0.49924523
0.49924463
0.499245
0.49924517
0.49924493
0.49924505
0.49924475
0.499245
0.49924403
0.499245
0.499245
0.499245
0.49924487
0.49924523
0.49924523
0.499245
0.49924576
0.49924475
0.49924523
0.4992451
0.49924523
0.4992451
0.49924505
0.49924523
0.49924505
0.49924487
0.49924535
0.49924523
0.49924523
0.49924487
0.499245
0.49924475
0.49924523
0.49924475
0.49924505
0.4992457
0.499245
0.4992444
0.49924505
0.49924487
0.49924523
0.49924523
0.49924487
0.49924535
0.49924523
0.499245
0.49924523
0.4992451
0.4992448
0.49924523
0.499245
0.49924475
0.49924487
0.49924517
0.49924493
0.4992451
0.49924487
0.499245
0.4992451
0.49924535
0.49924475
0.49924487
0.4992451
0.49924535
0.499245
0.49924415
0.4992451
0.49924535
0.49924505
0.4992451
0.4992451
0.49924415
0.49924523
0.49924517
0.49924487
0.49924463
0.4992451
0.49924558
0.49924523
0.49924493
0.499245
0.49924487
0.49924487
0.49924523
0.499245
0.49924517
0.49924523
0.49924493
0.4992448
0.49924523
0.49924505
0.49924487
0.499245
0.4992454
0.499245
0.49924523
0.49924552
0.49924487
0.49924517
0.49924487
0.4992451
0.49924475
0.49924463
0.49924523
0.499245
0.49924517
0.4992451
0.4992451
0.499245
0.49924493
0.49924505
0.4992453
0.49924475
0.49924487
0.4992451
0.499245
0.499245
0.4992451
0.499245
0.49924505
0.49924487
0.49924523
0.49924523
0.49924487
0.4992457
0.49924523
0.49924463
0.4992453
0.49924475
0.49924523
0.4992444
0.49924523
0.499245
0.49924523
0.49924523
0.49924475
0.4992451
0.4992453
0.49924505
0.49924475
0.49924487
0.4992448
0.49924535
0.49924487
0.49924523
0.49924487
0.49924546
0.49924487
0.499245
0.4992453
0.49924546
0.49924487
0.49924475
0.49924523
0.4992453
0.49924445
0.499245
0.49924487
0.49924457
0.4992451
0.499245
0.49924475
0.49924487
0.499245
0.49924475
0.49924493
0.49924535
0.49924475
0.49924475
0.49924505
0.49924487
0.49924505
0.49924535
0.499245
0.49924523
0.4992445
0.4992448
0.49924475
0.4992451
0.49924517
0.49924475
0.499245
0.49924487
0.49924523
0.499245
0.49924487
0.4992453
0.499245
0.49924535
0.499245
0.49924517
0.49924546
0.49924535
0.4992451
0.4992451
0.49924493
0.49924523
0.4992447
0.49924493
0.49924475
0.4992451
0.49924546
0.4992451
0.49924517
0.49924487
0.49924493
0.49924517
0.49924535
0.49924493
0.4992445
0.4992451
0.49924535
0.49924505
0.49924403
0.499245
0.49924535
0.4992448
0.49924505
0.49924517
0.4992448
0.49924475
0.49924517
0.49924523
0.49924546
0.49924475
0.49924523
0.49924487
0.499245
0.49924457
0.49924487
0.49924535
0.4992447
0.49924487
0.4992451
0.499245
0.49924546
0.49924546
0.49924505
0.49924535
0.49924493
0.4992454
0.49924523
0.49924523
0.49924535
0.49924493
0.49924517
0.49924487
0.49924523
0.4992451
0.49924475
0.49924535
0.49924523
0.49924517
0.4992451
0.49924457
0.4992451
0.49924523
0.49924523
0.49924487
0.49924535
0.49924523
0.499245
0.4992454
0.499245
0.49924576
0.49924463
0.499245
0.49924535
0.499245
0.49924487
0.49924487
0.4992445
0.4992451
0.4992451
0.49924523
0.49924463
0.4992453
0.499245
0.49924523
0.4992451
0.499245
0.4992451
0.49924517
0.4992451
0.4992451
0.4992453
0.49924523
0.4992447
0.49924517
0.49924523
0.49924523
0.4992457
0.49924493
0.49924517
0.4992448
0.49924564
0.49924487
0.49924463
0.49924487
0.49924487
0.49924523
0.499245
0.49924487
0.49924535
0.49924487
0.4992451
0.49924463
0.4992451
0.4992447
0.49924487
0.4992451
0.49924535
0.49924505
0.49924487
0.4992451
0.4992451
0.4992448
0.49924523
0.49924523
0.49924523
0.499245
0.4992451
0.4992451
0.4992451
0.4992451
0.49924505
0.499245
0.49924463
0.49924523
0.4992445
0.499245
0.49924523
0.499245
0.49924552
0.499245
0.49924487
0.49924517
0.49924594
0.49924535
0.4992451
0.499245
0.4992451
0.49924523
0.49924487
0.49924475
0.49924523
0.49924493
0.49924487
0.49924523
0.49924523
0.499245
0.4992448
0.499245
0.49924487
0.49924475
0.4992451
0.49924475
0.49924523
0.49924535
0.49924523
0.49924523
0.49924558
0.49924535
0.4992451
0.49924505
0.49924386
0.4992451
0.4992451
0.499245
0.4992451
0.499245
0.49924535
0.4992451
0.4992447
0.49924523
0.499245
0.49924523
0.49924523
0.49924505
0.49924523
0.4992451
0.49924487
0.49924493
0.499245
0.49924493
0.4992451
0.49924463
0.499245
0.49924475
0.49924493
0.499245
0.49924487
0.49924433
0.49924523
0.49924505
0.49924493
0.49924517
0.49924487
0.49924487
0.49924517
0.49924523
0.49924523
0.4992447
0.4992448
0.4992448
0.49924505
0.49924523
0.499245
0.499245
0.49924535
0.49924487
0.49924463
0.4992451
0.49924487
0.4992451
0.4992445
0.49924523
0.49924517
0.49924523
0.49924505
0.4992451
0.49924487
0.499245
0.49924523
0.4992451
0.49924546
0.499245
0.49924487
0.49924523
0.49924535
0.49924505
0.4992453
0.49924475
0.49924535
0.4992451
0.49924487
0.49924487
0.4992451
0.49924487
0.49924487
0.499245
0.49924475
0.49924397
0.4992451
0.49924523
0.4992444
0.49924475
0.49924546
0.49924523
0.49924475
0.4992451
0.49924487
0.499245
0.49924517
0.4992447
0.49924487
0.49924535
0.49924535
0.49924487
0.49924463
0.49924463
0.49924523
0.49924523
0.49924505
0.49924487
0.49924463
0.499245
0.49924493
0.49924493
0.4992451
0.49924475
0.4992451
0.49924523
0.49924523
0.4992454
0.49924487
0.4992451
0.4992451
0.49924552
0.49924487
0.4992445
0.49924523
0.4992451
0.49924535
0.49924535
0.49924487
0.49924523
0.49924463
0.49924487
0.4992451
0.499245
0.49924487
0.4992451
0.49924517
0.49924463
0.499245
0.49924505
0.49924487
0.4992451
0.49924505
0.499245
0.49924487
0.499245
0.49924523
0.49924517
0.4992451
0.49924523
0.4992453
0.4992451
0.499245
0.49924523
0.4992448
0.49924475
0.49924487
0.4992445
0.49924523
0.49924535
0.49924493
0.49924475
0.499245
0.49924517
0.4992453
0.49924475
0.49924523
0.499245
0.49924487
0.49924487
0.4992442
0.49924475
0.499245
0.4992451
0.49924535
0.4992451
0.499245
0.49924493
0.49924535
0.49924558
0.4992451
0.49924523
0.49924523
0.49924463
0.49924493
0.49924463
0.49924487
0.499245
0.4992453
0.49924475
0.4992451
0.4992453
0.499245
0.49924523
0.49924487
0.49924487
0.49924493
0.49924493
0.49924505
0.49924505
0.499245
0.4992448
0.49924517
0.49924392
0.49924487
0.4992451
0.499245
0.49924523
0.49924487
0.49924523
0.49924517
0.49924487
0.49924475
0.499245
0.4992451
0.49924475
0.49924523
0.49924523
0.49924475
0.499245
0.49924523
0.49924523
0.49924505
0.49924535
0.49924487
0.4992451
0.49924487
0.49924523
0.49924475
0.4992445
0.49924588
0.49924523
0.499245
0.49924517
0.49924487
0.49924523
0.499245
0.49924546
0.49924505
0.49924535
0.49924523
0.49924546
0.4992451
0.49924487
0.49924523
0.49924505
0.499245
0.4992448
0.49924475
0.49924546
0.4992448
0.4992451
0.4992451
0.4992447
0.49924523
0.49924493
0.4992451
0.49924463
0.4992451
0.49924487
0.49924535
0.4992451
0.49924475
0.49924475
0.4992451
0.4992451
0.4992451
0.49924523
0.499245
0.49924523
0.49924517
0.49924487
0.4992451
0.49924535
0.49924487
0.49924523
0.49924457
0.49924505
0.49924475
0.49924487
0.4992451
0.4992453
0.49924535
0.499245
0.4992438
0.499245
0.499245
0.49924558
0.49924523
0.49924475
0.49924517
0.499245
0.499245
0.49924487
0.49924523
0.4992448
0.4992448
0.4992451
0.49924517
0.49924475
0.49924535
0.4992451
0.49924505
0.499245
0.49924487
0.4992451
0.499245
0.499245
0.49924475
0.49924493
0.49924427
0.499245
0.49924535
0.499245
0.49924535
0.4992448
0.49924523
0.4992451
0.49924487
0.49924487
0.4992451
0.4992444
0.4992448
0.49924487
0.4992451
0.49924505
0.49924523
0.4992448
0.499245
0.49924523
0.49924505
0.4992451
0.4992451
0.499245
0.49924493
0.49924487
0.499245
0.499245
0.4992451
0.4992451
0.499245
0.499245
0.4992448
0.49924517
0.49924535
0.49924535
0.49924517
0.49924487
0.4992451
0.49924517
0.49924505
0.49924523
0.49924487
0.4992451
0.499245
0.4992451
0.49924523
0.49924487
0.49924475
0.49924487
0.49924475
0.49924523
0.49924523
0.49924463
0.49924523
0.4992451
0.499245
0.4992451
0.49924535
0.49924487
0.49924475
0.4992451
0.49924546
0.4992451
0.49924523
0.49924523
0.49924517
0.49924475
0.4992453
0.4992454
0.4992451
0.49924523
0.4992451
0.49924505
0.49924475
0.49924475
0.499245
0.4992447
0.49924517
0.49924487
0.49924523
0.499245
0.49924487
0.49924487
0.49924523
0.499245
0.49924487
0.49924475
0.49924523
0.49924535
0.49924487
0.49924493
0.49924487
0.4992451
0.49924475
0.4992447
0.49924463
0.4992453
0.49924475
0.49924523
0.499245
0.499245
0.49924475
0.49924535
0.499245
0.4992451
0.49924505
0.49924523
0.49924523
0.499245
0.499245
0.4992451
0.49924505
0.499245
0.49924505
0.49924475
0.49924475
0.49924546
0.49924517
0.49924505
0.4992451
0.499245
0.4992453
0.499245
0.49924493
0.49924523
0.49924487
0.4992451
0.4992451
0.499245
0.4992445
0.49924493
0.49924493
0.49924523
0.49924523
0.499245
0.4992451
0.499245
0.499245
0.49924523
0.49924523
0.49924523
0.49924523
0.499245
0.499245
0.49924594
0.49924523
0.49924487
0.499245
0.4992444
0.49924415
0.499245
0.49924487
0.49924487
0.49924487
0.499245
0.499245
0.4992444
0.4992451
0.499245
0.4992451
0.499245
0.4992451
0.4992451
0.49924487
0.4992451
0.4992453
0.49924546
0.49924487
0.499245
0.49924523
0.49924523
0.49924523
0.49924535
0.49924475
0.4992451
0.49924505
0.49924523
0.49924594
0.49924505
0.4992445
0.49924487
0.49924505
0.4992448
0.4992451
0.49924433
0.4992451
0.49924493
0.49924493
0.49924475
0.4992451
0.4992451
0.49924523
0.4992451
0.4992451
0.49924535
0.499245
0.49924523
0.4992451
0.499245
0.49924487
0.499245
0.49924415
0.49924445
0.49924517
0.49924463
0.4992451
0.4992451
0.49924517
0.49924463
0.49924523
0.499245
0.4992451
0.4992451
0.4992451
0.49924493
0.49924487
0.49924487
0.49924523
0.49924505
0.49924457
0.49924517
0.499245
0.49924523
0.4992447
0.4992451
0.49924517
0.499245
0.49924493
0.49924487
0.49924517
0.49924493
0.49924475
0.4992451
0.49924475
0.49924523
0.49924505
0.49924523
0.49924535
0.49924523
0.499245
0.49924463
0.49924523
0.4992451
0.49924535
0.49924403
0.49924535
0.49924487
0.49924505
0.499245
0.4992451
0.49924487
0.49924487
0.49924618
0.4992447
0.49924487
0.49924475
0.4992447
0.4992451
0.49924463
0.49924517
0.4992454
0.49924487
0.4992445
0.4992451
0.49924523
0.49924487
0.499245
0.49924517
0.499245
0.49924475
0.49924487
0.499245
0.49924523
0.49924517
0.49924487
0.4992451
0.499245
0.499245
0.499245
0.49924463
0.4992451
0.4992448
0.499245
0.49924535
0.49924523
0.49924523
0.49924457
0.49924517
0.49924517
0.49924505
0.49924475
0.4992451
0.4992451
0.49924523
0.49924517
0.49924403
0.49924487
0.49924487
0.49924475
0.49924535
0.4992451
0.49924505
0.49924523
0.49924487
0.49924546
0.49924523
0.49924463
0.49924523
0.49924493
0.49924523
0.49924487
0.4992451
0.4992445
0.499245
0.49924475
0.4992451
0.499245
0.49924487
0.4992447
0.4992448
0.4992451
0.49924523
0.49924505
0.49924487
0.49924487
0.4992445
0.4992451
0.49924517
0.4992453
0.4992447
0.4992451
0.4992445
0.49924517
0.499245
0.49924475
0.49924493
0.4992451
0.4992463
0.4992451
0.499245
0.49924505
0.4992453
0.4992451
0.49924344
0.49924487
0.49924487
0.4992454
0.4992451
0.499245
0.49924558
0.4992451
0.49924487
0.49924523
0.499245
0.49924487
0.4992451
0.49924487
0.4992451
0.49924523
0.499245
0.49924535
0.49924505
0.4992451
0.4992451
0.49924517
0.49924523
0.49924487
0.49924523
0.49924475
0.49924475
0.49924487
0.4992448
0.4992451
0.49924475
0.49924475
0.4992451
0.49924535
0.49924523
0.4992451
0.4992457
0.4992451
0.4992451
0.4992453
0.49924487
0.499245
0.4992451
0.49924523
0.49924523
0.49924487
0.49924487
0.49924463
0.49924505
0.4992451
0.49924487
0.49924535
0.49924517
0.4992451
0.4992453
0.499245
0.49924505
0.499245
0.499245
0.4992451
0.49924475
0.49924523
0.49924487
0.499245
0.49924463
0.49924546
0.499245
0.49924523
0.49924487
0.49924523
0.4992451
0.49924487
0.49924457
0.49924487
0.49924475
0.49924487
0.4992448
0.499245
0.49924517
0.49924523
0.4992451
0.49924493
0.49924505
0.49924564
0.49924493
0.49924535
0.4992453
0.49924546
0.49924463
0.4992448
0.4992451
0.499245
0.49924475
0.49924487
0.4992451
0.49924523
0.499245
0.49924517
0.49924535
0.499245
0.4992453
0.4992451
0.49924463
0.499245
0.49924535
0.4992451
0.49924487
0.49924487
0.49924523
0.49924475
0.4992451
0.49924475
0.49924523
0.49924523
0.49924475
0.49924463
0.49924493
0.49924487
0.49924487
0.49924487
0.49924618
0.49924487
0.49924475
0.4992451
0.49924505
0.49924535
0.49924475
0.49924487
0.49924487
0.499245
0.49924487
0.4992451
0.49924505
0.49924535
0.4992448
0.49924546
0.4992451
0.49924475
0.4992444
0.49924517
0.4992451
0.499245
0.4992451
0.49924505
0.4992448
0.4992453
0.49924535
0.49924535
0.4992451
0.49924493
0.49924475
0.49924487
0.4992451
0.49924487
0.4992445
0.49924523
0.49924493
0.499245
0.49924523
0.49924517
0.499245
0.499245
0.49924487
0.49924517
0.49924505
0.4992448
0.49924403
0.49924457
0.49924487
0.49924487
0.4992445
0.49924523
0.499245
0.499245
0.49924523
0.49924505
0.49924493
0.49924493
0.49924487
0.4992453
0.49924475
0.49924487
0.49924505
0.49924487
0.4992451
0.499245
0.49924523
0.49924523
0.49924487
0.4992451
0.49924487
0.49924523
0.4992451
0.499245
0.4992451
0.49924535
0.4992448
0.49924505
0.4992447
0.4992442
0.49924392
0.49924445
0.49924517
0.4992454
0.49924517
0.4992445
0.49924487
0.4992444
0.49924487
0.4992448
0.499245
0.4992451
0.49924535
0.49924523
0.4992448
0.4992451
0.49924475
0.4992447
0.49924463
0.49924552
0.499245
0.4992453
0.499245
0.49924487
0.4992451
0.49924493
0.4992451
0.499245
0.49924463
0.49924523
0.49924505
0.49924475
0.4992448
0.49924487
0.4992451
0.49924487
0.499245
0.49924523
0.49924487
0.49924487
0.4992451
0.499245
0.49924523
0.499245
0.49924487
0.4992451
0.49924487
0.49924523
0.499245
0.4992454
0.4992454
0.4992454
0.499245
0.49924535
0.49924523
0.49924523
0.499245
0.49924487
0.49924535
0.49924463
0.49924523
0.49924475
0.49924517
0.4992448
0.49924558
0.49924535
0.4992454
0.4992427
0.49924523
0.49924487
0.4992453
0.4992445
0.49924535
0.4992448
0.4992451
0.49924505
0.49924523
0.49924535
0.499245
0.4992451
0.49924487
0.49924523
0.4992451
0.49924493
0.4992453
0.49924517
0.49924523
0.49924493
0.49924523
0.4992453
0.4992445
0.499245
0.49924493
0.49924558
0.499245
0.49924493
0.49924523
0.499245
0.49924523
0.4992451
0.49924523
0.4992451
0.499245
0.49924487
0.49924487
0.49924523
0.4992451
0.4992451
0.49924535
0.49924463
0.4992451
0.49924523
0.49924487
0.4992448
0.4992453
0.49924517
0.499245
0.49924517
0.4992453
0.49924487
0.499245
0.49924487
0.49924517
0.49924487
0.4992451
0.49924505
0.49924475
0.49924523
0.49924523
0.49924487
0.4992453
0.4992451
0.499245
0.49924535
0.49924535
0.49924558
0.49924487
0.49924535
0.49924475
0.49924517
0.49924475
0.4992448
0.49924523
0.499245
0.49924487
0.49924523
0.4992451
0.49924523
0.49924475
0.49924505
0.4992451
0.4992451
0.49924487
0.4992445
0.49924523
0.4992451
0.49924535
0.4992454
0.49924463
0.49924493
0.499245
0.49924475
0.49924487
0.49924475
0.49924493
0.49924457
0.49924523
0.49924505
0.499245
0.49924523
0.4992451
0.49924487
0.49924475
0.4992451
0.499245
0.49924487
0.49924475
0.49924487
0.49924523
0.49924487
0.49924546
0.4992451
0.4992451
0.49924475
0.49924487
0.499245
0.499245
0.49924523
0.49924487
0.4992453
0.49924535
0.49924505
0.49924505
0.49924487
0.499245
0.4992451
0.4992448
0.49924487
0.49924535
0.49924523
0.4992448
0.49924523
0.4992447
0.49924523
0.4992445
0.499245
0.4992451
0.499245
0.4992448
0.49924487
0.4992451
0.49924523
0.49924463
0.49924493
0.4992454
0.49924517
0.49924487
0.4992451
0.49924523
0.49924475
0.49924427
0.49924392
0.4992451
0.49924493
0.4992451
0.49924535
0.49924475
0.4992448
0.4992451
0.4992448
0.49924487
0.4992447
0.49924487
0.49924546
0.49924523
0.499245
0.49924546
0.499245
0.49924487
0.4992451
0.4992453
0.49924463
0.4992453
0.49924493
0.49924487
0.4992451
0.499245
0.4992451
0.49924505
0.49924487
0.4992451
0.4992453
0.49924523
0.49924463
0.49924523
0.49924475
0.49924517
0.4992454
0.49924505
0.499245
0.49924368
0.4992451
0.49924517
0.49924463
0.49924475
0.49924463
0.4992453
0.49924523
0.499245
0.49924517
0.4992451
0.49924487
0.49924487
0.49924463
0.49924487
0.4992451
0.4992451
0.49924523
0.49924535
0.49924546
0.499245
0.49924487
0.4992451
0.499245
0.49924517
0.4992451
0.49924535
0.4992451
0.49924535
0.4992444
0.4992451
0.499245
0.49924523
0.49924487
0.49924487
0.4992451
0.4992451
0.49924523
0.49924552
0.4992448
0.49924523
0.49924505
0.499245
0.499245
0.499245
0.49924487
0.4992453
0.49924487
0.49924487
0.499245
0.49924475
0.49924523
0.49924433
0.4992447
0.49924523
0.49924487
0.49924523
0.49924517
0.4992448
0.49924523
0.4992451
0.49924493
0.499245
0.4992453
0.4992448
0.49924463
0.4992451
0.4992451
0.499245
0.499245
0.4992451
0.4992451
0.49924487
0.49924463
0.4992451
0.4992451
0.49924493
0.49924523
0.49924475
0.49924523
0.4992453
0.49924517
0.49924475
0.49924487
0.49924535
0.499245
0.49924487
0.4992451
0.49924535
0.4992451
0.49924487
0.499245
0.499245
0.4992453
0.49924523
0.49924487
0.4992451
0.49924475
0.49924517
0.499245
0.4992451
0.49924535
0.49924493
0.4992451
0.49924487
0.49924523
0.4992447
0.499245
0.49924493
0.49924535
0.499245
0.49924505
0.49924505
0.49924523
0.49924475
0.4992451
0.49924564
0.49924487
0.49924487
0.4992451
0.4992453
0.49924517
0.49924475
0.499245
0.4992451
0.4992451
0.49924487
0.4992448
0.4992451
0.49924523
0.49924475
0.499245
0.4992448
0.4992447
0.49924475
0.49924487
0.4992453
0.499245
0.49924523
0.49924386
0.4992451
0.49924552
0.49924487
0.4992447
0.4992451
0.4992451
0.49924493
0.49924523
0.4992451
0.4992445
0.4992451
0.4992451
0.49924505
0.49924517
0.4992444
0.499245
0.4992448
0.49924493
0.499245
0.49924487
0.49924493
0.4992451
0.4992451
0.4992451
0.49924487
0.49924523
0.49924487
0.49924493
0.499245
0.49924493
0.49924582
0.49924487
0.4992451
0.49924487
0.4992445
0.49924487
0.4992454
0.49924487
0.49924487
0.499245
0.499245
0.4992447
0.49924523
0.499245
0.4992448
0.49924487
0.49924457
0.499245
0.49924505
0.499245
0.49924523
0.49924523
0.49924487
0.49924535
0.49924517
0.499245
0.49924535
0.49924523
0.49924523
0.49924487
0.49924523
0.49924463
0.49924517
0.4992451
0.49924493
0.49924493
0.49924517
0.49924535
0.49924487
0.49924487
0.49924487
0.49924487
0.4992451
0.49924487
0.4992451
0.4992451
0.49924523
0.499245
0.4992451
0.499245
0.49924505
0.49924487
0.4992451
0.49924505
0.4992451
0.49924487
0.49924463
0.49924463
0.499245
0.4992448
0.499245
0.499245
0.4992445
0.4992451
0.4992453
0.49924523
0.49924523
0.49924475
0.4992448
0.499245
0.4992451
0.49924487
0.4992453
0.4992451
0.499245
0.4992451
0.4992448
0.49924487
0.4992451
0.499245
0.49924523
0.4992448
0.4992451
0.4992451
0.49924487
0.49924457
0.499245
0.49924523
0.4992445
0.49924487
0.49924517
0.49924636
0.49924487
0.4992451
0.49924493
0.49924487
0.49924505
0.49924535
0.49924493
0.49924487
0.49924487
0.49924523
0.499245
0.4992447
0.49924523
0.4992451
0.49924523
0.49924475
0.49924523
0.4992451
0.49924523
0.499245
0.4992451
0.49924505
0.49924505
0.49924487
0.49924505
0.49924487
0.49924475
0.499245
0.49924493
0.4992445
0.4992448
0.499245
0.49924523
0.49924517
0.4992451
0.49924475
0.4992451
0.49924463
0.499245
0.49924523
0.49924523
0.49924427
0.49924523
0.4992442
0.4992447
0.4992451
0.49924523
0.4992447
0.49924535
0.4992451
0.49924475
0.4992453
0.49924463
0.49924523
0.49924487
0.499246
0.4992448
0.49924523
0.49924493
0.49924546
0.49924517
0.49924523
0.4992451
0.499245
0.49924505
0.49924487
0.49924535
0.49924546
0.49924493
0.4992451
0.49924475
0.499245
0.499245
0.49924493
0.49924475
0.49924523
0.499245
0.49924523
0.49924517
0.49924505
0.4992451
0.4992451
0.49924403
0.49924535
0.499245
0.4992448
0.49924487
0.49924523
0.49924487
0.49924475
0.4992448
0.49924517
0.499245
0.4992451
0.49924427
0.49924487
0.49924517
0.49924517
0.499245
0.4992447
0.4992448
0.49924523
0.4992451
0.49924487
0.499245
0.49924457
0.49924523
0.4992451
0.49924523
0.499245
0.49924487
0.49924493
0.49924535
0.4992451
0.499245
0.49924487
0.49924523
0.49924463
0.49924523
0.4992451
0.49924523
0.49924475
0.49924505
0.49924487
0.49924487
0.49924546
0.49924386
0.4992451
0.499245
0.4992451
0.4992448
0.499245
0.49924487
0.49924475
0.4992451
0.49924493
0.49924564
0.49924463
0.49924487
0.49924523
0.4992451
0.49924785
0.49924535
0.4992451
0.49924523
0.499245
0.499245
0.4992451
0.4992441
0.49924505
0.49924523
0.49924475
0.49924523
0.49924392
0.499245
0.49924493
0.49924546
0.49924517
0.4992451
0.4992451
0.49924505
0.4992451
0.49924505
0.4992447
0.49924505
0.49924487
0.49924463
0.4992448
0.499245
0.49924487
0.4992448
0.4992451
0.4992451
0.499245
0.49924523
0.499245
0.4992451
0.4992448
0.49924523
0.49924517
0.4992451
0.49924457
0.49924493
0.49924493
0.49924523
0.4992451
0.499245
0.49924487
0.49924505
0.49924523
0.49924535
0.49924505
0.49924493
0.49924487
0.4992453
0.49924487
0.499245
0.499245
0.49924475
0.499245
0.499245
0.4992451
0.49924493
0.49924475
0.4992451
0.49924427
0.49924523
0.4992451
0.49924558
0.49924523
0.499245
0.4992453
0.499245
0.49924523
0.49924487
0.49924517
0.4992448
0.49924517
0.49924517
0.49924493
0.4992451
0.4992451
0.49924487
0.49924457
0.4992451
0.49924463
0.49924487
0.4992451
0.49924517
0.49924505
0.49924475
0.49924594
0.4992451
0.49924523
0.49924505
0.4992451
0.49924487
0.4992451
0.49924546
0.499245
0.4992451
0.49924523
0.4992451
0.49924523
0.49924493
0.49924558
0.4992451
0.499245
0.49924505
0.49924558
0.49924487
0.499245
0.49924523
0.49924523
0.499245
0.4992451
0.49924493
0.49924487
0.49924457
0.4992445
0.4992453
0.49924463
0.4992445
0.49924487
0.49924463
0.4992453
0.49924546
0.4992444
0.49924523
0.49924505
0.4992451
0.49924523
0.49924493
0.499245
0.499245
0.49924505
0.49924523
0.499245
0.499245
0.4992448
0.49924487
0.49924487
0.499245
0.49924433
0.49924505
0.499245
0.49924505
0.49924475
0.4992448
0.499245
0.49924535
0.499245
0.499245
0.4992453
0.4992445
0.49924487
0.49924487
0.49924535
0.49924457
0.49924517
0.49924487
0.49924523
0.49924546
0.49924475
0.49924493
0.49924505
0.49924493
0.49924487
0.49924523
0.49924475
0.499245
0.49924535
0.49924523
0.4992445
0.49924523
0.49924517
0.49924475
0.4992451
0.49924493
0.49924463
0.4992447
0.49924523
0.4992451
0.49924487
0.4992453
0.49924546
0.49924487
0.4992444
0.49924487
0.49924487
0.4992453
0.4992451
0.499245
0.49924463
0.49924427
0.49924487
0.4992451
0.49924487
0.49924517
0.49924523
0.49924487
0.49924517
0.499245
0.49924427
0.4992448
0.49924475
0.49924475
0.4992451
0.49924523
0.49924475
0.49924397
0.49924487
0.49924457
0.49924487
0.499245
0.499245
0.49924487
0.499245
0.49924487
0.4992445
0.49924463
0.4992451
0.49924457
0.49924505
0.49924487
0.4992451
0.499245
0.4992451
0.49924523
0.49924523
0.499245
0.499245
0.49924523
0.49924523
0.499245
0.4992451
0.49924523
0.49924523
0.49924415
0.49924523
0.49924487
0.49924505
0.49924475
0.49924535
0.49924475
0.49924505
0.49924535
0.49924487
0.499245
0.499245
0.49924487
0.49924523
0.4992453
0.49924475
0.499245
0.499245
0.49924493
0.499245
0.4992447
0.49924493
0.4992451
0.49924487
0.49924487
0.49924275
0.4992447
0.49924523
0.4992451
0.49924523
0.4992451
0.49924546
0.49924523
0.4992448
0.4992451
0.4992451
0.49924463
0.4992444
0.49924517
0.4992451
0.4992451
0.49924546
0.49924535
0.499245
0.49924535
0.49924475
0.49924475
0.4992451
0.49924475
0.4992451
0.49924463
0.49924505
0.49924487
0.49924487
0.49924505
0.49924535
0.49924505
0.4992448
0.49924523
0.49924493
0.499245
0.499245
0.49924475
0.49924487
0.49924415
0.49924487
0.49924487
0.49924487
0.49924505
0.49924546
0.49924523
0.499245
0.4992447
0.49924487
0.4992451
0.49924487
0.4992448
0.49924523
0.49924523
0.4992448
0.499245
0.49924463
0.4992448
0.49924475
0.499245
0.49924487
0.499245
0.49924523
0.49924487
0.49924475
0.49924487
0.49924475
0.4992444
0.4992451
0.49924487
0.49924523
0.49924535
0.4992451
0.49924487
0.4992453
0.49924517
0.4992453
0.49924517
0.49924523
0.49924523
0.499245
0.49924535
0.499245
0.4992453
0.49924546
0.49924493
0.4992453
0.499245
0.49924475
0.49924523
0.49924457
0.49924558
0.499245
0.4992448
0.49924487
0.49924523
0.4992451
0.49924517
0.49924487
0.499245
0.4992453
0.49924493
0.49924523
0.4992448
0.4992445
0.49924523
0.49924475
0.49924546
0.4992451
0.49924493
0.49924523
0.49924535
0.4992451
0.499245
0.49924463
0.4992451
0.49924535
0.49924523
0.49924535
0.4992451
0.4992451
0.4992451
0.49924487
0.49924523
0.4992454
0.4992451
0.4992451
0.49924487
0.4992451
0.499245
0.499245
0.49924487
0.4992445
0.49924475
0.499245
0.49924487
0.49924517
0.49924505
0.49924475
0.49924535
0.49924463
0.49924517
0.499245
0.49924517
0.49924523
0.49924523
0.49924505
0.49924535
0.49924523
0.4992451
0.4992444
0.499245
0.49924523
0.49924457
0.499245
0.4992451
0.49924505
0.4992451
0.49924517
0.49924505
0.49924487
0.49924523
0.49924517
0.4992451
0.4992451
0.49924546
0.49924493
0.49924523
0.49924523
0.4992453
0.4992451
0.49924487
0.4992451
0.49924523
0.499245
0.49924487
0.49924463
0.49924487
0.49924493
0.499245
0.4992447
0.4992451
0.4992451
0.4992444
0.49924517
0.49924475
0.49924517
0.4992451
0.49924523
0.499245
0.49924487
0.49924517
0.4992444
0.4992451
0.4992451
0.49924535
0.499245
0.49924475
0.499245
0.49924487
0.499245
0.49924523
0.4992444
0.499245
0.4992447
0.4992451
0.49924535
0.49924523
0.4992451
0.4992444
0.499245
0.49924487
0.4992451
0.49924487
0.49924523
0.4992451
0.4992451
0.49924505
0.4992451
0.4992451
0.49924523
0.49924487
0.49924463
0.49924487
0.49924517
0.49924517
0.49924505
0.49924517
0.499245
0.49924564
0.49924564
0.49924558
0.49924487
0.4992448
0.4992454
0.49924517
0.4992451
0.49924487
0.49924475
0.49924505
0.49924505
0.499245
0.49924457
0.49924487
0.49924463
0.49924487
0.4992448
0.4992453
0.49924523
0.49924517
0.49924487
0.49924475
0.49924487
0.4992451
0.4992451
0.499245
0.4992448
0.49924535
0.49924576
0.499245
0.4992447
0.499245
0.49924475
0.4992451
0.49924463
0.4992451
0.4992445
0.499245
0.49924535
0.49924487
0.49924463
0.49924523
0.49924546
0.49924427
0.49924552
0.49924487
0.499245
0.4992445
0.4992444
0.4992454
0.49924493
0.4992454
0.49924457
0.499245
0.49924505
0.49924517
0.49924475
0.4992451
0.4992451
0.4992451
0.49924487
0.49924523
0.4992451
0.49924457
0.49924523
0.49924535
0.49924546
0.499245
0.49924535
0.4992451
0.4992451
0.4992451
0.4992451
0.4992451
0.4992451
0.4992448
0.499245
0.4992453
0.49924475
0.4992451
0.49924505
0.4992451
0.499245
0.499245
0.49924463
0.4992451
0.4992448
0.49924487
0.4992447
0.49924505
0.49924493
0.49924493
0.4992451
0.49924505
0.49924493
0.49924505
0.49924493
0.4992453
0.4992451
0.49924535
0.49924523
0.4992448
0.49924523
0.49924594
0.49924535
0.4992448
0.49924523
0.49924505
0.4992451
0.499245
0.49924475
0.4992451
0.49924523
0.49924523
0.49924523
0.49924523
0.49924463
0.49924493
0.49924552
0.499245
0.49924523
0.4992445
0.49924487
0.49924487
0.49924558
0.49924523
0.49924463
0.49924493
0.49924487
0.49924505
0.49924523
0.49924475
0.49924487
0.49924535
0.499245
0.49924487
0.49924487
0.49924612
0.49924523
0.49924523
0.49924523
0.49924523
0.49924505
0.49924475
0.4992451
0.499245
0.49924523
0.4992451
0.4992451
0.49924493
0.49924487
0.4992448
0.49924463
0.49924505
0.49924487
0.49924523
0.49924523
0.4992451
0.49924475
0.499245
0.49924535
0.49924487
0.49924487
0.49924493
0.4992444
0.4992451
0.4992448
0.4992451
0.49924523
0.49924546
0.49924523
0.49924493
0.4992448
0.49924564
0.4992448
0.49924463
0.49924475
0.499245
0.4992451
0.49924523
0.4992451
0.49924523
0.49924487
0.49924558
0.49924546
0.49924487
0.4992445
0.49924535
0.49924487
0.4992454
0.49924493
0.49924475
0.4992451
0.4992451
0.49924457
0.49924535
0.49924493
0.49924487
0.499245
0.49924546
0.499245
0.4992444
0.49924523
0.4992448
0.49924487
0.49924445
0.4992448
0.4992453
0.4992447
0.4992447
0.4992451
0.499245
0.4992448
0.49924493
0.49924487
0.499245
0.49924535
0.499245
0.49924475
0.49924523
0.49924487
0.49924523
0.4992451
0.499245
0.4992451
0.49924535
0.49924523
0.49924523
0.49924523
0.4992454
0.499245
0.4992451
0.49924487
0.4992451
0.49924517
0.49924493
0.49924463
0.49924517
0.49924487
0.4992447
0.49924535
0.49924505
0.4992451
0.49924433
0.49924523
0.49924505
0.49924427
0.49924582
0.4992453
0.49924648
0.49924487
0.4992451
0.49924487
0.49924475
0.4992451
0.49924523
0.49924505
0.4992451
0.4992451
0.4992448
0.49924535
0.499245
0.49924475
0.49924546
0.49924546
0.49924487
0.499245
0.49924403
0.49924475
0.499245
0.49924493
0.49924517
0.49924523
0.49924493
0.4992453
0.49924523
0.49924517
0.499245
0.499246
0.49924523
0.49924505
0.4992451
0.499245
0.49924523
0.49924475
0.4992451
0.49924505
0.4992448
0.499245
0.49924475
0.49924487
0.499245
0.4992445
0.4992451
0.49924523
0.4992444
0.49924523
0.49924463
0.49924546
0.49924523
0.4992451
0.499245
0.49924606
0.49924535
0.49924517
0.49924535
0.49924463
0.49924475
0.49924523
0.49924487
0.4992451
0.49924445
0.4992453
0.49924523
0.49924523
0.4992445
0.49924487
0.499245
0.49924523
0.49924523
0.49924564
0.4992451
0.49924535
0.49924517
0.49924463
0.49924445
0.49924505
0.4992451
0.49924487
0.4992451
0.49924475
0.4992451
0.49924517
0.49924505
0.49924535
0.499245
0.49924475
0.4992444
0.49924427
0.49924535
0.499245
0.49924517
0.499245
0.499245
0.49924517
0.4992451
0.499245
0.49924523
0.49924475
0.49924463
0.49924475
0.49924487
0.49924392
0.499245
0.4992451
0.49924523
0.49924535
0.4992457
0.4992453
0.499245
0.499245
0.49924546
0.4992451
0.49924487
0.4992451
0.499245
0.49924523
0.49924523
0.49924487
0.4992451
0.4992451
0.49924505
0.49924487
0.499245
0.4992445
0.4992448
0.49924493
0.49924523
0.499245
0.4992451
0.499245
0.4992451
0.49924535
0.49924505
0.49924475
0.49924535
0.49924523
0.4992451
0.4992454
0.49924535
0.499245
0.499245
0.499245
0.49924475
0.49924493
0.49924523
0.4992444
0.4992448
0.49924523
0.499245
0.4992451
0.49924487
0.49924475
0.49924487
0.49924535
0.49924505
0.4992451
0.49924487
0.4992451
0.4992451
0.499245
0.49924546
0.499245
0.499245
0.49924523
0.499245
0.49924487
0.49924463
0.49924523
0.4992451
0.4992451
0.4992438
0.49924475
0.49924523
0.4992445
0.49924487
0.499245
0.49924487
0.4992451
0.4992451
0.4992451
0.4992453
0.4992451
0.49924487
0.49924523
0.49924493
0.49924487
0.49924546
0.49924523
0.49924523
0.49924523
0.49924427
0.49924487
0.49924505
0.49924523
0.49924535
0.49924487
0.499245
0.4992451
0.49924517
0.49924523
0.49924523
0.49924475
0.49924564
0.49924612
0.499245
0.4992453
0.4992448
0.499245
0.49924505
0.49924487
0.499245
0.4992453
0.4992451
0.4992454
0.4992451
0.49924505
0.49924624
0.4992451
0.49924523
0.4992451
0.49924487
0.4992448
0.49924487
0.49924475
0.4992451
0.4992451
0.4992451
0.49924487
0.499245
0.49924487
0.4992451
0.499245
0.499245
0.49924493
0.4992451
0.4992445
0.499245
0.4992451
0.499245
0.49924475
0.4992454
0.49924505
0.49924475
0.4992448
0.499245
0.499245
0.49924535
0.49924523
0.499245
0.49924505
0.49924493
0.49924493
0.49924505
0.49924505
0.49924475
0.49924493
0.49924487
0.49924463
0.49924523
0.4992448
0.4992447
0.49924576
0.4992445
0.49924624
0.4992445
0.49924523
0.49924487
0.499245
0.49924523
0.49924523
0.49924535
0.49924523
0.499245
0.499245
0.49924493
0.4992448
0.49924535
0.499245
0.49924475
0.49924535
0.49924475
0.49924487
0.49924493
0.49924493
0.4992451
0.49924475
0.49924487
0.49924523
0.49924523
0.4992451
0.49924535
0.499245
0.49924505
0.49924463
0.4992451
0.49924493
0.4992451
0.49924463
0.49924523
0.4992445
0.499245
0.4992447
0.49924475
0.499245
0.49924523
0.49924523
0.49924475
0.49924493
0.49924487
0.49924487
0.499245
0.49924493
0.49924523
0.4992453
0.4992448
0.4992445
0.49924463
0.49924475
0.49924463
0.49924493
0.49924475
0.49924523
0.49924493
0.49924523
0.499245
0.49924523
0.49924535
0.49924493
0.4992445
0.4992451
0.499245
0.4992451
0.49924487
0.49924487
0.49924487
0.499245
0.4992454
0.49924487
0.4992445
0.49924517
0.4992451
0.4992451
0.4992451
0.49924535
0.49924487
0.49924523
0.49924523
0.499245
0.4992451
0.49924487
0.49924475
0.49924487
0.4992453
0.49924535
0.4992451
0.49924475
0.49924517
0.499245
0.49924535
0.4992451
0.49924517
0.49924493
0.49924487
0.49924487
0.4992444
0.4992451
0.499245
0.49924546
0.49924487
0.4992451
0.49924487
0.499245
0.4992451
0.49924445
0.49924487
0.4992451
0.49924487
0.49924523
0.4992448
0.4992451
0.4992451
0.49924517
0.49924487
0.49924505
0.49924558
0.49924523
0.49924487
0.4992451
0.49924523
0.49924487
0.4992451
0.49924433
0.49924517
0.4992448
0.4992451
0.49924517
0.4992451
0.49924517
0.49924517
0.4992451
0.49924517
0.49924523
0.49924535
0.49924523
0.49924487
0.49924523
0.49924523
0.4992451
0.49924505
0.4992447
0.49924523
0.49924463
0.49924546
0.49924505
0.49924523
0.49924487
0.4992453
0.49924535
0.49924517
0.4992451
0.49924523
0.49924457
0.49924523
0.49924487
0.499245
0.4992451
0.49924487
0.49924523
0.499245
0.49924505
0.49924505
0.49924403
0.4992451
0.49924523
0.49924475
0.4992448
0.49924535
0.499246
0.49924487
0.49924487
0.499245
0.4992453
0.49924517
0.49924523
0.49924523
0.49924475
0.4992453
0.49924517
0.4992453
0.49924475
0.49924505
0.49924487
0.49924546
0.49924517
0.4992453
0.4992451
0.49924463
0.4992451
0.49924523
0.49924487
0.4992453
0.49924487
0.4992453
0.4992451
0.49924523
0.499245
0.49924523
0.49924487
0.49924487
0.49924493
0.49924523
0.49924475
0.49924505
0.49924487
0.49924523
0.4992448
0.49924517
0.49924523
0.49924487
0.49924475
0.49924493
0.49924523
0.4992451
0.49924535
0.49924523
0.49924475
0.49924558
0.4992451
0.49924487
0.499245
0.49924523
0.49924493
0.4992453
0.49924493
0.499245
0.49924475
0.49924517
0.49924523
0.49924475
0.499245
0.49924487
0.4992447
0.499245
0.499245
0.49924475
0.49924523
0.4992451
0.49924475
0.4992451
0.49924517
0.49924487
0.499245
0.4992451
0.49924487
0.49924523
0.4992451
0.499245
0.49924487
0.49924445
0.49924487
0.4992451
0.499245
0.499245
0.49924487
0.4992451
0.49924475
0.49924523
0.4992451
0.4992451
0.4992451
0.49924505
0.49924487
0.49924487
0.4992451
0.49924535
0.4992451
0.49924523
0.4992448
0.49924505
0.49924487
0.4992451
0.4992451
0.49924505
0.49924487
0.49924475
0.49924463
0.49924493
0.4992451
0.4992445
0.4992451
0.499245
0.4992447
0.49924517
0.49924523
0.4992448
0.4992451
0.4992448
0.49924487
0.4992454
0.4992451
0.499245
0.49924505
0.499245
0.49924433
0.49924463
0.49924523
0.49924523
0.49924552
0.4992448
0.49924487
0.499245
0.49924487
0.4992451
0.49924517
0.499245
0.4992451
0.49924517
0.4992451
0.49924487
0.499245
0.49924487
0.4992448
0.49924523
0.49924546
0.49924463
0.499245
0.4992451
0.499245
0.499245
0.49924493
0.499245
0.4992451
0.49924463
0.4992451
0.49924546
0.49924523
0.49924546
0.4992451
0.49924475
0.49924487
0.49924487
0.499245
0.49924546
0.499245
0.49924475
0.499245
0.499245
0.49924523
0.4992451
0.49924463
0.4992453
0.4992453
0.49924493
0.49924493
0.4992451
0.49924523
0.49924558
0.49924487
0.499245
0.49924505
0.499245
0.49924505
0.49924523
0.49924535
0.49924523
0.49924564
0.49924523
0.49924493
0.4992448
0.4992451
0.49924475
0.49924493
0.4992451
0.4992453
0.499245
0.49924535
0.49924487
0.499245
0.49924493
0.499245
0.49924475
0.499245
0.49924487
0.49924475
0.49924505
0.49924487
0.49924475
0.499245
0.499245
0.4992445
0.49924487
0.49924523
0.4992445
0.4992438
0.4992451
0.49924564
0.49924523
0.49924517
0.49924487
0.499245
0.49924493
0.49924546
0.49924505
0.499245
0.49924523
0.49924523
0.49924505
0.49924493
0.4992451
0.4992451
0.49924493
0.49924493
0.49924493
0.49924487
0.499245
0.49924523
0.49924523
0.499245
0.49924487
0.4992448
0.49924457
0.49924493
0.49924386
0.4992451
0.49924487
0.4992451
0.49924445
0.4992447
0.499245
0.49924487
0.49924487
0.49924546
0.499245
0.4992451
0.49924523
0.499245
0.4992451
0.49924517
0.49924523
0.49924132
0.49924487
0.4992454
0.49924523
0.4992451
0.4992463
0.49924517
0.49924523
0.49924487
0.4992451
0.4992453
0.49924523
0.499245
0.4992447
0.49924493
0.499245
0.49924535
0.49924463
0.49924505
0.49924487
0.49924523
0.49924493
0.49924523
0.49924523
0.49924475
0.49924517
0.49924523
0.4992451
0.4992444
0.49924487
0.4992448
0.4992445
0.4992454
0.49924523
0.49924523
0.49924558
0.49924493
0.4992451
0.49924517
0.499245
0.499245
0.4992447
0.4992451
0.49924535
0.49924475
0.49924475
0.4992451
0.49924487
0.49924546
0.49924487
0.499245
0.49924523
0.4992451
0.49924475
0.4992451
0.4992451
0.499245
0.4992451
0.49924523
0.49924517
0.49924582
0.499245
0.4992447
0.49924475
0.4992453
0.499245
0.499245
0.4992448
0.49924517
0.49924487
0.4992448
0.4992448
0.4992453
0.49924493
0.4992444
0.499245
0.49924517
0.49924523
0.499245
0.49924487
0.499245
0.49924558
0.4992445
0.4992453
0.49924558
0.4992451
0.49924487
0.49924517
0.49924487
0.499245
0.49924523
0.49924546
0.4992451
0.499245
0.49924546
0.49924535
0.49924523
0.49924493
0.4992454
0.49924487
0.4992444
0.4992445
0.499245
0.49924475
0.499245
0.49924487
0.49924475
0.499245
0.49924487
0.499245
0.4992451
0.49924487
0.49924493
0.49924487
0.49924546
0.49924505
0.4992445
0.49924523
0.4992448
0.49924523
0.4992447
0.499245
0.4992447
0.4992451
0.4992447
0.499245
0.4992451
0.49924493
0.49924487
0.49924523
0.49924475
0.49924493
0.49924535
0.4992448
0.49924523
0.499245
0.4992445
0.49924517
0.4992451
0.49924523
0.49924505
0.49924546
0.49924535
0.49924475
0.49924487
0.49924505
0.4992451
0.49924475
0.49924505
0.4992451
0.499245
0.49924475
0.49924415
0.49924475
0.49924463
0.49924475
0.499245
0.49924475
0.499245
0.49924535
0.4992445
0.49924487
0.4992453
0.4992442
0.49924517
0.499245
0.499245
0.499245
0.499245
0.4992453
0.49924487
0.49924493
0.4992451
0.4992451
0.4992445
0.49924487
0.49924487
0.49924517
0.49924505
0.49924475
0.499245
0.49924493
0.4992447
0.49924487
0.49924505
0.499245
0.49924493
0.4992453
0.49924523
0.4992451
0.49924505
0.499245
0.4992453
0.4992454
0.49924517
0.499245
0.4992451
0.49924487
0.4992454
0.49924523
0.499245
0.49924463
0.4992451
0.4992451
0.49924475
0.49924505
0.4992447
0.499245
0.4992451
0.49924463
0.49924457
0.49924535
0.49924523
0.49924487
0.49924475
0.4992451
0.49924487
0.49924505
0.4992451
0.49924523
0.49924505
0.499245
0.499245
0.4992453
0.4992453
0.49924552
0.49924523
0.4992451
0.49924493
0.4992451
0.49924546
0.49924487
0.49924493
0.49924487
0.49924487
0.49924487
0.4992447
0.499245
0.4992451
0.49924493
0.499245
0.4992451
0.49924487
0.49924487
0.4992451
0.49924523
0.49924535
0.49924487
0.49924415
0.4992454
0.49924475
0.499245
0.49924517
0.4992453
0.4992451
0.49924415
0.499245
0.49924523
0.49924487
0.4992451
0.49924523
0.49924523
0.49924487
0.499245
0.49924505
0.49924487
0.4992451
0.4992451
0.49924505
0.4992445
0.4992448
0.4992451
0.49924505
0.4992451
0.4992451
0.49924475
0.49924505
0.49924523
0.49924475
0.49924523
0.49924487
0.4992451
0.49924487
0.4992451
0.4992451
0.4992451
0.49924487
0.4992451
0.4992451
0.49924505
0.4992445
0.49924493
0.4992447
0.49924463
0.4992451
0.49924517
0.49924487
0.4992451
0.4992451
0.4992448
0.49924517
0.4992447
0.4992451
0.49924546
0.4992448
0.4992447
0.49924463
0.49924487
0.499245
0.49924475
0.49924487
0.49924523
0.49924493
0.49924475
0.4992445
0.49924523
0.499245
0.49924523
0.499245
0.49924493
0.49924523
0.49924487
0.49924523
0.49924535
0.49924594
0.4992451
0.49924475
0.499245
0.499245
0.49924523
0.49924535
0.49924475
0.49924487
0.49924487
0.4992448
0.4992451
0.4992445
0.499245
0.49924517
0.49924475
0.49924535
0.49924558
0.49924523
0.49924552
0.49924493
0.4992451
0.49924558
0.4992448
0.4992448
0.49924463
0.49924463
0.49924463
0.49924463
0.49924487
0.49924523
0.499245
0.49924505
0.49924487
0.499246
0.49924576
0.49924475
0.49924475
0.49924517
0.499245
0.499245
0.49924475
0.499245
0.4992451
0.4992445
0.4992451
0.49924493
0.4992451
0.49924475
0.49924475
0.499245
0.4992453
0.4992451
0.4992451
0.49924493
0.49924487
0.49924517
0.49924326
0.49924463
0.4992451
0.499245
0.4992448
0.49924523
0.49924523
0.49924535
0.499245
0.4992451
0.4992451
0.49924517
0.49924535
0.499245
0.49924463
0.49924558
0.4992451
0.499245
0.49924487
0.49924463
0.499245
0.49924475
0.499245
0.49924523
0.49924654
0.49924523
0.4992444
0.49924493
0.4992448
0.4992451
0.49924558
0.4992421
0.4992453
0.4992448
0.4992453
0.49924517
0.49924487
0.49924487
0.4992453
0.49924523
0.49924505
0.499245
0.49924487
0.49924505
0.49924505
0.49924427
0.49924475
0.4992451
0.499245
0.4992451
0.4992451
0.49924475
0.49924493
0.49924523
0.49924523
0.499245
0.49924487
0.49924475
0.49924457
0.49924487
0.49924523
0.4992451
0.49924523
0.49924493
0.499245
0.49924493
0.4992451
0.4992453
0.4992451
0.49924552
0.4992448
0.49924403
0.49924475
0.49924517
0.49924493
0.49924493
0.4992451
0.499245
0.49924523
0.49924523
0.4992451
0.49924487
0.49924523
0.499245
0.49924535
0.499245
0.49924523
0.4992451
0.49924463
0.4992451
0.4992448
0.499245
0.4992448
0.499245
0.4992447
0.4992451
0.49924523
0.49924523
0.499245
0.499245
0.49924463
0.4992453
0.49924523
0.49924487
0.4992444
0.49924475
0.4992451
0.4992451
0.4992451
0.49924523
0.4992451
0.49924493
0.4992451
0.49924332
0.49924487
0.49924487
0.4992445
0.49924535
0.49924487
0.49924523
0.499245
0.49924588
0.4992451
0.49924523
0.49924523
0.49924493
0.49924523
0.49924487
0.49924463
0.499245
0.49924493
0.4992451
0.49924493
0.499245
0.499245
0.49924487
0.49924463
0.4992451
0.49924487
0.4992444
0.49924505
0.49924535
0.4992451
0.499245
0.499245
0.49924487
0.4992451
0.499245
0.4992451
0.49924505
0.49924475
0.4992448
0.49924475
0.4992448
0.49924546
0.49924487
0.49924505
0.49924487
0.49924487
0.49924487
0.4992451
0.49924463
0.49924517
0.4992453
0.49924445
0.49924523
0.49924505
0.49924523
0.499245
0.4992448
0.49924523
0.499245
0.4992448
0.49924535
0.499245
0.49924487
0.49924493
0.49924505
0.4992451
0.49924487
0.49924523
0.499245
0.49924535
0.49924457
0.49924487
0.4992448
0.49924475
0.49924487
0.499245
0.4992421
0.499245
0.4992451
0.499245
0.49924493
0.49924475
0.49924475
0.499245
0.49924535
0.49924535
0.499245
0.49924463
0.49924463
0.4992451
0.499245
0.4992451
0.49924475
0.49924517
0.49924487
0.49924523
0.49924517
0.4992451
0.49924475
0.4992451
0.49924493
0.49924523
0.49924487
0.49924505
0.49924517
0.49924463
0.4992451
0.499245
0.49924487
0.499245
0.49924493
0.49924475
0.49924523
0.499245
0.49924535
0.499245
0.49924487
0.4992451
0.499245
0.49924487
0.499245
0.499245
0.4992453
0.49924523
0.49924517
0.49924487
0.4992454
0.49924403
0.4992442
0.4992448
0.49924582
0.4992451
0.49924523
0.4992451
0.49924505
0.49924546
0.499245
0.49924487
0.49924523
0.49924493
0.49924487
0.4992451
0.4992448
0.4992451
0.49924535
0.49924487
0.49924487
0.49924386
0.49924523
0.499245
0.4992445
0.49924475
0.49924523
0.49924517
0.499245
0.499245
0.4992451
0.49924487
0.499245
0.499245
0.49924546
0.49924535
0.4992451
0.49924523
0.4992457
0.4992451
0.49924505
0.49924517
0.49924523
0.49924487
0.49924505
0.49924535
0.4992447
0.49924475
0.49924517
0.49924433
0.499245
0.49924523
0.49924487
0.4992447
0.49924487
0.4992448
0.4992451
0.4992451
0.4992451
0.4992445
0.4992451
0.499245
0.499245
0.4992448
0.49924517
0.499245
0.49924523
0.49924475
0.49924487
0.4992451
0.499245
0.4992451
0.49924523
0.499245
0.49924517
0.499245
0.4992451
0.4992451
0.49924457
0.4992451
0.49924487
0.49924475
0.499245
0.4992451
0.49924535
0.49924475
0.49924487
0.49924624
0.49924487
0.4992445
0.49924475
0.49924535
0.4992451
0.49924523
0.49924487
0.49924487
0.49924487
0.49924487
0.4992451
0.49924487
0.4992451
0.4992451
0.4992453
0.49924427
0.49924523
0.49924487
0.49924517
0.49924523
0.49924487
0.49924523
0.4992445
0.49924523
0.49924475
0.49924523
0.49924505
0.49924505
0.4992444
0.49924505
0.49924552
0.49924475
0.49924558
0.49924228
0.49924487
0.4992451
0.49924505
0.49924475
0.49924487
0.499245
0.49924457
0.49924523
0.4992451
0.4992448
0.499245
0.49924493
0.499245
0.49924326
0.49924487
0.49924493
0.4992451
0.49924493
0.49924523
0.499245
0.499245
0.49924523
0.49924487
0.49924523
0.49924666
0.4992451
0.4992448
0.4992451
0.4992454
0.4992451
0.499245
0.4992444
0.4992448
0.4992451
0.49924445
0.49924523
0.49924475
0.49924517
0.49924535
0.49924475
0.49924463
0.4992451
0.49924487
0.4992451
0.49924487
0.49924505
0.499245
0.49924517
0.4992448
0.49924475
0.49924505
0.49924523
0.499245
0.49924487
0.49924535
0.4992451
0.49924535
0.4992451
0.499245
0.49924487
0.4992447
0.49924517
0.4992451
0.499245
0.49924493
0.49924475
0.49924523
0.49924517
0.49924523
0.4992451
0.4992448
0.4992451
0.49924546
0.49924523
0.4992451
0.49924517
0.49924487
0.49924517
0.49924487
0.499245
0.49924493
0.49924546
0.4992451
0.4992448
0.49924487
0.49924487
0.499245
0.499245
0.499245
0.49924523
0.49924535
0.4992448
0.49924558
0.49924505
0.49924535
0.49924535
0.49924493
0.49924487
0.499245
0.49924523
0.4992447
0.499245
0.4992447
0.49924427
0.499245
0.4992451
0.499245
0.4992451
0.49924487
0.49924463
0.49924487
0.49924487
0.49924517
0.499245
0.499245
0.49924487
0.49924552
0.49924523
0.49924505
0.49924487
0.4992451
0.49924487
0.499245
0.49924523
0.49924535
0.49924505
0.4992451
0.49924487
0.49924487
0.49924487
0.499245
0.49924523
0.4992451
0.49924487
0.4992451
0.4992448
0.499245
0.4992451
0.4992454
0.49924475
0.49924487
0.49924523
0.49924523
0.49924433
0.49924463
0.4992453
0.49924505
0.49924487
0.49924505
0.49924517
0.4992453
0.4992451
0.49924535
0.499245
0.499246
0.4992451
0.4992448
0.49924463
0.4992451
0.49924546
0.499245
0.49924523
0.4992448
0.49924523
0.49924505
0.4992451
0.49924493
0.49924523
0.4992447
0.499245
0.4992451
0.49924493
0.4992451
0.4992451
0.49924493
0.49924493
0.4992451
0.49924457
0.4992451
0.49924475
0.49924487
0.499245
0.49924535
0.49924523
0.49924517
0.4992451
0.4992448
0.4992445
0.499245
0.49924523
0.49924505
0.49924427
0.4992448
0.49924487
0.499245
0.49924523
0.4992451
0.499245
0.499245
0.4992453
0.49924493
0.49924475
0.49924523
0.499245
0.49924475
0.499245
0.499245
0.49924505
0.499245
0.49924523
0.49924535
0.49924463
0.49924463
0.4992453
0.49924523
0.49924523
0.49924493
0.4992453
0.49924392
0.49924505
0.4992451
0.4992448
0.49924535
0.49924535
0.49924535
0.499245
0.4992445
0.4992448
0.49924475
0.49924558
0.49924535
0.49924374
0.49924517
0.49924546
0.49924523
0.4992451
0.49924523
0.499245
0.4992448
0.499245
0.49924546
0.499245
0.4992445
0.49924475
0.49924487
0.499245
0.4992451
0.499245
0.49924463
0.499245
0.49924487
0.49924487
0.499245
0.4992451
0.49924505
0.4992451
0.49924517
0.4992451
0.49924475
0.499245
0.49924475
0.4992451
0.49924487
0.49924564
0.49924475
0.4992451
0.499245
0.499245
0.4992451
0.499245
0.49924475
0.4992451
0.4992451
0.499245
0.49924505
0.49924523
0.49924475
0.4992451
0.49924475
0.499245
0.499245
0.49924487
0.4992451
0.499245
0.49924523
0.49924535
0.49924505
0.49924505
0.499245
0.49924487
0.49924487
0.49924523
0.4992451
0.49924475
0.4992444
0.49924505
0.4992451
0.49924523
0.49924487
0.4992451
0.499245
0.49924487
0.499245
0.4992451
0.49924523
0.49924475
0.49924546
0.49924523
0.4992451
0.49924463
0.49924517
0.49924487
0.4992451
0.49924517
0.4992453
0.49924523
0.49924475
0.49924523
0.49924517
0.4992453
0.49924487
0.49924523
0.49924487
0.49924463
0.4992451
0.4992447
0.49924287
0.4992453
0.4992451
0.49924463
0.49924487
0.49924546
0.49924505
0.49924523
0.499245
0.49924487
0.49924523
0.499245
0.49924523
0.4992448
0.49924523
0.49924487
0.4992451
0.4992447
0.49924463
0.49924463
0.499245
0.49924535
0.4992451
0.499245
0.49924487
0.49924475
0.49924523
0.49924523
0.49924487
0.49924427
0.499245
0.49924487
0.49924517
0.4992451
0.499245
0.49924523
0.4992445
0.4992451
0.49924517
0.49924523
0.4992453
0.49924475
0.49924523
0.49924517
0.499245
0.49924445
0.4992451
0.4992448
0.49924517
0.49924475
0.49924487
0.499245
0.49924546
0.49924505
0.499245
0.49924523
0.49924493
0.49924505
0.49924487
0.49924463
0.4992448
0.499245
0.49924493
0.499245
0.4992451
0.4992451
0.49924487
0.49924487
0.49924415
0.49924546
0.4992447
0.49924523
0.49924493
0.49924475
0.499245
0.49924487
0.4992451
0.49924523
0.49924415
0.4992451
0.49924546
0.49924505
0.4992451
0.49924505
0.4992451
0.49924523
0.4992451
0.49924505
0.49924487
0.49924475
0.49924463
0.4992451
0.49924523
0.49924535
0.499245
0.4992451
0.499245
0.49924535
0.4992451
0.49924475
0.499245
0.49924535
0.49924475
0.49924493
0.49924523
0.49924493
0.4992451
0.499245
0.499245
0.49924487
0.49924523
0.49924487
0.49924564
0.49924523
0.49924546
0.49924487
0.49924475
0.4992451
0.49924505
0.49924487
0.49924523
0.49924493
0.4992448
0.4992448
0.49924517
0.49924535
0.49924493
0.49924487
0.49924535
0.49924475
0.49924487
0.4992451
0.49924523
0.49924535
0.49924517
0.49924523
0.499245
0.49924535
0.49924517
0.49924487
0.49924463
0.49924487
0.4992451
0.49924463
0.4992448
0.49924487
0.499245
0.49924523
0.49924523
0.4992451
0.49924523
0.49924463
0.49924445
0.49924535
0.49924517
0.49924535
0.4992451
0.49924493
0.49924463
0.49924523
0.499245
0.49924493
0.49924523
0.49924475
0.4992451
0.49924523
0.49924487
0.49924523
0.4992453
0.49924433
0.49924505
0.49924594
0.49924415
0.49924505
0.4992451
0.49924517
0.4992451
0.49924523
0.49924505
0.4992451
0.499245
0.49924487
0.49924487
0.4992454
0.4992448
0.499245
0.49924505
0.49924463
0.49924535
0.49924546
0.4992451
0.49924475
0.4992451
0.49924487
0.4992454
0.49924493
0.49924493
0.499245
0.499245
0.49924463
0.49924517
0.499245
0.49924523
0.49924493
0.49924493
0.499245
0.49924493
0.49924517
0.499245
0.4992448
0.49924433
0.49924463
0.49924552
0.4992451
0.49924517
0.49924493
0.4992453
0.49924475
0.49924457
0.49924487
0.4992453
0.49924535
0.4992451
0.49924535
0.49924505
0.49924535
0.4992451
0.49924517
0.4992451
0.499245
0.49924517
0.4992451
0.49924517
0.4992454
0.49924523
0.4992448
0.4992453
0.49924505
0.4992445
0.499245
0.499245
0.49924493
0.499245
0.499245
0.49924517
0.49924535
0.49924523
0.49924558
0.4992451
0.49924523
0.49924517
0.49924505
0.4992451
0.49924493
0.4992451
0.49924535
0.4992451
0.4992453
0.49924463
0.49924487
0.49924475
0.4992451
0.4992448
0.499245
0.49924523
0.4992451
0.49924546
0.49924535
0.4992445
0.4992451
0.49924463
0.499245
0.49924475
0.4992444
0.4992451
0.4992453
0.4992463
0.49924523
0.49924535
0.4992454
0.4992453
0.499245
0.49924487
0.4992453
0.49924535
0.49924523
0.49924487
0.49924487
0.499245
0.49924487
0.49924523
0.49924457
0.49924523
0.49924535
0.499245
0.49924487
0.49924493
0.49924475
0.49924523
0.49924487
0.49924523
0.4992444
0.49924546
0.49924475
0.49924415
0.499245
0.49924493
0.49924523
0.49924505
0.499245
0.49924552
0.49924493
0.499245
0.49924487
0.499245
0.49924493
0.49924493
0.49924523
0.4992451
0.4992451
0.49924487
0.4992448
0.499245
0.49924535
0.49924487
0.49924493
0.49924552
0.49924487
0.49924475
0.49924475
0.49924493
0.49924523
0.49924546
0.4992451
0.4992444
0.49924487
0.49924505
0.49924523
0.49924517
0.49924505
0.49924523
0.4992447
0.49924487
0.49924552
0.4992453
0.49924546
0.4992444
0.49924445
0.4992451
0.49924487
0.4992451
0.4992451
0.499245
0.4992451
0.499245
0.499245
0.49924475
0.49924535
0.4992447
0.4992451
0.49924493
0.49924487
0.49924493
0.4992451
0.499245
0.49924475
0.4992451
0.49924535
0.49924463
0.499245
0.49924505
0.49924487
0.499245
0.4992451
0.4992451
0.49924487
0.49924487
0.49924523
0.4992444
0.4992454
0.49924523
0.4992451
0.49924505
0.499245
0.49924463
0.4992444
0.49924493
0.499245
0.4992444
0.4992448
0.49924523
0.49924523
0.49924523
0.4992451
0.49924523
0.4992451
0.4992451
0.4992448
0.4992451
0.49924427
0.49924487
0.49924487
0.499245
0.49924493
0.499245
0.499245
0.49924517
0.4992448
0.4992448
0.499245
0.49924517
0.49924517
0.49924546
0.49924475
0.49924517
0.49924535
0.49924535
0.49924523
0.499245
0.49924487
0.49924523
0.499245
0.49924517
0.49924505
0.49924523
0.49924523
0.4992448
0.49924535
0.49924487
0.49924535
0.49924463
0.49924523
0.49924457
0.499245
0.49924523
0.499245
0.49924523
0.49924523
0.49924558
0.49924505
0.49924523
0.49924523
0.499245
0.49924517
0.49924493
0.49924463
0.49924475
0.4992453
0.49924552
0.49924463
0.49924517
0.49924517
0.49924523
0.4992454
0.49924433
0.49924523
0.499245
0.4992453
0.49924505
0.49924517
0.49924523
0.4992451
0.49924475
0.499245
0.4992451
0.49924463
0.4992451
0.499245
0.49924523
0.49924612
0.4992451
0.49924457
0.49924523
0.49924523
0.49924523
0.4992451
0.4992453
0.4992445
0.499245
0.499245
0.4992457
0.4992451
0.49924487
0.499245
0.49924505
0.499245
0.499245
0.49924523
0.49924487
0.49924523
0.49924505
0.499245
0.49924493
0.49924487
0.49924517
0.49924505
0.49924475
0.49924493
0.49924535
0.49924487
0.4992457
0.4992451
0.4992451
0.49924463
0.49924523
0.49924493
0.49924475
0.499245
0.49924535
0.4992453
0.49924523
0.49924463
0.49924487
0.4992445
0.49924463
0.49924535
0.4992451
0.49924487
0.49924487
0.49924475
0.49924523
0.49924487
0.49924505
0.49924457
0.4992451
0.49924475
0.49924535
0.49924487
0.4992451
0.49924487
0.49924463
0.49924517
0.49924463
0.49924517
0.49924523
0.49924493
0.4992451
0.4992454
0.49924505
0.49924523
0.49924493
0.49924487
0.4992451
0.49924535
0.49924487
0.499245
0.49924523
0.4992451
0.49924523
0.49924493
0.499245
0.49924523
0.49924517
0.49924523
0.4992451
0.499245
0.49924487
0.49924517
0.49924523
0.49924535
0.49924535
0.4992451
0.49924523
0.49924493
0.4992451
0.49924517
0.49924362
0.4992451
0.49924487
0.49924463
0.49924523
0.49924475
0.49924517
0.49924517
0.4992451
0.499245
0.49924475
0.499245
0.4992451
0.49924523
0.4992445
0.49924487
0.49924445
0.49924487
0.499245
0.499245
0.4992451
0.49924535
0.49924487
0.4992451
0.4992438
0.49924475
0.4992451
0.499245
0.49924475
0.4992451
0.499245
0.4992451
0.49924493
0.49924523
0.49924493
0.49924523
0.49924487
0.499245
0.4992451
0.4992451
0.49924493
0.49924517
0.49924535
0.49924493
0.49924487
0.49924523
0.499245
0.49924332
0.49924517
0.499245
0.49924523
0.49924505
0.49924523
0.49924493
0.4992448
0.49924475
0.49924523
0.499245
0.499245
0.499245
0.499245
0.49924493
0.499245
0.4992451
0.499245
0.49924505
0.49924523
0.4992448
0.49924546
0.499245
0.49924523
0.4992451
0.499245
0.49924523
0.49924517
0.499245
0.49924475
0.4992451
0.49924493
0.49924487
0.499245
0.49924493
0.49924535
0.499245
0.49924475
0.49924487
0.499245
0.499245
0.4992451
0.49924487
0.49924493
0.49924546
0.499245
0.49924505
0.49924487
0.4992451
0.4992453
0.49924552
0.49924517
0.499245
0.49924487
0.49924523
0.4992451
0.4992445
0.4992444
0.49924505
0.4992451
0.49924493
0.499245
0.499245
0.49924463
0.4992451
0.4992451
0.4992448
0.499245
0.499245
0.49924475
0.499245
0.4992451
0.4992451
0.49924505
0.49924517
0.49924546
0.49924564
0.499245
0.4992451
0.49924505
0.4992463
0.4992451
0.4992451
0.49924576
0.49924535
0.49924487
0.49924487
0.49924523
0.49924487
0.49924523
0.49924475
0.49924493
0.49924493
0.49924475
0.49924487
0.49924523
0.4992451
0.49924523
0.499245
0.49924535
0.49924475
0.499245
0.49924523
0.4992451
0.49924517
0.4992451
0.499245
0.49924487
0.4992451
0.49924445
0.49924517
0.4992451
0.49924487
0.49924475
0.4992451
0.49924463
0.49924505
0.49924523
0.49924523
0.499245
0.4992453
0.49924487
0.49924523
0.49924475
0.49924523
0.49924493
0.4992444
0.4992451
0.49924546
0.4992451
0.49924487
0.499245
0.49924493
0.49924493
0.4992438
0.4992451
0.49924523
0.499245
0.4992451
0.4992451
0.49924535
0.499245
0.49924517
0.49924523
0.4992447
0.49924523
0.4992451
0.499245
0.49924475
0.49924505
0.499245
0.499245
0.49924517
0.49924475
0.49924517
0.49924535
0.49924523
0.49924475
0.49924558
0.49924535
0.4992453
0.49924523
0.49924523
0.49924523
0.49924487
0.4992451
0.49924457
0.499245
0.4992451
0.49924546
0.49924463
0.4992451
0.4992451
0.49924535
0.49924535
0.49924493
0.49924505
0.49924487
0.49924475
0.49924463
0.4992451
0.49924475
0.49924487
0.4992454
0.49924505
0.499245
0.4992451
0.49924493
0.499245
0.499245
0.49924475
0.49924535
0.499245
0.49924475
0.499245
0.499245
0.49924552
0.49924463
0.49924493
0.499245
0.49924475
0.4992451
0.49924523
0.4992451
0.49924368
0.49924487
0.4992451
0.49924535
0.4992445
0.4992451
0.49924523
0.49924523
0.49924463
0.49924535
0.4992451
0.4992444
0.4992451
0.499245
0.49924493
0.4992451
0.49924523
0.49924535
0.499245
0.49924505
0.4992451
0.49924517
0.49924487
0.499245
0.49924535
0.4992448
0.49924475
0.49924493
0.49924487
0.4992451
0.49924487
0.499245
0.49924427
0.49924487
0.49924535
0.49924505
0.49924487
0.49924487
0.4992451
0.49924487
0.49924463
0.49924505
0.49924517
0.49924475
0.4992451
0.49924487
0.49924535
0.4992451
0.49924463
0.499245
0.4992451
0.49924475
0.499245
0.499245
0.49924475
0.49924523
0.49924517
0.49924493
0.49924523
0.49924505
0.49924535
0.49924487
0.49924475
0.49924523
0.4992451
0.49924487
0.49924505
0.49924505
0.499245
0.4992447
0.49924487
0.49924535
0.4992451
0.499245
0.49924505
0.49924415
0.49924546
0.49924517
0.49924505
0.4992451
0.49924344
0.49924523
0.499245
0.49924493
0.49924475
0.49924517
0.49924558
0.4992447
0.499245
0.49924523
0.4992448
0.49924523
0.49924487
0.49924582
0.4992451
0.4992444
0.4992451
0.499245
0.49924493
0.499245
0.499245
0.49924475
0.49924487
0.49924523
0.49924445
0.499245
0.49924463
0.499245
0.49924457
0.4992451
0.4992448
0.4992451
0.4992444
0.49924463
0.49924517
0.49924523
0.49924523
0.49924487
0.4992451
0.499245
0.49924475
0.49924523
0.499245
0.49924523
0.499245
0.49924606
0.4992451
0.49924457
0.49924493
0.4992451
0.49924558
0.4992451
0.49924523
0.49924505
0.49924535
0.49924487
0.499245
0.49924517
0.49924487
0.49924523
0.499245
0.49924463
0.49924523
0.49924558
0.49924487
0.49924475
0.4992451
0.49924463
0.499245
0.49924505
0.4992451
0.4992451
0.49924487
0.49924475
0.49924517
0.4992453
0.49924475
0.4992451
0.49924523
0.49924505
0.49924493
0.49924427
0.49924523
0.49924493
0.49924096
0.49924523
0.49924487
0.4992451
0.49924403
0.49924535
0.499245
0.49924523
0.4992451
0.49924487
0.49924523
0.49924517
0.499245
0.4992454
0.49924523
0.4992424
0.4992448
0.49924517
0.49924505
0.49924576
0.49924493
0.499245
0.49924523
0.49924517
0.49924487
0.49924487
0.4992451
0.49924523
0.49924487
0.4992451
0.49924487
0.49924535
0.49924505
0.49924403
0.49924505
0.4992451
0.49924475
0.4992451
0.49924463
0.49924487
0.499245
0.49924546
0.49924475
0.49924546
0.49924517
0.49924523
0.4992445
0.49924517
0.4992451
0.49924517
0.49924517
0.49924517
0.49924523
0.4992444
0.49924427
0.49924457
0.4992448
0.499245
0.49924487
0.49924546
0.4992453
0.49924505
0.49924487
0.4992448
0.4992451
0.499245
0.49924523
0.49924445
0.4992451
0.4992448
0.49924493
0.4992448
0.4992438
0.4992445
0.4992457
0.49924505
0.4992451
0.49924475
0.4992451
0.499245
0.49924523
0.49924517
0.49924487
0.4992451
0.49924487
0.4992448
0.49924523
0.4992451
0.49924505
0.49924487
0.49924523
0.49924558
0.499245
0.49924523
0.4992451
0.4992453
0.49924493
0.499245
0.49924475
0.49924475
0.49924487
0.49924523
0.49924505
0.49924523
0.49924546
0.49924523
0.499245
0.49924523
0.49924487
0.49924493
0.49924487
0.4992451
0.49924523
0.499245
0.499245
0.4992448
0.4992445
0.49924517
0.49924523
0.499245
0.4992412
0.4992451
0.49924546
0.49924523
0.49924523
0.49924457
0.49924535
0.4992451
0.4992451
0.49924463
0.4992451
0.4992448
0.49924523
0.499245
0.49924475
0.49924517
0.49924535
0.49924475
0.49924564
0.4992451
0.49924487
0.49924523
0.49924463
0.49924487
0.49924487
0.4992451
0.49924523
0.4992447
0.49924493
0.49924463
0.49924564
0.499245
0.49924523
0.49924546
0.49924523
0.49924505
0.499245
0.49924475
0.49924487
0.4992453
0.49924493
0.49924523
0.49924475
0.4992447
0.49924332
0.49924552
0.49924493
0.4992451
0.49924463
0.4992448
0.49924523
0.49924535
0.49924475
0.49924523
0.49924493
0.49924523
0.49924487
0.49924368
0.49924523
0.49924523
0.499245
0.49924475
0.49924487
0.49924487
0.49924487
0.49924523
0.4992457
0.49924475
0.49924493
0.49924517
0.4992451
0.4992451
0.49924445
0.49924487
0.4992451
0.4992444
0.4992448
0.4992451
0.499245
0.49924523
0.49924487
0.4992448
0.49924493
0.49924517
0.49924487
0.499245
0.49924487
0.49924475
0.49924523
0.4992451
0.49924523
0.499245
0.49924487
0.49924475
0.49924457
0.499245
0.49924463
0.49924523
0.499245
0.49924523
0.49924487
0.49924523
0.49924475
0.49924535
0.4992451
0.49924546
0.4992451
0.49924564
0.49924523
0.49924487
0.49924475
0.49924493
0.49924487
0.49924523
0.49924523
0.49924523
0.499245
0.4992445
0.49924457
0.49924523
0.499245
0.49924475
0.49924523
0.49924475
0.49924487
0.499245
0.4992451
0.49924475
0.4992451
0.49924487
0.4992451
0.49924618
0.4992447
0.49924523
0.49924487
0.4992453
0.4992448
0.499245
0.49924463
0.49924505
0.4992451
0.4992451
0.49924487
0.49924535
0.4992451
0.49924487
0.49924535
0.49924505
0.49924523
0.499245
0.49924523
0.49924523
0.499245
0.4992451
0.49924535
0.49924487
0.49924505
0.4992482
0.49924487
0.499245
0.49924487
0.4992453
0.4992451
0.4992451
0.4992451
0.4992453
0.49924475
0.49924487
0.49924493
0.499245
0.499245
0.49924505
0.49924505
0.49924517
0.4992453
0.49924487
0.4992448
0.49924475
0.49924505
0.49924427
0.4992451
0.499245
0.499245
0.499245
0.499245
0.49924493
0.49924475
0.499245
0.49924475
0.4992444
0.49924463
0.4992451
0.49924487
0.49924487
0.49924487
0.4992451
0.4992451
0.49924535
0.49924523
0.49924546
0.49924523
0.4992448
0.49924493
0.499245
0.49924493
0.49924517
0.49924535
0.499245
0.49924493
0.499245
0.49924523
0.49924475
0.4992451
0.4992451
0.49924493
0.49924505
0.4992453
0.499245
0.49924463
0.4992451
0.49924523
0.49924475
0.4992453
0.4992445
0.4992451
0.49924487
0.49924588
0.499245
0.4992454
0.49924487
0.49924475
0.49924463
0.49924523
0.49924493
0.4992451
0.4992451
0.49924487
0.499245
0.4992451
0.4992451
0.49924523
0.49924463
0.499245
0.4992451
0.49924517
0.4992451
0.49924487
0.49924487
0.49924505
0.49924546
0.49924535
0.4992445
0.4992448
0.49924493
0.49924487
0.49924475
0.49924463
0.49924523
0.49924487
0.49924487
0.4992451
0.4992442
0.4992451
0.49924475
0.49924523
0.49924493
0.49924463
0.49924546
0.49924493
0.49924523
0.49924517
0.499245
0.49924487
0.49924487
0.49924505
0.49924487
0.499245
0.49924487
0.49924535
0.49924487
0.49924487
0.499245
0.4992451
0.49924505
0.499245
0.4992451
0.499245
0.49924487
0.49924487
0.49924523
0.49924546
0.49924517
0.49924487
0.4992447
0.49924517
0.4992453
0.49924475
0.49924505
0.49924523
0.4992448
0.49924523
0.499245
0.4992445
0.49924487
0.499245
0.49924493
0.4992451
0.49924463
0.49924535
0.49924523
0.4992451
0.4992448
0.4992451
0.49924392
0.49924523
0.49924493
0.49924475
0.49924517
0.49924463
0.4992451
0.49924493
0.49924523
0.49924475
0.4992448
0.4992451
0.4992448
0.4992432
0.4992451
0.499245
0.4992451
0.4992444
0.4992453
0.499245
0.499245
0.499245
0.499245
0.49924487
0.499245
0.49924523
0.49924487
0.49924487
0.49924535
0.49924493
0.499245
0.49924475
0.49924487
0.499245
0.49924523
0.49924487
0.4992453
0.499245
0.49924403
0.4992445
0.49924505
0.49924475
0.4992444
0.49924523
0.4992444
0.49924463
0.49924523
0.49924475
0.49924535
0.49924523
0.499245
0.4992454
0.499245
0.49924517
0.4992445
0.4992451
0.4992448
0.4992451
0.49924523
0.49924475
0.4992453
0.4992451
0.49924487
0.499245
0.499245
0.49924517
0.4992451
0.4992447
0.49924523
0.49924445
0.49924523
0.49924487
0.49924487
0.4992457
0.49924505
0.49924523
0.49924523
0.4992451
0.49924487
0.49924517
0.49924517
0.49924493
0.4992447
0.499245
0.49924487
0.49924487
0.49924523
0.49924523
0.49924475
0.49924523
0.49924505
0.49924475
0.49924535
0.49924427
0.4992451
0.49924487
0.49924505
0.499245
0.49924463
0.499245
0.49924505
0.499245
0.49924493
0.499245
0.49924487
0.49924505
0.49924487
0.49924475
0.4992451
0.499245
0.4992451
0.49924535
0.499245
0.4992453
0.49924546
0.4992448
0.49924535
0.499245
0.49924487
0.4992444
0.4992451
0.49924487
0.49924475
0.49924493
0.4992453
0.49924505
0.4992453
0.499245
0.4992451
0.49924457
0.49924523
0.49924535
0.499245
0.49924535
0.4992445
0.4992451
0.49924487
0.4992445
0.49924487
0.49924523
0.4992451
0.4992451
0.4992457
0.49924535
0.49924523
0.49924523
0.4992451
0.4992451
0.4992451
0.49924487
0.49924475
0.49924523
0.49924517
0.499245
0.49924487
0.4992451
0.49924463
0.49924523
0.49924475
0.49924493
0.49924523
0.4992451
0.49924463
0.4992453
0.49924475
0.49924487
0.49924523
0.49924523
0.4992451
0.4992453
0.49924475
0.4992453
0.49924523
0.49924487
0.49924475
0.49924433
0.4992451
0.4992451
0.49924487
0.49924487
0.4992451
0.49924475
0.49924517
0.49924505
0.49924505
0.4992451
0.49924523
0.49924463
0.49924535
0.49924475
0.49924523
0.49924475
0.49924493
0.49924558
0.4992451
0.49924523
0.4992453
0.49924493
0.4992448
0.4992444
0.4992451
0.4992451
0.49924523
0.49924493
0.4992451
0.49924535
0.4992453
0.499245
0.4992453
0.49924463
0.4992453
0.49924463
0.499245
0.49924505
0.49924475
0.49924523
0.49924523
0.49924493
0.49924463
0.49924558
0.4992451
0.4992451
0.499245
0.49924523
0.49924523
0.49924517
0.499245
0.49924517
0.49924487
0.499245
0.499245
0.499245
0.49924463
0.49924618
0.49924523
0.4992451
0.499245
0.4992451
0.49924517
0.499245
0.499245
0.49924475
0.49924487
0.4992451
0.49924487
0.49924535
0.49924505
0.49924523
0.49924523
0.4992447
0.4992451
0.49924433
0.499245
0.49924523
0.4992451
0.49924445
0.49924475
0.49924523
0.4992451
0.49924493
0.49924535
0.49924487
0.49924523
0.49924546
0.499245
0.49924487
0.499245
0.499245
0.49924523
0.49924475
0.49924475
0.49924523
0.4992453
0.49924493
0.4992448
0.4992451
0.499245
0.49924487
0.49924523
0.49924487
0.49924487
0.49924523
0.499245
0.499245
0.499245
0.49924505
0.49924523
0.49924487
0.49924505
0.49924505
0.49924487
0.49924523
0.49924535
0.49924487
0.4992448
0.49924487
0.49924487
0.49924487
0.4992451
0.49924505
0.49924558
0.49924505
0.49924487
0.49924475
0.49924535
0.499245
0.49924517
0.4992448
0.4992451
0.4992445
0.49924487
0.4992451
0.49924517
0.49924517
0.4992451
0.49924475
0.49924523
0.49924487
0.49924487
0.49924505
0.49924517
0.49924505
0.49924493
0.49924457
0.4992451
0.49924546
0.4992445
0.4992451
0.49924487
0.49924475
0.49924487
0.499245
0.499245
0.49924517
0.4992451
0.49924427
0.499245
0.499245
0.499245
0.49924445
0.4992451
0.499245
0.4992445
0.49924523
0.49924535
0.499245
0.49924546
0.499245
0.49924475
0.49924487
0.49924487
0.49924523
0.499245
0.4992453
0.49924535
0.49924487
0.49924523
0.49924415
0.499245
0.4992453
0.4992445
0.4992451
0.49924523
0.4992451
0.49924523
0.4992451
0.49924523
0.499245
0.49924523
0.499245
0.49924606
0.499245
0.4992451
0.49924493
0.49924457
0.49924523
0.499245
0.49924475
0.49924517
0.49924523
0.499245
0.49924487
0.49924475
0.49924475
0.4992451
0.49924487
0.49924487
0.49924487
0.49924505
0.49924487
0.4992451
0.499245
0.49924487
0.49924493
0.49924475
0.49924392
0.4992451
0.49924535
0.49924457
0.49924582
0.499245
0.4992448
0.499245
0.4992448
0.49924523
0.49924505
0.49924475
0.49924505
0.49924523
0.4992451
0.49924487
0.49924487
0.4992451
0.49924517
0.499245
0.499245
0.4992451
0.49924493
0.49924517
0.49924463
0.49924523
0.4992451
0.49924523
0.499245
0.49924523
0.4992451
0.49924523
0.4992448
0.499245
0.49924463
0.49924445
0.49924493
0.49924523
0.49924517
0.49924457
0.49924487
0.49924505
0.4992457
0.49924487
0.499245
0.49924475
0.4992451
0.49924463
0.49924493
0.49924487
0.49924523
0.49924535
0.49924475
0.49924487
0.49924475
0.499245
0.49924517
0.49924523
0.499245
0.4992448
0.49924475
0.499245
0.499245
0.49924505
0.4992451
0.4992453
0.4992457
0.49924397
0.49924535
0.49924493
0.4992448
0.499245
0.49924535
0.49924463
0.4992451
0.49924475
0.49924517
0.49924403
0.499245
0.49924582
0.49924487
0.49924457
0.49924523
0.49924546
0.49924487
0.4992451
0.49924517
0.4992448
0.49924475
0.49924523
0.4992451
0.4992453
0.4992448
0.49924487
0.49924546
0.499245
0.4992451
0.499245
0.499245
0.49924487
0.49924463
0.49924487
0.4992451
0.4992448
0.49924493
0.4992448
0.49924535
0.4992451
0.499245
0.499245
0.49924505
0.49924517
0.49924517
0.4992451
0.49924535
0.49924487
0.49924475
0.49924487
0.4992448
0.49924523
0.4992451
0.49924523
0.49924505
0.49924487
0.49924505
0.49924487
0.49924487
0.49924493
0.499245
0.4992451
0.499245
0.4992451
0.4992457
0.49924523
0.49924505
0.499245
0.49924517
0.49924487
0.4992453
0.49924493
0.49924523
0.49924463
0.499245
0.499245
0.499245
0.49924487
0.4992451
0.4992453
0.4992451
0.4992451
0.49924493
0.49924493
0.499245
0.49924594
0.499245
0.49924523
0.499245
0.499245
0.499245
0.49924523
0.49924517
0.4992448
0.49924535
0.49924487
0.4992448
0.49924475
0.49924523
0.499245
0.49924523
0.49924475
0.49924523
0.4992453
0.49924535
0.49924487
0.49924475
0.49924487
0.49924463
0.4992451
0.4992451
0.4992451
0.49924475
0.499245
0.4992451
0.49924505
0.49924487
0.4992451
0.49924493
0.4992451
0.49924487
0.49924523
0.4992451
0.49924523
0.4992451
0.49924517
0.49924487
0.49924475
0.4992451
0.49924427
0.49924546
0.49924523
0.49924546
0.4992451
0.49924392
0.49924457
0.499245
0.4992447
0.499245
0.4992447
0.49924505
0.49924535
0.49924505
0.49924487
0.49924475
0.4992451
0.49924487
0.49924487
0.4992451
0.499245
0.49924487
0.49924523
0.49924487
0.49924523
0.49924487
0.499245
0.4992457
0.49924487
0.499245
0.499245
0.4992448
0.49924523
0.49924463
0.49924535
0.49924487
0.49924505
0.49924523
0.49924475
0.4992451
0.4992453
0.49924517
0.4992451
0.4992451
0.4992451
0.4992451
0.49924535
0.4992451
0.49924558
0.49924487
0.49924505
0.49924487
0.49924493
0.49924487
0.499245
0.49924517
0.499245
0.4992445
0.499245
0.49924487
0.4992451
0.49924523
0.4992451
0.49924487
0.499245
0.4992451
0.49924487
0.49924505
0.4992445
0.4992453
0.4992451
0.49924356
0.499245
0.4992447
0.4992451
0.4992451
0.49924505
0.49924475
0.49924582
0.49924523
0.49924517
0.49924493
0.49924523
0.4992447
0.49924517
0.49924505
0.49924523
0.49924505
0.49924487
0.49924487
0.49924475
0.49924523
0.49924618
0.49924487
0.49924463
0.49924487
0.49924493
0.499245
0.49924487
0.49924523
0.4992451
0.499245
0.49924505
0.49924493
0.49924475
0.49924505
0.499245
0.4992451
0.49924475
0.49924457
0.4992448
0.499245
0.499245
0.499245
0.4992451
0.49924487
0.499245
0.4992451
0.49924505
0.4992453
0.499245
0.49924523
0.4992448
0.49924487
0.499245
0.49924558
0.49924737
0.49924457
0.4992451
0.49924463
0.4992451
0.49924487
0.49924475
0.49924487
0.49924523
0.49924523
0.49924493
0.4992451
0.49924463
0.49924523
0.49924463
0.49924487
0.49924505
0.49924546
0.49924505
0.4992444
0.499245
0.499245
0.49924505
0.49924487
0.49924523
0.49924523
0.4992451
0.4992451
0.4992444
0.4992445
0.49924487
0.49924546
0.4992447
0.49924505
0.4992448
0.49924535
0.49924487
0.4992453
0.49924558
0.49924517
0.499245
0.4992447
0.49924523
0.49924493
0.4992451
0.4992451
0.49924487
0.49924487
0.49924523
0.4992445
0.4992447
0.4992448
0.49924523
0.49924523
0.49924493
0.499245
0.49924493
0.49924523
0.49924487
0.49924535
0.49924523
0.49924535
0.49924523
0.4992451
0.4992447
0.49924493
0.49924487
0.49924588
0.49924475
0.49924523
0.4992451
0.49924523
0.499245
0.49924523
0.4992448
0.49924546
0.4992451
0.49924505
0.49924487
0.4992451
0.49924475
0.499245
0.49924517
0.499245
0.49924535
0.49924523
0.49924487
0.49924505
0.49924505
0.499245
0.4992463
0.4992451
0.499246
0.49924535
0.4992451
0.49924463
0.49924505
0.499245
0.499245
0.4992448
0.49924493
0.49924523
0.4992453
0.49924475
0.49924523
0.4992451
0.49924546
0.4992447
0.49924505
0.49924523
0.49924487
0.49924475
0.4992445
0.499245
0.4992451
0.49924523
0.49924463
0.499245
0.499245
0.49924493
0.499245
0.49924523
0.49924427
0.499245
0.49924558
0.49924463
0.49924505
0.49924493
0.499245
0.499245
0.49924475
0.49924523
0.49924475
0.49924523
0.499245
0.499245
0.4992451
0.49924517
0.49924517
0.49924493
0.49924523
0.4992451
0.49924487
0.49924505
0.49924517
0.49924493
0.49924463
0.499245
0.49924487
0.49924523
0.499245
0.49924487
0.49924517
0.49924487
0.4992447
0.49924487
0.49924505
0.49924517
0.49924487
0.4992451
0.4992451
0.49924523
0.49924487
0.49924505
0.4992451
0.49924517
0.4992451
0.49924493
0.4992444
0.49924523
0.49924535
0.49924558
0.49924493
0.4992451
0.49924552
0.4992448
0.499245
0.49924487
0.49924463
0.49924523
0.4992453
0.49924523
0.4992451
0.49924523
0.49924535
0.4992451
0.49924487
0.49924493
0.49924523
0.4992448
0.4992451
0.49924487
0.49924505
0.499245
0.49924517
0.49924535
0.49924523
0.49924523
0.49924487
0.4992445
0.49924344
0.49924487
0.49924475
0.499245
0.49924493
0.4992451
0.4992451
0.4992442
0.49924505
0.499245
0.499245
0.49924546
0.49924463
0.4992451
0.4992451
0.49924535
0.49924487
0.49924487
0.49924517
0.49924487
0.49924523
0.499245
0.499245
0.49924475
0.49924487
0.49924403
0.49924517
0.49924535
0.49924517
0.49924535
0.49924535
0.4992451
0.49924517
0.49924564
0.49924546
0.49924523
0.4992451
0.49924463
0.49924487
0.4992447
0.49924493
0.49924523
0.499245
0.49924487
0.49924523
0.499245
0.4992453
0.49924487
0.499245
0.49924505
0.49924523
0.4992451
0.4992451
0.49924493
0.499245
0.4992451
0.499245
0.49924433
0.4992451
0.49924523
0.49924475
0.49924463
0.49924463
0.4992454
0.49924415
0.49924475
0.49924463
0.4992453
0.49924493
0.4992451
0.499245
0.49924535
0.49924517
0.499245
0.49924523
0.4992445
0.49924475
0.49924523
0.49924535
0.49924493
0.499245
0.49924487
0.4992451
0.49924463
0.4992447
0.4992451
0.49924487
0.49924487
0.49924475
0.499245
0.49924523
0.4992453
0.499245
0.49924505
0.49924493
0.499245
0.4992451
0.49924487
0.49924457
0.4992448
0.4992451
0.49924487
0.49924487
0.49924535
0.49924517
0.49924332
0.49924517
0.49924493
0.499245
0.499245
0.4992448
0.499245
0.49924517
0.49924517
0.49924487
0.49924505
0.4992451
0.499245
0.49924487
0.499245
0.49924487
0.49924517
0.49924505
0.49924517
0.499245
0.4992451
0.49924523
0.49924475
0.49924505
0.49924487
0.4992463
0.49924517
0.499245
0.499245
0.49924487
0.49924535
0.4992448
0.49924523
0.4992445
0.4992448
0.49924457
0.49924552
0.49924517
0.49924487
0.49924535
0.49924546
0.49924487
0.49924487
0.49924487
0.49924427
0.49924487
0.4992451
0.49924523
0.4992451
0.4992451
0.4992451
0.49924487
0.499245
0.49924517
0.49924517
0.4992447
0.4992447
0.49924487
0.4992451
0.49924463
0.49924535
0.49924535
0.4992453
0.499245
0.49924403
0.49924487
0.49924487
0.49924475
0.4992451
0.49924535
0.4992451
0.4992451
0.49924475
0.4992445
0.499245
0.49924487
0.4992451
0.49924463
0.499245
0.49924535
0.49924523
0.4992445
0.4992454
0.49924523
0.4992451
0.49924546
0.49924523
0.49924487
0.49924535
0.49924552
0.49924523
0.49924505
0.49924487
0.4992451
0.49924523
0.49924523
0.499245
0.49924517
0.49924487
0.49924487
0.49924487
0.4992451
0.49924463
0.499245
0.4992453
0.4992451
0.4992453
0.499245
0.49924487
0.4992448
0.4992451
0.49924517
0.499245
0.4992451
0.49924487
0.49924463
0.499245
0.49924493
0.4992451
0.49924487
0.499245
0.499245
0.49924523
0.49924523
0.4992451
0.49924523
0.4992445
0.49924487
0.49924475
0.4992451
0.499245
0.4992448
0.49924523
0.499245
0.49924523
0.4992463
0.4992451
0.49924523
0.49924487
0.49924523
0.49924475
0.499245
0.49924475
0.49924493
0.49924487
0.499245
0.499245
0.49924535
0.49924505
0.4992451
0.49924475
0.4992451
0.49924523
0.49924493
0.49924487
0.49924493
0.49924487
0.4992451
0.49924475
0.49924517
0.49924505
0.499245
0.49924523
0.49924493
0.49924487
0.49924487
0.499245
0.49924487
0.49924523
0.49924523
0.49924415
0.4992454
0.49924523
0.49924493
0.499245
0.4992451
0.49924523
0.49924487
0.49924535
0.499245
0.49924487
0.4992447
0.49924642
0.49924505
0.49924457
0.49924535
0.49924493
0.49924493
0.49924493
0.4992451
0.499245
0.49924535
0.499245
0.4992448
0.49924427
0.4992451
0.49924505
0.49924487
0.49924487
0.49924523
0.49924487
0.49924475
0.4992444
0.49924487
0.49924505
0.49924535
0.49924475
0.499245
0.4992451
0.4992453
0.4992451
0.4992447
0.49924493
0.49924475
0.4992451
0.4992448
0.49924487
0.49924523
0.49924535
0.49924415
0.4992451
0.4992445
0.49924505
0.4992447
0.49924558
0.4992451
0.49924463
0.4992451
0.49924546
0.49924445
0.499245
0.499245
0.49924535
0.49924475
0.49924475
0.4992448
0.49924487
0.49924457
0.499245
0.4992451
0.49924535
0.49924487
0.49924493
0.49924546
0.49924487
0.49924535
0.4992451
0.4992451
0.499246
0.4992457
0.499245
0.49924523
0.4992451
0.49924535
0.49924517
0.49924493
0.4992453
0.4992451
0.4992451
0.49924535
0.49924493
0.49924523
0.49924535
0.49924487
0.49924523
0.49924168
0.49924517
0.49924445
0.49924505
0.499245
0.49924505
0.49924523
0.499245
0.49924505
0.49924475
0.49924493
0.49924606
0.4992454
0.49924523
0.499245
0.49924517
0.4992453
0.499245
0.49924523
0.4992451
0.4992451
0.49924493
0.49924535
0.49924487
0.499245
0.49924475
0.49924505
0.4992451
0.49924505
0.49924493
0.4992451
0.499245
0.49924505
0.4992451
0.49924493
0.49924427
0.49924487
0.49924463
0.499245
0.49924523
0.49924493
0.499245
0.4992475
0.4992445
0.49924523
0.49924487
0.49924558
0.4992451
0.4992454
0.49924523
0.4992451
0.4992448
0.49924505
0.4992451
0.499245
0.49924505
0.4992453
0.49924535
0.499245
0.49924523
0.4992447
0.49924535
0.4992451
0.4992451
0.49924487
0.49924487
0.499245
0.49924487
0.49924523
0.49924535
0.49924487
0.4992453
0.4992451
0.4992447
0.49924457
0.49924487
0.49924523
0.49924523
0.49924505
0.49924517
0.4992451
0.49924493
0.499245
0.499245
0.49924517
0.4992451
0.49924475
0.49924517
0.4992451
0.49924463
0.49924517
0.49924523
0.49924505
0.49924487
0.49924487
0.49924475
0.4992453
0.49924546
0.4992451
0.499245
0.49924493
0.4992453
0.4992451
0.4992451
0.49924535
0.49924535
0.49924505
0.49924535
0.4992451
0.49924505
0.4992451
0.499245
0.49924517
0.49924475
0.49924505
0.49924517
0.4992447
0.4992451
0.49924457
0.49924475
0.49924523
0.4992451
0.49924535
0.49924523
0.49924523
0.49924463
0.49924427
0.4992448
0.49924505
0.4992451
0.499245
0.499245
0.49924523
0.49924457
0.49924523
0.4992451
0.4992451
0.49924517
0.49924487
0.49924493
0.49924523
0.4992451
0.4992451
0.4992451
0.4992451
0.499245
0.49924487
0.49924475
0.4992448
0.49924523
0.49924487
0.49924505
0.49924493
0.49924535
0.49924463
0.49924523
0.4992447
0.4992451
0.499245
0.4992454
0.49924523
0.49924463
0.499245
0.49924535
0.49924535
0.49924523
0.49924475
0.4992451
0.499245
0.499245
0.49924463
0.49924523
0.4992451
0.49924487
0.49924487
0.499245
0.49924487
0.4992451
0.49924505
0.49924487
0.49924505
0.4992453
0.4992454
0.499245
0.49924535
0.49924475
0.4992448
0.499245
0.4992451
0.4992451
0.499245
0.49924523
0.49924523
0.499245
0.4992454
0.499245
0.49924463
0.4992451
0.49924523
0.49924505
0.49924505
0.49924517
0.49924535
0.49924535
0.49924517
0.499245
0.499245
0.49924576
0.4992451
0.49924517
0.4992451
0.49924487
0.49924535
0.49924535
0.4992451
0.4992451
0.4992444
0.49924517
0.49924427
0.49924463
0.49924546
0.49924487
0.49924558
0.49924523
0.4992451
0.49924493
0.499245
0.49924487
0.49924523
0.4992451
0.49924475
0.49924475
0.4992453
0.49924535
0.4992453
0.49924493
0.499245
0.49924493
0.49924523
0.4992451
0.49924517
0.4992444
0.499245
0.49924523
0.49924523
0.4992451
0.499245
0.49924523
0.49924523
0.49924523
0.49924433
0.4992451
0.49924535
0.49924475
0.49924457
0.49924475
0.49924487
0.49924517
0.49924535
0.4992451
0.4992451
0.49924505
0.49924487
0.49924517
0.49924523
0.4992451
0.49924463
0.49924523
0.49924505
0.49924523
0.49924523
0.49924523
0.49924523
0.499245
0.49924487
0.49924475
0.49924535
0.49924493
0.49924487
0.4992448
0.49924517
0.49924344
0.49924493
0.49924558
0.49924487
0.49924475
0.49924535
0.49924463
0.4992451
0.4992451
0.49924493
0.499245
0.49924517
0.49924535
0.49924523
0.49924523
0.49924415
0.49924517
0.49924535
0.4992451
0.4992453
0.49924487
0.4992451
0.499245
0.49924463
0.49924475
0.4992451
0.499245
0.49924463
0.49924523
0.49924475
0.499245
0.49924523
0.4992451
0.49924475
0.4992448
0.49924475
0.4992451
0.49924475
0.4992451
0.49924487
0.49924523
0.49924475
0.49924517
0.49924535
0.49924535
0.499245
0.49924487
0.49924505
0.499245
0.499245
0.4992425
0.49924517
0.49924487
0.49924487
0.49924523
0.499245
0.499245
0.499245
0.49924523
0.4992447
0.49924505
0.4992448
0.4992451
0.49924487
0.499245
0.49924487
0.49924463
0.49924535
0.49924523
0.49924487
0.49924493
0.4992451
0.499245
0.4992448
0.49924487
0.49924493
0.4992451
0.49924523
0.4992451
0.49924505
0.49924517
0.499245
0.4992453
0.49924487
0.4992451
0.4992451
0.49924505
0.499245
0.4992451
0.49924463
0.49924517
0.4992448
0.49924463
0.49924523
0.499245
0.49924582
0.49924523
0.499245
0.499245
0.4992451
0.499245
0.49924493
0.49924475
0.4992448
0.49924493
0.4992453
0.499245
0.49924523
0.49924594
0.49924517
0.49924523
0.4992447
0.49924487
0.4992448
0.49924457
0.49924523
0.499245
0.49924475
0.4992451
0.49924523
0.49924487
0.49924505
0.49924463
0.4992448
0.49924517
0.49924535
0.499245
0.49924475
0.49924487
0.49924546
0.4992453
0.499245
0.4992451
0.4992448
0.499245
0.499245
0.4992451
0.4992451
0.49924475
0.4992457
0.49924523
0.499245
0.4992451
0.49924475
0.49924523
0.499245
0.49924535
0.4992447
0.49924535
0.49924493
0.49924475
0.49924523
0.49924487
0.49924535
0.4992451
0.49924517
0.49924523
0.49924487
0.49924517
0.49924493
0.499245
0.4992448
0.49924493
0.49924487
0.499245
0.4992451
0.49924493
0.4992451
0.49924487
0.49924487
0.4992451
0.49924487
0.49924487
0.49924535
0.49924475
0.49924523
0.499245
0.49924535
0.4992451
0.49924457
0.4992445
0.4992448
0.49924487
0.49924505
0.4992451
0.49924535
0.49924475
0.49924517
0.49924487
0.4992445
0.4992451
0.49924487
0.4992451
0.49924517
0.499245
0.49924523
0.4992451
0.4992451
0.4992448
0.49924517
0.49924493
0.49924517
0.4992451
0.49924493
0.49924487
0.4992451
0.4992453
0.49924475
0.49924523
0.499245
0.49924475
0.49924523
0.499245
0.4992451
0.4992453
0.4992451
0.499245
0.4992451
0.49924505
0.4992451
0.49924523
0.49924493
0.499245
0.49924523
0.4992454
0.499245
0.49924487
0.49924523
0.499245
0.499245
0.49924493
0.49924505
0.4992451
0.49924523
0.49924487
0.49924523
0.499245
0.499245
0.49924487
0.4992451
0.49924517
0.499245
0.499245
0.4992451
0.49924558
0.49924487
0.499245
0.49924487
0.49924505
0.4992451
0.49924523
0.49924523
0.49924493
0.4992448
0.4992453
0.49924523
0.499245
0.49924487
0.49924487
0.4992451
0.499245
0.4992448
0.49924493
0.4992451
0.4992445
0.49924517
0.49924457
0.49924523
0.49924535
0.4992457
0.499245
0.4992451
0.4992451
0.49924523
0.499245
0.499245
0.49924493
0.49924523
0.4992448
0.49924487
0.49924487
0.4992453
0.49924505
0.4992451
0.4992445
0.49924535
0.499245
0.49924523
0.49924475
0.49924523
0.4992453
0.49924517
0.499245
0.4992451
0.49924517
0.49924457
0.49924493
0.49924475
0.49924487
0.49924546
0.49924517
0.4992451
0.4992448
0.4992451
0.49924517
0.49924475
0.49924493
0.49924487
0.49924487
0.49924487
0.49924552
0.49924475
0.49924487
0.4992448
0.49924523
0.499245
0.4992451
0.49924517
0.49924523
0.4992448
0.49924475
0.49924523
0.49924487
0.49924523
0.499245
0.49924487
0.49924523
0.4992448
0.49924487
0.49924535
0.49924517
0.49924463
0.4992451
0.499245
0.499245
0.4992451
0.499245
0.49924463
0.499245
0.499245
0.499245
0.49924523
0.49924427
0.49924487
0.49924546
0.4992451
0.49924505
0.49924487
0.499245
0.49924493
0.49924505
0.4992453
0.49924487
0.49924523
0.49924523
0.49924487
0.49924487
0.4992451
0.4992444
0.49924505
0.499245
0.49924475
0.49924523
0.499245
0.49924523
0.4992451
0.4992453
0.499245
0.49924523
0.49924535
0.499245
0.49924475
0.49924505
0.49924517
0.4992451
0.49924475
0.49924523
0.49924505
0.49924505
0.49924463
0.49924517
0.49924463
0.49924487
0.4992447
0.49924523
0.49924487
0.4992451
0.49924487
0.49924487
0.4992451
0.49924546
0.49924535
0.49924487
0.49924463
0.49924517
0.4992451
0.49924487
0.49924493
0.49924505
0.49924517
0.49924475
0.499245
0.4992448
0.499245
0.49924493
0.4992451
0.49924493
0.4992451
0.49924493
0.499245
0.499245
0.49924463
0.49924493
0.499245
0.49924487
0.4992453
0.49924487
0.49924487
0.4992451
0.499245
0.49924517
0.49924487
0.4992451
0.49924487
0.49924523
0.49924523
0.49924535
0.4992451
0.49924493
0.49924523
0.499245
0.4992451
0.499245
0.4992444
0.49924523
0.49924505
0.499245
0.49924517
0.49924493
0.49924487
0.49924493
0.49924493
0.49924475
0.4992451
0.4992453
0.49924517
0.49924403
0.4992451
0.49924505
0.49924523
0.4992451
0.49924475
0.4992454
0.4992451
0.49924505
0.4992444
0.4992451
0.49924493
0.49924535
0.4992457
0.499245
0.499245
0.49924487
0.49924523
0.4992451
0.49924535
0.4992451
0.49924487
0.4992454
0.49924517
0.49924487
0.49924523
0.4992454
0.499245
0.4992451
0.49924475
0.4992451
0.49924505
0.49924523
0.49924505
0.4992445
0.49924505
0.49924487
0.49924517
0.4992451
0.499245
0.49924535
0.49924535
0.49924517
0.4992453
0.49924487
0.49924546
0.4992445
0.4992451
0.49924535
0.49924475
0.4992451
0.49924475
0.4992451
0.49924517
0.49924493
0.49924487
0.49924487
0.499245
0.49924517
0.499245
0.49924487
0.4992453
0.49924523
0.499245
0.49924582
0.499245
0.499245
0.4992451
0.49924505
0.4992451
0.499245
0.49924505
0.49924487
0.4992448
0.499245
0.49924505
0.49924314
0.49924505
0.49924523
0.499245
0.49924475
0.49924493
0.49924475
0.49924505
0.49924505
0.49924535
0.4992451
0.4992447
0.49924487
0.49924517
0.4992448
0.49924535
0.49924487
0.49924505
0.49924535
0.49924558
0.49924487
0.49924523
0.499245
0.499245
0.49924463
0.4992453
0.49924523
0.49924505
0.499245
0.49924487
0.49924493
0.49924523
0.4992451
0.49924487
0.4992451
0.4992448
0.4992451
0.4992451
0.49924487
0.49924517
0.4992451
0.499245
0.49924523
0.4992457
0.4992451
0.4992447
0.49924487
0.49924463
0.49924493
0.4992445
0.49924463
0.49924523
0.4992448
0.49924463
0.49924517
0.4992447
0.499245
0.49924535
0.49924386
0.49924332
0.499245
0.499245
0.49924433
0.4992447
0.499245
0.49924523
0.4992451
0.49924487
0.499245
0.49924576
0.4992448
0.49924523
0.49924487
0.4992454
0.49924523
0.49924487
0.49924517
0.4992451
0.4992445
0.49924487
0.49924546
0.4992451
0.49924487
0.49924427
0.49924535
0.4992451
0.4992435
0.4992448
0.4992453
0.49924517
0.49924523
0.49924523
0.499245
0.49924475
0.49924505
0.49924523
0.49924523
0.49924487
0.49924535
0.499245
0.49924517
0.4992447
0.4992453
0.49924475
0.499245
0.499245
0.4992451
0.49924475
0.499245
0.49924523
0.4992451
0.49924523
0.499245
0.49924475
0.49924487
0.49924493
0.49924517
0.49924523
0.49924523
0.499245
0.4992448
0.49924523
0.49924487
0.49924487
0.4992451
0.49924535
0.4992451
0.4992451
0.4992447
0.49924517
0.49924523
0.4992447
0.4992448
0.4992448
0.49924487
0.49924523
0.499245
0.49924493
0.49924523
0.49924487
0.4992451
0.49924493
0.49924403
0.499245
0.49924535
0.49924487
0.49924475
0.49924493
0.49924493
0.4992451
0.49924535
0.49924493
0.49924475
0.4992451
0.49924517
0.49924475
0.49924493
0.49924487
0.49924535
0.49924487
0.499245
0.4992451
0.49924535
0.49924523
0.4992451
0.49924493
0.49924546
0.499245
0.49924535
0.49924493
0.49924523
0.49924523
0.4992451
0.49924487
0.49924523
0.499245
0.49924517
0.49924487
0.49924475
0.49924475
0.49924493
0.499245
0.4992451
0.49924487
0.49924505
0.49924487
0.4992451
0.49924517
0.49924535
0.49924475
0.4992448
0.49924505
0.4992448
0.49924505
0.49924517
0.4992451
0.49924546
0.499245
0.4992451
0.49924523
0.49924433
0.49924487
0.49924523
0.4992451
0.499245
0.49924523
0.49924517
0.4992447
0.499245
0.49924487
0.49924505
0.49924487
0.49924493
0.49924505
0.4992451
0.49924475
0.49924493
0.49924487
0.49924487
0.49924493
0.49924415
0.49924475
0.49924517
0.49924475
0.49924475
0.49924487
0.499245
0.4992451
0.499245
0.49924523
0.4992453
0.4992447
0.49924487
0.49924523
0.4992451
0.499245
0.49924475
0.49924463
0.4992451
0.499245
0.49924487
0.49924535
0.49924535
0.4992447
0.49924445
0.49924475
0.4992451
0.4992451
0.4992451
0.49924475
0.49924487
0.4992451
0.49924475
0.4992451
0.49924517
0.4992451
0.499245
0.49924505
0.4992451
0.49924523
0.49924523
0.499245
0.4992451
0.499245
0.49924535
0.49924487
0.49924505
0.49924535
0.4992451
0.499245
0.49924475
0.4992451
0.49924523
0.49924505
0.49924487
0.49924475
0.49924517
0.499245
0.49924427
0.49924475
0.4992451
0.4992448
0.49924487
0.4992451
0.49924546
0.49924487
0.49924535
0.4992451
0.499245
0.4992453
0.4992448
0.49924505
0.49924487
0.49924493
0.49924493
0.49924475
0.4992451
0.49924475
0.49924546
0.49924487
0.49924535
0.49924523
0.499245
0.49924487
0.4992447
0.49924505
0.4992448
0.49924493
0.49924523
0.49924535
0.499245
0.49924523
0.49924505
0.49924546
0.4992451
0.49924475
0.4992448
0.49924487
0.4992451
0.49924463
0.49924546
0.499245
0.49924493
0.49924487
0.49924535
0.49924517
0.49924487
0.49924558
0.49924487
0.4992451
0.49924487
0.49924523
0.49924463
0.4992444
0.49924517
0.4992451
0.4992444
0.49924535
0.49924535
0.49924487
0.499245
0.49924403
0.499245
0.49924463
0.4992445
0.49924517
0.4992438
0.49924493
0.49924636
0.499245
0.499245
0.49924523
0.4992451
0.4992444
0.49924475
0.4992438
0.49924493
0.49924517
0.49924546
0.4992451
0.4992451
0.49924475
0.49924475
0.4992451
0.49924475
0.4992445
0.499245
0.49924523
0.4992453
0.49924463
0.49924475
0.4992451
0.49924517
0.49924493
0.49924535
0.499245
0.49924457
0.49924523
0.49924523
0.499245
0.4992451
0.49924487
0.49924523
0.49924505
0.499245
0.49924546
0.4992451
0.499245
0.49924493
0.49924493
0.49924523
0.49924475
0.49924523
0.4992451
0.49924433
0.4992451
0.4992445
0.49924523
0.49924523
0.49924517
0.4992451
0.499245
0.499245
0.499245
0.4992451
0.49924487
0.4992451
0.49924463
0.4992451
0.49924523
0.49924487
0.4992445
0.49924493
0.49924493
0.49924552
0.49924523
0.49924582
0.49924523
0.49924487
0.4992451
0.49924475
0.4992448
0.49924523
0.4992451
0.4992451
0.49924523
0.49924523
0.4992445
0.49924487
0.49924487
0.499245
0.49924475
0.49924517
0.4992451
0.499245
0.49924463
0.49924415
0.49924505
0.49924517
0.4992453
0.499245
0.4992451
0.49924535
0.49924523
0.49924487
0.4992451
0.49924517
0.4992445
0.49924535
0.499245
0.49924582
0.49924487
0.4992451
0.49924535
0.49924523
0.49924505
0.499245
0.49924493
0.49924517
0.499245
0.4992451
0.499245
0.49924463
0.49924475
0.499245
0.49924457
0.49924552
0.49924475
0.49924493
0.49924487
0.49924487
0.499245
0.49924546
0.49924523
0.4992445
0.49924523
0.49924493
0.49924523
0.4992451
0.49924523
0.49924487
0.49924475
0.49924487
0.4992447
0.49924517
0.49924475
0.49924487
0.49924415
0.49924487
0.4992454
0.4992451
0.4992444
0.49924517
0.49924535
0.49924475
0.49924523
0.499245
0.49924523
0.49924487
0.4992451
0.49924493
0.49924487
0.49924487
0.49924523
0.499245
0.4992451
0.49924523
0.4992447
0.499245
0.499245
0.49924517
0.4992451
0.49924487
0.49924535
0.49924487
0.4992451
0.4992451
0.499245
0.4992444
0.4992451
0.49924517
0.4992451
0.49924463
0.4992448
0.49924487
0.4992451
0.49924535
0.49924523
0.4992469
0.49924552
0.49924487
0.49924517
0.4992451
0.49924517
0.49924463
0.49924487
0.499245
0.49924517
0.49924487
0.4992451
0.49924475
0.49924523
0.49924475
0.49924523
0.499245
0.49924523
0.499245
0.49924523
0.4992447
0.499245
0.4992448
0.49924535
0.49924523
0.49924475
0.49924523
0.49924487
0.4992451
0.49924535
0.49924487
0.4992451
0.4992453
0.49924517
0.49924517
0.49924523
0.49924493
0.49924505
0.49924546
0.49924487
0.4992448
0.4992451
0.49924487
0.49924493
0.49924523
0.4992451
0.499245
0.49924535
0.4992451
0.49924487
0.49924487
0.49924463
0.49924487
0.49924523
0.49924535
0.4992451
0.4992451
0.4992451
0.499245
0.499245
0.4992451
0.499245
0.4992438
0.499245
0.49924523
0.49924487
0.49924517
0.4992448
0.49924517
0.49924475
0.499245
0.49924612
0.499245
0.4992451
0.49924487
0.49924475
0.49924487
0.49924523
0.49924475
0.49924523
0.49924475
0.499245
0.49924535
0.499245
0.49924517
0.49924505
0.49924546
0.4992445
0.49924517
0.49924523
0.4992451
0.49924523
0.49924493
0.4992451
0.4992451
0.499245
0.4992453
0.4992447
0.49924517
0.49924475
0.49924463
0.499245
0.4992451
0.49924517
0.49924523
0.4992448
0.49924517
0.4992447
0.4992451
0.499245
0.49924487
0.4992453
0.49924523
0.49924517
0.49924493
0.49924546
0.499245
0.4992451
0.4992451
0.4992448
0.4992447
0.49924487
0.49924487
0.4992451
0.4992451
0.49924523
0.49924463
0.49924493
0.4992451
0.4992451
0.4992451
0.49924523
0.49924487
0.499245
0.49924475
0.4992451
0.4992451
0.49924505
0.49924487
0.49924535
0.499245
0.49924517
0.4992453
0.49924487
0.49924523
0.49924487
0.4992451
0.49924293
0.49924523
0.49924487
0.49924523
0.499245
0.49924487
0.4992451
0.49924523
0.4992451
0.49924493
0.49924517
0.49924487
0.49924546
0.49924517
0.499245
0.4992451
0.499245
0.49924475
0.49924523
0.49924523
0.499245
0.49924523
0.49924487
0.49924487
0.49924505
0.4992454
0.4992444
0.4992451
0.49924487
0.49924517
0.49924535
0.49924487
0.4992451
0.4992451
0.49924475
0.49924487
0.49924487
0.4992451
0.49924487
0.499245
0.4992451
0.4992445
0.4992451
0.49924517
0.499245
0.49924517
0.49924427
0.49924493
0.49924552
0.49924523
0.49924517
0.49924487
0.49924535
0.49924535
0.49924552
0.49924517
0.4992448
0.4992451
0.4992451
0.49924523
0.49924523
0.49924487
0.49924463
0.49924523
0.4992451
0.49924475
0.49924523
0.49924487
0.4992451
0.49924523
0.499245
0.4992454
0.4992451
0.49924523
0.49924487
0.49924493
0.49924535
0.4992453
0.49924392
0.49924582
0.4992451
0.4992451
0.49924523
0.4992451
0.49924463
0.49924523
0.4992447
0.49924487
0.49924487
0.49924552
0.4992453
0.49924493
0.49924523
0.49924392
0.499245
0.49924517
0.49924475
0.49924463
0.499245
0.49924505
0.49924487
0.4992454
0.49924535
0.499245
0.49924535
0.499245
0.49924487
0.49924523
0.49924523
0.4992451
0.499245
0.4992451
0.4992454
0.49924523
0.49924535
0.4992451
0.49924523
0.49924523
0.49924427
0.4992451
0.49924505
0.49924475
0.49924475
0.49924487
0.49924487
0.49924523
0.49924505
0.49924523
0.49924523
0.49924523
0.49924505
0.4992448
0.499245
0.49924523
0.49924517
0.49924523
0.49924493
0.4992438
0.49924505
0.4992451
0.4992451
0.49924487
0.49924493
0.4992451
0.49924487
0.499245
0.49924415
0.49924415
0.4992451
0.4992457
0.4992451
0.4992451
0.49924505
0.499245
0.49924487
0.49924505
0.4992448
0.49924493
0.4992451
0.49924457
0.4992451
0.49924463
0.499245
0.499245
0.49924505
0.4992453
0.49924523
0.49924517
0.4992454
0.49924505
0.49924475
0.499245
0.49924523
0.49924523
0.4992451
0.4992447
0.4992451
0.49924487
0.49924535
0.49924487
0.49924463
0.49924487
0.4992451
0.49924535
0.499245
0.499245
0.49924517
0.49924505
0.499245
0.49924487
0.4992451
0.4992457
0.49924475
0.49924505
0.499245
0.49924505
0.49924523
0.499245
0.49924463
0.49924487
0.49924523
0.49924475
0.49924475
0.49924487
0.499245
0.4992448
0.49924535
0.49924487
0.49924535
0.49924546
0.499245
0.49924475
0.4992448
0.4992451
0.4992451
0.4992451
0.499245
0.49924463
0.49924487
0.49924517
0.49924487
0.49924487
0.49924493
0.4992451
0.49924487
0.49924487
0.4992451
0.49924517
0.49924463
0.49924505
0.4992451
0.499245
0.49924582
0.499245
0.499245
0.4992451
0.49924487
0.49924523
0.4992444
0.49924475
0.49924487
0.49924517
0.49924463
0.4992451
0.49924475
0.49924487
0.49924523
0.49924523
0.4992453
0.4992451
0.49924523
0.49924493
0.499245
0.49924475
0.49924487
0.4992451
0.49924487
0.4992447
0.49924546
0.499245
0.49924535
0.4992451
0.49924463
0.49924475
0.49924403
0.49924523
0.49924493
0.4992435
0.49924505
0.49924523
0.49924493
0.4992448
0.49924505
0.4992447
0.4992453
0.49924546
0.49924475
0.4992451
0.4992451
0.49924463
0.49924505
0.49924505
0.49924517
0.49924487
0.49924523
0.49924487
0.49924475
0.49924523
0.49924487
0.4992448
0.49924475
0.49924487
0.499245
0.49924523
0.49924493
0.4992454
0.499245
0.49924535
0.49924552
0.49924487
0.4992451
0.49924487
0.49924493
0.4992448
0.4992445
0.49924505
0.499245
0.4992451
0.49924487
0.4992451
0.49924487
0.4992451
0.4992451
0.49924487
0.4992451
0.49924523
0.4992447
0.49924487
0.49924487
0.49924523
0.49924505
0.49924523
0.49924523
0.49924523
0.4992447
0.49924487
0.49924517
0.49924463
0.49924475
0.4992451
0.49924505
0.49924487
0.49924487
0.49924535
0.49924487
0.4992451
0.4992448
0.49924523
0.49924523
0.49924415
0.49924582
0.49924493
0.49924505
0.4992445
0.49924523
0.49924475
0.49924487
0.499245
0.49924475
0.49924475
0.4992445
0.4992451
0.499245
0.49924487
0.49924523
0.49924517
0.499245
0.49924523
0.49924523
0.4992451
0.49924523
0.49924487
0.49924487
0.4992451
0.49924487
0.49924523
0.49924487
0.499245
0.4992451
0.49924523
0.49924427
0.49924475
0.49924487
0.49924535
0.49924433
0.499245
0.49924487
0.49924535
0.49924457
0.4992451
0.49924517
0.49924517
0.49924487
0.49924505
0.49924475
0.499245
0.4992453
0.4992453
0.49924535
0.49924493
0.49924475
0.49924523
0.49924493
0.49924463
0.49924487
0.49924475
0.49924558
0.49924463
0.499245
0.49924535
0.49924463
0.499245
0.49924487
0.49924535
0.49924505
0.49924493
0.49924523
0.49924487
0.4992451
0.49924523
0.49924552
0.4992451
0.49924505
0.49924535
0.49924475
0.4992448
0.49924523
0.4992453
0.49924445
0.49924475
0.49924493
0.49924523
0.49924487
0.4992454
0.49924535
0.49924517
0.4992442
0.4992451
0.499245
0.49924487
0.49924457
0.49924487
0.49924487
0.49924523
0.49924523
0.4992448
0.49924475
0.49924493
0.499245
0.4992451
0.49924487
0.49924505
0.49924493
0.49924517
0.4992448
0.49924523
0.4992451
0.49924523
0.49924493
0.49924487
0.49924487
0.499245
0.499245
0.4992448
0.4992448
0.4992448
0.49924487
0.499245
0.49924523
0.49924475
0.4992451
0.49924523
0.4992445
0.49924487
0.49924487
0.4992451
0.49924487
0.49924535
0.49924523
0.4992453
0.499245
0.49924487
0.49924546
0.49924475
0.4992448
0.49924523
0.499245
0.49924517
0.49924517
0.49924523
0.499245
0.4992451
0.49924487
0.49924463
0.49924475
0.49924535
0.499245
0.499245
0.4992451
0.49924535
0.4992451
0.49924546
0.49924505
0.49924487
0.49924523
0.49924517
0.499245
0.4992448
0.49924505
0.49924558
0.49924523
0.49924493
0.49924582
0.499245
0.49924487
0.49924517
0.49924546
0.4992448
0.4992451
0.49924523
0.49924517
0.4992451
0.49924475
0.49924535
0.49924505
0.49924523
0.499245
0.49924487
0.49924475
0.49924523
0.49924517
0.49924475
0.49924487
0.49924487
0.49924546
0.49924535
0.499245
0.49924523
0.49924505
0.4992451
0.49924475
0.4992457
0.4992444
0.4992451
0.49924594
0.4992451
0.49924487
0.499245
0.49924505
0.4992451
0.49924475
0.49924523
0.49924463
0.49924475
0.49924475
0.49924475
0.49924487
0.4992451
0.49924523
0.49924487
0.49924546
0.499245
0.49924558
0.4992451
0.49924505
0.49924523
0.49924487
0.499245
0.4992451
0.499245
0.49924517
0.49924558
0.4992447
0.499245
0.49924493
0.49924523
0.49924523
0.4992441
0.4992451
0.49924517
0.49924463
0.499245
0.49924523
0.499245
0.49924535
0.49924523
0.49924487
0.499245
0.4992448
0.49924523
0.49924487
0.499245
0.49924523
0.49924505
0.4992451
0.49924487
0.49924546
0.49924546
0.49924493
0.499245
0.49924523
0.49924535
0.49924487
0.49924523
0.4992451
0.49924523
0.49924523
0.49924535
0.499245
0.49924493
0.49924487
0.4992451
0.4992451
0.49924546
0.4992451
0.49924517
0.49924493
0.49924523
0.499245
0.49924487
0.49924487
0.4992451
0.499245
0.49924475
0.49924487
0.49924517
0.49924517
0.49924475
0.4992451
0.49924523
0.49924463
0.49924612
0.4992451
0.49924505
0.499245
0.49924487
0.4992448
0.49924535
0.4992451
0.499245
0.4992451
0.49924475
0.4992451
0.49924475
0.49924523
0.499245
0.49924552
0.49924535
0.499245
0.49924487
0.49924475
0.49924493
0.499245
0.4992451
0.4992451
0.49924517
0.499245
0.499245
0.499245
0.49924505
0.499245
0.499245
0.4992447
0.49924487
0.4992451
0.4992451
0.499245
0.4992451
0.49924487
0.499245
0.499245
0.4992445
0.49924564
0.4992448
0.49924487
0.49924505
0.499245
0.499245
0.4992451
0.49924505
0.49924487
0.4992453
0.4992451
0.49924546
0.4992444
0.49924463
0.499245
0.49924517
0.49924523
0.499245
0.49924487
0.49924487
0.49924505
0.49924517
0.49924463
0.49924487
0.499246
0.49924523
0.4992451
0.499245
0.49924517
0.49924505
0.49924523
0.49924463
0.499245
0.49924487
0.49924517
0.4992448
0.49924475
0.4992457
0.499245
0.49924475
0.4992451
0.4992453
0.49924535
0.49924463
0.49924493
0.49924475
0.49924517
0.49924487
0.49924523
0.49924493
0.49924487
0.4992451
0.49924475
0.4992451
0.49924487
0.49924475
0.49924523
0.4992451
0.49924493
0.4992451
0.49924493
0.49924517
0.49924475
0.49924487
0.49924493
0.49924487
0.49924493
0.499245
0.49924523
0.49924475
0.49924427
0.49924427
0.49924475
0.49924523
0.4992448
0.49924505
0.4992453
0.4992451
0.49924475
0.4992451
0.49924475
0.49924487
0.4992453
0.49924487
0.49924523
0.499245
0.4992451
0.49924487
0.4992451
0.49924427
0.4992451
0.4992448
0.49924475
0.49924487
0.49924457
0.49924487
0.49924523
0.499245
0.49924523
0.49924475
0.49924523
0.49924666
0.49924505
0.49924487
0.4992451
0.49924517
0.49924493
0.4992448
0.49924523
0.49924523
0.49924487
0.49924487
0.49924487
0.49924517
0.49924523
0.49924487
0.49924523
0.49924493
0.499245
0.499245
0.49924523
0.49924505
0.49924475
0.49924523
0.49924523
0.49924493
0.4992451
0.49924487
0.49924487
0.49924523
0.49924523
0.49924493
0.49924535
0.4992451
0.49924487
0.4992445
0.4992451
0.49924535
0.499245
0.49924475
0.4992451
0.49924505
0.49924475
0.49924535
0.4992451
0.49924487
0.49924523
0.49924463
0.4992451
0.49924487
0.4992451
0.4992457
0.49924493
0.49924463
0.499245
0.4992451
0.49924523
0.4992451
0.49924463
0.499245
0.4992453
0.4992451
0.4992451
0.499245
0.49924517
0.49924517
0.49924487
0.49924487
0.49924487
0.499245
0.49924523
0.49924523
0.49924523
0.49924523
0.49924523
0.49924523
0.499245
0.499245
0.49924475
0.4992444
0.499245
0.499245
0.4992451
0.49924493
0.4992451
0.49924445
0.49924463
0.49924505
0.49924487
0.49924517
0.4992448
0.4992451
0.49924523
0.49924523
0.49924523
0.4992448
0.49924475
0.49924523
0.4992451
0.4992448
0.49924523
0.499245
0.49924493
0.4992454
0.499245
0.4992451
0.49924493
0.49924493
0.4992451
0.499245
0.49924475
0.49924487
0.49924546
0.4992451
0.4992451
0.49924535
0.4992442
0.4992451
0.49924523
0.49924546
0.49924523
0.49924475
0.4992451
0.49924546
0.49924517
0.49924523
0.49924475
0.499245
0.4992454
0.49924487
0.4992448
0.4992448
0.4992451
0.49924493
0.49924487
0.4992453
0.499245
0.49924523
0.4992451
0.4992451
0.49924523
0.4992447
0.4992453
0.499245
0.49924523
0.49924487
0.49924517
0.49924487
0.49924523
0.4992451
0.49924487
0.4992451
0.49924493
0.4992451
0.49924517
0.49924517
0.49924487
0.499245
0.49924487
0.49924523
0.499245
0.4992448
0.49924475
0.4992445
0.49924546
0.4992448
0.499245
0.4992451
0.49924487
0.49924517
0.49924535
0.49924523
0.49924487
0.49924493
0.4992451
0.49924523
0.499245
0.49924523
0.49924475
0.499245
0.4992451
0.4992454
0.49924535
0.49924505
0.4992451
0.4992451
0.499245
0.49924463
0.49924523
0.49924493
0.49924517
0.49924523
0.49924487
0.49924487
0.49924552
0.4992451
0.4992451
0.4992451
0.49924535
0.4992451
0.49924523
0.499245
0.49924517
0.4992451
0.49924487
0.499245
0.49924493
0.49924505
0.49924517
0.499245
0.4992445
0.49924475
0.4992451
0.499245
0.49924523
0.499245
0.49924523
0.49924487
0.49924487
0.49924505
0.49924523
0.4992451
0.49924487
0.49924493
0.49924606
0.49924505
0.49924523
0.499245
0.4992457
0.4992451
0.4992451
0.49924505
0.499245
0.499245
0.49924505
0.49924505
0.49924535
0.49924487
0.4992453
0.49924487
0.49924493
0.4992451
0.4992451
0.499245
0.49924487
0.49924523
0.49924475
0.4992451
0.49924517
0.49924392
0.49924487
0.4992447
0.4992448
0.49924457
0.49924523
0.499245
0.49924523
0.49924475
0.4992451
0.4992453
0.49924493
0.49924523
0.4992451
0.4992448
0.49924463
0.49924535
0.49924535
0.4992448
0.4992451
0.49924475
0.49924523
0.499245
0.49924535
0.499245
0.49924517
0.499245
0.49924493
0.499245
0.499245
0.49924475
0.49924475
0.49924546
0.49924493
0.499245
0.49924475
0.49924517
0.49924535
0.49924487
0.49924433
0.49924475
0.49924487
0.49924445
0.49924493
0.49924546
0.49924487
0.4992451
0.4992451
0.4992451
0.49924535
0.49924493
0.499245
0.4992447
0.499245
0.49924535
0.499245
0.49924487
0.4992444
0.49924493
0.49924493
0.49924487
0.49924487
0.49924493
0.4992447
0.49924487
0.49924558
0.49924487
0.4992453
0.49924523
0.499245
0.49924517
0.499245
0.4992448
0.499245
0.4992454
0.49924475
0.4992451
0.4992453
0.49924523
0.49924487
0.4992451
0.49924463
0.4992451
0.499245
0.4992451
0.49924523
0.49924517
0.4992451
0.49924523
0.4992451
0.49924487
0.4992448
0.4992453
0.49924487
0.499245
0.49924505
0.499245
0.49924487
0.49924523
0.4992451
0.499245
0.49924535
0.4992448
0.4992453
0.499245
0.4992451
0.4992451
0.49924487
0.49924463
0.49924475
0.49924487
0.49924487
0.49924475
0.49924517
0.49924487
0.4992445
0.49924523
0.49924535
0.49924523
0.49924475
0.49924523
0.4992448
0.499245
0.499245
0.499245
0.4992451
0.49924475
0.49924535
0.49924523
0.49924523
0.499245
0.49924523
0.49924523
0.49924517
0.49924463
0.49924487
0.49924523
0.499245
0.4992448
0.4992451
0.49924606
0.49924535
0.49924487
0.49924517
0.49924487
0.4992453
0.49924517
0.49924487
0.4992451
0.49924505
0.4992451
0.499245
0.49924487
0.49924523
0.49924493
0.49924487
0.4992447
0.49924487
0.49924523
0.49924493
0.4992451
0.49924523
0.49924523
0.4992448
0.49924493
0.49924457
0.4992453
0.4992451
0.49924487
0.49924517
0.49924487
0.49924523
0.49924487
0.49924523
0.49924505
0.4992448
0.49924356
0.4992451
0.49924517
0.49924517
0.4992448
0.49924493
0.4992451
0.49924535
0.49924523
0.4992448
0.4992451
0.49924487
0.49924523
0.4992451
0.49924368
0.49924523
0.49924487
0.4992445
0.4992476
0.499245
0.49924463
0.49924535
0.4992451
0.49924457
0.4992451
0.49924505
0.49924517
0.4992451
0.4992448
0.49924463
0.4992448
0.49924487
0.49924487
0.49924487
0.49924475
0.49924487
0.49924523
0.4992453
0.49924523
0.4992451
0.49924535
0.4992448
0.49924523
0.49924505
0.49924582
0.49924523
0.499245
0.49924582
0.4992451
0.49924558
0.4992445
0.49924523
0.4992451
0.4992451
0.4992457
0.49924493
0.4992453
0.49924552
0.49924517
0.4992453
0.49924487
0.4992445
0.4992453
0.49924487
0.49924517
0.49924493
0.4992448
0.4992447
0.4992445
0.49924517
0.49924523
0.49924487
0.4992451
0.49924487
0.4992451
0.4992451
0.49924558
0.49924535
0.49924463
0.49924523
0.499245
0.4992453
0.499245
0.499245
0.49924427
0.49924475
0.4992451
0.49924523
0.499245
0.4992448
0.4992451
0.49924487
0.49924475
0.49924517
0.49924505
0.49924505
0.4992451
0.49924475
0.499245
0.49924487
0.49924445
0.49924546
0.49924517
0.4992453
0.49924475
0.499245
0.49924487
0.499245
0.4992451
0.4992453
0.4992451
0.49924546
0.49924535
0.499245
0.49924523
0.49924535
0.4992453
0.49924523
0.49924493
0.49924505
0.49924487
0.49924558
0.49924523
0.499245
0.4992444
0.49924487
0.4992451
0.49924475
0.4992451
0.49924523
0.49924487
0.49924535
0.49924517
0.49924523
0.49924546
0.49924517
0.499245
0.4992451
0.49924487
0.49924493
0.49924487
0.49924487
0.49924523
0.4992453
0.49924535
0.4992445
0.49924415
0.49924535
0.499245
0.499245
0.49924523
0.4992451
0.49924487
0.49924523
0.4992451
0.499245
0.49924493
0.4992451
0.49924493
0.49924487
0.49924523
0.49924487
0.49924487
0.4992444
0.49924487
0.49924475
0.4992447
0.499245
0.4992453
0.499245
0.49924487
0.49924463
0.4992453
0.49924493
0.4992447
0.49924517
0.4992451
0.4992448
0.49924475
0.499245
0.49924505
0.4992451
0.4992448
0.4992453
0.4992448
0.49924517
0.49924493
0.499247
0.4992451
0.4992451
0.499245
0.49924523
0.49924487
0.49924463
0.499245
0.4992451
0.49924463
0.4992451
0.49924546
0.49924475
0.49924523
0.4992451
0.49924475
0.49924523
0.49924362
0.4992451
0.49924493
0.49924535
0.49924523
0.49924523
0.49924475
0.4992451
0.49924487
0.49924475
0.4992451
0.4992432
0.49924475
0.49924475
0.4992451
0.49924517
0.49924517
0.499245
0.4992451
0.499245
0.49924517
0.49924475
0.4992453
0.4992453
0.4992453
0.49924475
0.4992451
0.4992451
0.49924505
0.49924505
0.49924517
0.49924487
0.4992451
0.4992453
0.49924517
0.499245
0.4992451
0.4992453
0.49924475
0.49924523
0.49924487
0.49924505
0.499245
0.49924523
0.49924523
0.499245
0.499245
0.499245
0.4992444
0.4992451
0.49924517
0.49924487
0.4992444
0.49924535
0.49924487
0.49924463
0.49924487
0.49924487
0.49924475
0.49924523
0.49924463
0.49924517
0.49924535
0.49924493
0.4992448
0.4992451
0.49924487
0.4992451
0.49924523
0.49924487
0.499245
0.49924558
0.4992451
0.49924517
0.49924523
0.49924523
0.499245
0.4992451
0.49924487
0.49924535
0.4992451
0.49924487
0.49924505
0.49924523
0.4992451
0.4992451
0.49924493
0.4992451
0.4992451
0.49924546
0.49924523
0.49924487
0.499245
0.4992453
0.4992453
0.49924487
0.49924475
0.49924517
0.49924517
0.49924493
0.49924487
0.49924535
0.49924517
0.4992445
0.49924475
0.499245
0.4992453
0.49924475
0.49924535
0.49924517
0.49924558
0.4992453
0.4992451
0.49924487
0.49924523
0.49924517
0.49924535
0.499245
0.49924552
0.49924546
0.49924505
0.49924487
0.49924493
0.4992447
0.49924386
0.4992451
0.49924517
0.499245
0.499245
0.49924505
0.499245
0.49924463
0.4992451
0.4992451
0.49924493
0.4992454
0.4992451
0.49924523
0.49924523
0.49924463
0.4992451
0.499245
0.499245
0.4992453
0.49924517
0.4992453
0.49924517
0.49924397
0.49924475
0.49924475
0.49924523
0.49924463
0.49924535
0.4992457
0.4992448
0.49924523
0.49924517
0.49924505
0.49924546
0.49924517
0.49924487
0.499245
0.49924523
0.49924505
0.499245
0.4992448
0.49924487
0.49924475
0.49924535
0.49924475
0.499245
0.4992451
0.49924523
0.4992451
0.49924463
0.4992453
0.4992451
0.499245
0.4992451
0.49924487
0.4992454
0.49924463
0.49924523
0.499245
0.49924546
0.4992447
0.49924517
0.49924493
0.4992447
0.4992451
0.49924493
0.49924523
0.4992451
0.49924517
0.4992451
0.49924487
0.4992448
0.49924517
0.4992454
0.49924523
0.49924487
0.49924505
0.49924523
0.4992451
0.49924493
0.49924523
0.49924475
0.49924487
0.4992451
0.49924487
0.49924517
0.4992445
0.49924535
0.49924493
0.4992451
0.499245
0.49924463
0.49924517
0.49924457
0.49924487
0.49924487
0.49924517
0.49924523
0.499245
0.49924517
0.4992454
0.49924523
0.4992451
0.49924523
0.499245
0.49924523
0.49924505
0.49924505
0.49924552
0.4992451
0.49924487
0.49924535
0.49924505
0.4992453
0.49924463
0.49924523
0.4992447
0.49924523
0.4992453
0.4992451
0.4992453
0.49924523
0.49924505
0.499245
0.49924523
0.499245
0.49924493
0.4992451
0.499245
0.4992453
0.4992451
0.49924523
0.49924523
0.49924535
0.49924487
0.49924475
0.4992447
0.49924505
0.49924475
0.49924535
0.499245
0.49924493
0.499245
0.4992451
0.49924523
0.49924493
0.49924433
0.49924517
0.499245
0.49924445
0.4992454
0.4992451
0.49924493
0.499245
0.4992451
0.49924523
0.499245
0.4992451
0.49924463
0.49924505
0.49924576
0.499245
0.4992453
0.49924487
0.4992451
0.4992447
0.49924523
0.49924523
0.49924487
0.49924517
0.49924487
0.49924475
0.49924582
0.49924487
0.4992451
0.49924475
0.49924475
0.4992451
0.49924523
0.4992451
0.49924523
0.4992445
0.49924463
0.49924487
0.49924487
0.49924487
0.4992451
0.49924445
0.4992454
0.49924517
0.49924523
0.49924487
0.49924463
0.49924475
0.4992445
0.4992451
0.49924487
0.4992453
0.49924523
0.49924535
0.4992451
0.499245
0.49924493
0.4992451
0.499245
0.49924523
0.499245
0.49924505
0.49924493
0.49924463
0.49924517
0.49924523
0.49924552
0.4992451
0.49924505
0.49924505
0.49924505
0.4992451
0.49924487
0.49924517
0.49924475
0.49924493
0.49924523
0.49924523
0.49924558
0.4992451
0.49924523
0.4992448
0.49924487
0.49924505
0.499245
0.49924523
0.49924475
0.4992451
0.499245
0.49924475
0.499245
0.49924505
0.499245
0.49924535
0.49924487
0.4992453
0.49924487
0.49924487
0.4992451
0.499245
0.49924475
0.49924463
0.49924493
0.49924523
0.49924523
0.49924427
0.49924487
0.49924493
0.49924493
0.49924517
0.4992444
0.49924517
0.49924517
0.49924535
0.49924475
0.49924535
0.49924487
0.499245
0.4992451
0.4992453
0.499245
0.49924493
0.49924505
0.49924535
0.4992451
0.49924487
0.49924475
0.49924546
0.49924475
0.49924546
0.49924523
0.4992451
0.49924517
0.4992451
0.49924523
0.49924523
0.4992451
0.499245
0.4992451
0.4992453
0.49924535
0.4992451
0.49924487
0.49924523
0.4992451
0.49924475
0.4992448
0.49924487
0.4992451
0.4992451
0.49924493
0.4992451
0.49924523
0.499245
0.49924475
0.4992451
0.49924487
0.49924487
0.49924505
0.4992451
0.49924523
0.4992451
0.499245
0.49924523
0.4992451
0.49924475
0.4992453
0.49924487
0.49924546
0.49924505
0.49924505
0.49924582
0.4992451
0.4992451
0.499245
0.49924487
0.4992447
0.49924475
0.499245
0.49924493
0.4992451
0.49924523
0.4992445
0.49924523
0.49924523
0.49924517
0.49924475
0.49924427
0.49924475
0.49924403
0.499245
0.499245
0.4992451
0.49924523
0.49924523
0.4992451
0.4992451
0.49924505
0.49924487
0.4992451
0.499245
0.499245
0.49924487
0.499245
0.4992448
0.49924493
0.49924535
0.4992451
0.4992453
0.4992445
0.49924487
0.4992451
0.4992424
0.4992451
0.49924493
0.4992448
0.49924523
0.49924517
0.49924487
0.49924505
0.49924523
0.49924505
0.49924463
0.4992451
0.49924487
0.4992445
0.499245
0.49924487
0.4992451
0.4992457
0.49924427
0.49924505
0.4992451
0.499245
0.4992451
0.49924523
0.49924487
0.499245
0.4992451
0.499245
0.4992447
0.4992445
0.49924523
0.49924523
0.4992448
0.49924535
0.49924457
0.4992451
0.499245
0.49924523
0.49924487
0.49924535
0.4992448
0.4992451
0.49924535
0.49924523
0.49924487
0.4992451
0.49924457
0.49924487
0.499245
0.49924487
0.499245
0.4992448
0.499245
0.49924523
0.4992448
0.49924475
0.4992451
0.49924445
0.4992444
0.49924535
0.4992451
0.4992444
0.49924535
0.4992448
0.49924487
0.499245
0.499245
0.4992441
0.49924523
0.4992451
0.49924523
0.49924463
0.49924487
0.49924475
0.499245
0.49924535
0.49924523
0.49924493
0.49924535
0.499245
0.49924618
0.49924517
0.49924517
0.499245
0.49924523
0.49924535
0.49924487
0.499245
0.49924517
0.49924493
0.49924535
0.49924517
0.499245
0.499245
0.499245
0.49924535
0.49924535
0.4992451
0.49924505
0.4992444
0.49924493
0.49924487
0.49924487
0.49924475
0.49924588
0.49924493
0.4992451
0.4992447
0.49924475
0.499245
0.4992451
0.49924487
0.4992445
0.4992451
0.49924523
0.499245
0.49924523
0.4992451
0.499245
0.499245
0.49924487
0.4992451
0.4992444
0.49924487
0.4992448
0.49924535
0.4992453
0.49924523
0.49924523
0.49924654
0.49924535
0.49924523
0.49924487
0.4992448
0.49924487
0.49924517
0.49924475
0.49924487
0.4992463
0.49924487
0.499245
0.49924505
0.49924546
0.49924493
0.4992451
0.49924517
0.499245
0.49924493
0.49924487
0.49924594
0.49924475
0.49924463
0.49924523
0.499245
0.49924523
0.49924535
0.4992451
0.49924558
0.49924415
0.4992451
0.49924463
0.4992453
0.49924505
0.49924493
0.49924487
0.4992451
0.499245
0.49924392
0.4992453
0.4992448
0.49924523
0.49924523
0.49924552
0.4992451
0.49924487
0.4992454
0.49924523
0.499245
0.4992451
0.499245
0.4992451
0.499245
0.49924463
0.49924487
0.49924523
0.499245
0.499245
0.49924558
0.499245
0.49924523
0.4992445
0.49924523
0.49924517
0.49924505
0.49924487
0.49924546
0.49924487
0.49924535
0.49924463
0.49924475
0.49924487
0.49924517
0.49924487
0.49924415
0.499245
0.4992451
0.499245
0.4992454
0.49924523
0.49924463
0.49924523
0.49924487
0.4992451
0.49924487
0.49924505
0.4992451
0.49924535
0.49924505
0.49924523
0.49924517
0.49924493
0.499245
0.49924487
0.49924535
0.49924493
0.49924523
0.49924433
0.49924403
0.499245
0.49924505
0.4992448
0.4992445
0.49924487
0.49924457
0.4992451
0.49924505
0.4992451
0.49924493
0.499245
0.49924403
0.49924523
0.49924493
0.49924523
0.49924505
0.49924493
0.499245
0.4992454
0.49924505
0.49924475
0.49924463
0.49924535
0.499245
0.49924463
0.499245
0.49924523
0.49924523
0.499245
0.49924523
0.4992451
0.49924523
0.49924505
0.4992447
0.49924523
0.49924523
0.499245
0.49924487
0.49924475
0.49924457
0.49924523
0.49924505
0.4992451
0.4992451
0.49924475
0.4992453
0.49924493
0.49924523
0.49924487
0.4992448
0.4992454
0.4992451
0.49924535
0.4992451
0.49924523
0.49924505
0.49924505
0.49924487
0.49924523
0.49924517
0.49924505
0.49924523
0.49924475
0.499245
0.4992451
0.4992445
0.49924487
0.499245
0.49924487
0.4992453
0.4992451
0.49924403
0.499245
0.49924517
0.4992451
0.49924475
0.4992451
0.49924487
0.49924523
0.499245
0.49924463
0.49924523
0.4992451
0.499245
0.499245
0.49924523
0.49924475
0.49924535
0.49924558
0.49924493
0.49924523
0.49924493
0.49924523
0.4992453
0.49924493
0.49924475
0.49924445
0.49924517
0.49924523
0.4992448
0.4992466
0.49924523
0.4992448
0.49924287
0.499245
0.4992447
0.4992451
0.4992451
0.49924576
0.49924475
0.4992454
0.4992451
0.499245
0.49924523
0.49924546
0.49924427
0.49924517
0.49924487
0.49924552
0.49924523
0.49924493
0.49924475
0.49924493
0.4992451
0.4992451
0.49924517
0.499245
0.49924517
0.49924493
0.49924487
0.4992451
0.49924487
0.49924463
0.49924535
0.49924487
0.4992444
0.4992451
0.4992451
0.4992447
0.49924493
0.49924487
0.49924475
0.49924493
0.4992451
0.49924487
0.49924517
0.4992448
0.49924535
0.499245
0.49924523
0.499245
0.49924564
0.4992454
0.49924523
0.49924487
0.49924523
0.4992444
0.49924523
0.49924564
0.4992451
0.49924523
0.499245
0.4992451
0.4992453
0.49924535
0.49924487
0.4992445
0.49924475
0.49924427
0.4992451
0.4992444
0.499245
0.49924487
0.499245
0.499245
0.49924535
0.4992451
0.49924535
0.49924546
0.49924475
0.499245
0.49924505
0.499245
0.49924523
0.49924493
0.499245
0.4992451
0.49924487
0.4992451
0.49924523
0.499245
0.49924523
0.49924487
0.49924523
0.49924558
0.49924487
0.49924463
0.49924493
0.49924535
0.49924523
0.49924493
0.4992451
0.499245
0.49924487
0.49924546
0.49924487
0.49924487
0.4992447
0.49924463
0.49924475
0.49924505
0.49924487
0.49924517
0.49924493
0.499245
0.4992453
0.49924523
0.4992451
0.4992451
0.4992451
0.49924463
0.499245
0.49924523
0.49924457
0.49924475
0.49924487
0.499245
0.49924487
0.49924487
0.4992451
0.49924535
0.4992466
0.49924517
0.49924487
0.49924546
0.49924493
0.4992451
0.49924463
0.49924523
0.49924463
0.49924517
0.49924487
0.4992451
0.499245
0.49924487
0.49924535
0.499245
0.49924523
0.49924517
0.49924463
0.4992451
0.4992444
0.4992451
0.49924535
0.49924487
0.49924475
0.49924535
0.49924487
0.4992451
0.499245
0.499245
0.4992453
0.4992451
0.49924523
0.4992448
0.49924517
0.49924523
0.499245
0.49924523
0.49924523
0.49924523
0.499245
0.499245
0.49924505
0.4992451
0.499245
0.49924487
0.49924523
0.49924523
0.49924487
0.49924487
0.4992451
0.49924535
0.49924535
0.4992451
0.49924535
0.49924517
0.4992444
0.49924487
0.499245
0.4992451
0.4992451
0.4992453
0.4992451
0.4992451
0.4992453
0.49924487
0.4992451
0.49924487
0.4992448
0.499245
0.49924523
0.49924475
0.49924505
0.49924487
0.4992451
0.499245
0.4992448
0.49924427
0.499245
0.49924487
0.49924517
0.49924487
0.49924517
0.49924493
0.49924505
0.499245
0.49924475
0.49924475
0.4992451
0.4992438
0.4992451
0.49924475
0.4992448
0.49924463
0.499245
0.49924487
0.49924523
0.49924392
0.49924487
0.4992448
0.49924493
0.4992451
0.499245
0.4992466
0.499245
0.49924505
0.4992451
0.49924505
0.49924558
0.49924487
0.49924523
0.49924535
0.49924535
0.4992451
0.49924523
0.49924523
0.4992447
0.49924535
0.49924487
0.49924475
0.499245
0.4992451
0.49924487
0.49924487
0.49924505
0.49924523
0.49924475
0.49924475
0.49924535
0.49924505
0.49924487
0.49924564
0.499245
0.49924517
0.49924493
0.499245
0.49924523
0.49924517
0.49924535
0.49924475
0.4992451
0.49924523
0.49924505
0.49924535
0.49924487
0.49924535
0.49924463
0.4992451
0.49924475
0.49924535
0.49924523
0.49924505
0.49924535
0.499245
0.4992451
0.49924475
0.49924564
0.49924505
0.49924487
0.49924517
0.49924523
0.4992451
0.4992451
0.4992451
0.4992451
0.49924535
0.4992451
0.499245
0.49924505
0.499245
0.499245
0.49924517
0.4992451
0.49924463
0.4992451
0.49924523
0.49924505
0.49924523
0.4992451
0.49924546
0.49924523
0.49924493
0.49924487
0.49924487
0.499245
0.4992453
0.49924487
0.49924487
0.49924535
0.49924517
0.49924523
0.49924487
0.49924523
0.49924475
0.49924505
0.49924487
0.49924487
0.49924487
0.4992447
0.49924463
0.49924523
0.4992451
0.49924523
0.499245
0.4992445
0.4992451
0.49924535
0.499245
0.49924564
0.4992448
0.4992451
0.4992453
0.49924594
0.49924552
0.499245
0.499245
0.49924493
0.4992453
0.49924523
0.49924415
0.49924535
0.49924505
0.49924487
0.499245
0.4992453
0.49924463
0.4992453
0.4992451
0.49924493
0.49924463
0.49924517
0.49924463
0.4992451
0.4992445
0.499245
0.49924487
0.4992451
0.49924487
0.499245
0.499245
0.49924535
0.499245
0.4992451
0.4992453
0.4992453
0.49924487
0.49924487
0.49924523
0.49924493
0.49924487
0.499245
0.49924487
0.4992451
0.4992451
0.49924523
0.4992451
0.49924535
0.49924493
0.49924487
0.49924523
0.49924505
0.49924487
0.49924517
0.49924505
0.49924493
0.49924523
0.49924523
0.49924523
0.499245
0.49924535
0.49924463
0.49924493
0.4992451
0.49924523
0.49924523
0.49924535
0.49924475
0.49924487
0.49924487
0.49924523
0.4992448
0.499245
0.49924517
0.49924487
0.49924523
0.49924463
0.49924487
0.49924564
0.49924517
0.499245
0.49924535
0.49924517
0.4992448
0.499245
0.49924517
0.4992454
0.4992451
0.4992451
0.49924523
0.49924523
0.49924487
0.4992451
0.4992451
0.49924487
0.4992451
0.49924535
0.49924505
0.4992447
0.4992451
0.49924523
0.49924523
0.4992451
0.49924475
0.49924475
0.49924457
0.4992451
0.49924523
0.4992448
0.49924523
0.49924535
0.49924475
0.49924535
0.4992451
0.49924523
0.4992451
0.4992444
0.49924505
0.49924517
0.49924517
0.4992448
0.499245
0.49924487
0.49924535
0.49924535
0.49924523
0.49924487
0.499245
0.499245
0.49924523
0.49924523
0.4992448
0.49924505
0.49924487
0.4992445
0.499245
0.49924487
0.4992451
0.49924517
0.49924487
0.49924558
0.49924523
0.49924517
0.499245
0.49924487
0.49924397
0.49924505
0.4992451
0.4992451
0.499245
0.49924505
0.49924487
0.4992451
0.499245
0.499245
0.499245
0.4992451
0.49924475
0.49924505
0.49924523
0.49924463
0.49924475
0.4992451
0.4992448
0.499245
0.49924523
0.4992451
0.49924505
0.49924493
0.49924487
0.49924487
0.4992451
0.4992451
0.49924523
0.49924487
0.4992451
0.49924523
0.499245
0.499245
0.49924475
0.49924523
0.499245
0.49924463
0.4992448
0.49924523
0.4992451
0.4992447
0.49924517
0.49924523
0.49924475
0.49924517
0.4992451
0.4992453
0.49924576
0.49924535
0.49924475
0.499245
0.49924487
0.49924475
0.49924523
0.49924523
0.49924523
0.4992454
0.49924535
0.49924475
0.4992451
0.49924505
0.4992448
0.49924457
0.499245
0.49924523
0.49924517
0.49924558
0.49924505
0.4992453
0.49924487
0.4992445
0.499245
0.4992448
0.4992448
0.49924535
0.49924523
0.4992451
0.49924487
0.49924475
0.49924487
0.4992448
0.49924535
0.49924445
0.4992451
0.4992448
0.4992451
0.49924535
0.499245
0.4992451
0.49924493
0.499245
0.4992451
0.49924493
0.49924523
0.49924487
0.4992448
0.499245
0.49924475
0.4992451
0.49924487
0.49924487
0.4992451
0.49924463
0.49924523
0.49924523
0.49924523
0.49924523
0.4992444
0.4992451
0.49924463
0.4992451
0.49924475
0.49924487
0.49924535
0.49924523
0.49924487
0.4992448
0.49924487
0.49924356
0.49924558
0.4992451
0.49924517
0.49924475
0.499246
0.49924487
0.49924475
0.49924505
0.4992451
0.49924493
0.49924523
0.49924475
0.4992451
0.49924523
0.4992451
0.4992451
0.49924517
0.49924487
0.4992451
0.49924523
0.4992453
0.499245
0.4992451
0.4992453
0.49924487
0.49924487
0.49924523
0.49924523
0.49924535
0.49924535
0.4992451
0.4992448
0.4992451
0.49924517
0.4992453
0.49924487
0.499245
0.49924535
0.499245
0.49924487
0.4992453
0.49924517
0.49924523
0.49924475
0.49924487
0.49924505
0.49924546
0.4992451
0.4992451
0.499245
0.4992451
0.4992451
0.4992451
0.49924487
0.49924523
0.49924487
0.499245
0.499245
0.4992451
0.499245
0.49924552
0.49924558
0.49924463
0.4992451
0.4992451
0.49924493
0.49924505
0.4992451
0.4992451
0.49924505
0.4992451
0.49924427
0.49924493
0.49924505
0.49924487
0.4992451
0.49924523
0.49924493
0.49924475
0.4992451
0.49924505
0.49924523
0.49924487
0.49924487
0.4992451
0.4992451
0.49924427
0.4992451
0.49924475
0.49924463
0.49924523
0.4992453
0.4992448
0.4992453
0.49924487
0.49924403
0.4992448
0.49924427
0.4992445
0.49924517
0.4992451
0.4992451
0.49924523
0.49924505
0.49924487
0.49924475
0.4992451
0.499245
0.49924523
0.49924505
0.49924523
0.4992451
0.49924523
0.499245
0.4992451
0.49924427
0.499245
0.49924523
0.4992453
0.49924505
0.49924505
0.499245
0.49924523
0.49924523
0.4992448
0.49924487
0.4992451
0.499245
0.4992444
0.49924523
0.49924475
0.4992448
0.49924487
0.49924505
0.4992448
0.49924487
0.49924487
0.4992444
0.4992451
0.49924433
0.49924523
0.49924535
0.4992451
0.49924487
0.49924523
0.4992454
0.49924505
0.49924463
0.49924487
0.49924487
0.4992451
0.49924493
0.49924517
0.49924505
0.49924475
0.49924523
0.4992447
0.49924475
0.499245
0.49924493
0.49924505
0.499245
0.4992451
0.49924493
0.49924487
0.499245
0.49924523
0.49924475
0.4992445
0.49924517
0.499245
0.4992451
0.49924487
0.49924523
0.499245
0.4992451
0.4992448
0.49924523
0.49924487
0.49924487
0.499245
0.499245
0.4992451
0.49924487
0.49924517
0.49924487
0.49924487
0.4992451
0.49924487
0.49924475
0.49924475
0.49924487
0.49924487
0.499245
0.49924546
0.4992451
0.49924475
0.4992451
0.49924505
0.49924535
0.49924487
0.499245
0.49924493
0.49924493
0.49924493
0.49924523
0.49924493
0.49924487
0.4992453
0.49924523
0.49924475
0.49924517
0.49924558
0.49924487
0.4992451
0.49924594
0.49924493
0.49924475
0.49924523
0.49924523
0.4992451
0.49924552
0.49924475
0.4992451
0.4992454
0.499245
0.4992448
0.49924535
0.49924523
0.49924523
0.49924523
0.4992451
0.49924517
0.499245
0.49924403
0.4992451
0.49924457
0.49924487
0.49924505
0.4992442
0.49924487
0.4992447
0.49924493
0.49924523
0.4992451
0.49924517
0.49924493
0.49924517
0.499245
0.49924523
0.49924487
0.49924535
0.49924517
0.49924523
0.4992451
0.49924487
0.499245
0.4992448
0.49924546
0.49924487
0.4992451
0.49924523
0.499245
0.499245
0.4992448
0.4992451
0.499245
0.49924505
0.4992451
0.49924487
0.49924523
0.49924546
0.49924535
0.49924523
0.49924505
0.49924523
0.49924523
0.499245
0.49924487
0.4992451
0.49924475
0.49924523
0.49924493
0.49924535
0.49924535
0.49924517
0.49924487
0.49924523
0.4992451
0.49924487
0.4992451
0.4992451
0.49924487
0.49924535
0.499245
0.499245
0.499245
0.499245
0.499245
0.49924463
0.49924463
0.499245
0.499245
0.49924546
0.49924487
0.499245
0.49924523
0.49924487
0.4992451
0.49924487
0.49924517
0.4992448
0.499245
0.49924493
0.4992453
0.49924475
0.49924493
0.49924523
0.49924463
0.499245
0.49924535
0.49924523
0.49924523
0.49924523
0.499245
0.49924487
0.4992448
0.49924493
0.49924493
0.4992451
0.499245
0.4992447
0.49924475
0.499245
0.499245
0.499245
0.4992451
0.49924546
0.4992454
0.49924475
0.49924475
0.499245
0.49924487
0.49924517
0.49924523
0.49924523
0.4992451
0.499245
0.49924487
0.499245
0.49924463
0.4992441
0.49924535
0.49924523
0.49924487
0.49924463
0.499245
0.4992451
0.49924535
0.49924517
0.49924493
0.49924487
0.49924463
0.4992448
0.4992451
0.4992451
0.49924463
0.49924517
0.49924523
0.4992451
0.49924314
0.49924487
0.49924475
0.49924475
0.49924523
0.49924487
0.4992451
0.4992448
0.49924523
0.49924487
0.4992453
0.49924535
0.49924535
0.49924523
0.49924517
0.499245
0.499245
0.49924463
0.49924487
0.49924487
0.49924487
0.49924487
0.49924463
0.4992451
0.49924523
0.49924493
0.499245
0.499245
0.49924493
0.499245
0.49924517
0.49924523
0.4992451
0.49924487
0.49924487
0.49924523
0.49924523
0.49924535
0.499245
0.499245
0.49924523
0.499245
0.49924523
0.49924517
0.4992451
0.49924463
0.49924523
0.49924487
0.49924517
0.4992451
0.49924558
0.4992451
0.4992448
0.49924487
0.49924517
0.49924427
0.49924463
0.49924546
0.49924487
0.4992447
0.49924505
0.49924487
0.49924517
0.49924475
0.49924475
0.49924505
0.49924475
0.49924493
0.49924475
0.49924535
0.499245
0.4992451
0.49924517
0.4992453
0.49924487
0.49924523
0.49924403
0.49924505
0.499245
0.49924523
0.499245
0.49924523
0.4992451
0.499245
0.4992451
0.4992451
0.4992451
0.4992451
0.49924535
0.499245
0.49924523
0.49924523
0.49924463
0.49924493
0.49924487
0.499245
0.49924523
0.49924517
0.49924523
0.49924517
0.49924505
0.499245
0.49924505
0.49924463
0.49924487
0.49924463
0.49924523
0.49924487
0.49924523
0.4992444
0.49924457
0.49924523
0.49924487
0.4992445
0.49924546
0.4992447
0.49924487
0.499245
0.4992451
0.49924487
0.4992451
0.4992451
0.49924493
0.4992451
0.49924535
0.49924487
0.4992448
0.4992454
0.4992445
0.49924505
0.4992445
0.4992451
0.49924475
0.49924475
0.499245
0.49924523
0.4992442
0.4992453
0.49924552
0.49924487
0.4992451
0.4992451
0.49924487
0.49924475
0.49924535
0.4992448
0.4992448
0.49924517
0.49924487
0.49924493
0.4992453
0.49924505
0.4992451
0.49924505
0.49924523
0.49924505
0.499245
0.49924517
0.4992448
0.4992447
0.4992451
0.49924493
0.49924487
0.49924415
0.49924487
0.4992453
0.49924523
0.4992451
0.49924415
0.49924487
0.49924475
0.49924517
0.49924505
0.49924475
0.499245
0.49924523
0.49924523
0.49924523
0.4992454
0.49924493
0.4992448
0.4992451
0.4992451
0.499245
0.4992453
0.49924463
0.49924487
0.4992451
0.4992457
0.49924475
0.4992451
0.4992448
0.49924487
0.49924457
0.49924493
0.4992451
0.49924493
0.49924493
0.49924517
0.4992448
0.49924463
0.49924523
0.49924523
0.49924523
0.49924475
0.4992451
0.49924517
0.49924523
0.49924487
0.49924535
0.4992451
0.4992451
0.49924475
0.4992454
0.4992451
0.49924487
0.49924517
0.4992448
0.499245
0.49924463
0.49924487
0.49924517
0.49924487
0.499245
0.499245
0.49924517
0.49924535
0.49924523
0.49924487
0.49924546
0.49924493
0.499245
0.49924475
0.49924487
0.49924493
0.49924535
0.49924493
0.4992445
0.4992451
0.49924475
0.49924505
0.4992451
0.4992451
0.49924487
0.4992451
0.4992448
0.49924505
0.499245
0.499245
0.49924523
0.49924457
0.49924523
0.4992444
0.49924475
0.499245
0.49924427
0.4992451
0.4992451
0.49924487
0.4992451
0.4992451
0.4992451
0.49924535
0.4992451
0.499245
0.4992451
0.4992451
0.499245
0.49924546
0.49924535
0.49924487
0.4992447
0.4992453
0.49924487
0.499245
0.49924523
0.499245
0.499245
0.4992453
0.49924505
0.49924487
0.49924523
0.49924523
0.499245
0.49924552
0.49924517
0.4992451
0.499245
0.49924523
0.49924505
0.4992454
0.49924535
0.49924523
0.4992451
0.49924457
0.49924493
0.4992451
0.49924523
0.49924487
0.4992451
0.49924523
0.4992453
0.49924523
0.49924487
0.4992451
0.49924463
0.49924463
0.49924463
0.4992451
0.49924505
0.49924523
0.4992451
0.49924493
0.4992451
0.4992454
0.4992448
0.49924493
0.49924475
0.499245
0.49924535
0.4992453
0.4992451
0.49924487
0.49924535
0.499245
0.49924487
0.49924493
0.49924523
0.4992451
0.4992444
0.49924517
0.49924535
0.49924487
0.49924487
0.49924523
0.49924505
0.49924493
0.49924546
0.49924523
0.4992444
0.499245
0.4992451
0.49924523
0.49924487
0.49924475
0.49924523
0.4992451
0.49924487
0.4992448
0.499245
0.49924487
0.499245
0.49924523
0.49924517
0.49924505
0.49924552
0.4992451
0.49924487
0.49924493
0.4992445
0.4992451
0.49924493
0.49924487
0.49924523
0.49924397
0.49924523
0.4992451
0.49924475
0.49924487
0.49924493
0.4992447
0.499245
0.499245
0.4992447
0.49924487
0.49924535
0.4992451
0.49924463
0.499245
0.49924493
0.4992454
0.4992454
0.49924463
0.4992453
0.4992445
0.49924517
0.49924523
0.4992451
0.499245
0.49924517
0.49924487
0.49924475
0.499245
0.4992451
0.4992451
0.4992448
0.49924535
0.49924463
0.4992451
0.49924493
0.49924535
0.499245
0.49924523
0.499245
0.499245
0.49924535
0.4992448
0.4992451
0.499245
0.49924493
0.49924517
0.49924552
0.4992457
0.49924493
0.4992451
0.49924493
0.49924475
0.499245
0.49924487
0.499245
0.49924475
0.49924535
0.4992453
0.49924463
0.49924475
0.49924487
0.4992451
0.499245
0.49924487
0.4992451
0.49924523
0.49924487
0.4992451
0.4992448
0.4992445
0.4992451
0.4992451
0.49924493
0.4992454
0.49924493
0.49924523
0.499245
0.4992448
0.49924523
0.4992453
0.49924463
0.49924517
0.499245
0.4992451
0.4992448
0.49924523
0.49924463
0.49924487
0.49924487
0.4992451
0.49924487
0.49924487
0.49924523
0.49924487
0.49924487
0.49924517
0.49924535
0.49924457
0.49924535
0.49924487
0.4992453
0.49924517
0.49924523
0.49924487
0.49924475
0.499245
0.49924475
0.499245
0.499245
0.499245
0.49924487
0.49924475
0.49924523
0.4992451
0.49924523
0.49924493
0.49924517
0.4992451
0.49924487
0.49924287
0.49924523
0.49924487
0.49924493
0.499245
0.49924523
0.49924487
0.49924588
0.49924493
0.49924523
0.49924505
0.49924392
0.49924505
0.4992448
0.49924523
0.49924493
0.4992448
0.49924463
0.499245
0.49924487
0.4992451
0.49924523
0.4992448
0.4992451
0.4992451
0.49924487
0.4992451
0.4992451
0.499245
0.49924487
0.499245
0.49924552
0.49924487
0.49924475
0.4992453
0.49924535
0.49924475
0.49924523
0.49924523
0.49924463
0.49924487
0.49924487
0.49924523
0.49924487
0.4992451
0.49924493
0.49924487
0.49924517
0.499245
0.49924463
0.499245
0.49924505
0.49924493
0.49924475
0.49924493
0.49924552
0.4992448
0.499245
0.49924517
0.49924475
0.49924493
0.49924523
0.4992451
0.49924535
0.49924517
0.49924457
0.49924475
0.49924493
0.4992451
0.49924487
0.4992448
0.49924475
0.49924535
0.49924546
0.49924523
0.499245
0.4992451
0.499245
0.49924552
0.4992448
0.49924487
0.49924523
0.4992451
0.4992457
0.4992453
0.49924487
0.499245
0.499245
0.499245
0.49924487
0.49924535
0.49924463
0.49924403
0.49924487
0.49924487
0.49924463
0.4992451
0.499245
0.49924487
0.4992447
0.49924546
0.4992451
0.4992451
0.49924523
0.4992445
0.49924475
0.499245
0.4992451
0.4992451
0.499245
0.4992451
0.4992451
0.4992447
0.4992451
0.499245
0.4992451
0.4992451
0.49924546
0.49924493
0.49924535
0.4992451
0.49924463
0.499245
0.49924475
0.499245
0.49924523
0.4992451
0.49924505
0.4992451
0.49924457
0.49924523
0.499245
0.49924523
0.49924523
0.49924427
0.499245
0.49924546
0.49924493
0.49924523
0.49924487
0.49924487
0.49924505
0.49924523
0.499245
0.49924487
0.499245
0.4992454
0.49924487
0.49924684
0.49924487
0.49924535
0.49924475
0.49924523
0.4992451
0.4992451
0.49924523
0.499245
0.4992448
0.49924487
0.49924523
0.49924523
0.4992451
0.499245
0.49924523
0.49924523
0.499245
0.49924463
0.499245
0.49924523
0.49924463
0.49924457
0.499245
0.499245
0.4992457
0.49924487
0.49924517
0.49924493
0.4992448
0.49924487
0.49924535
0.4992451
0.49924493
0.4992451
0.4992451
0.49924493
0.49924493
0.49924487
0.4992451
0.4992457
0.4992451
0.49924475
0.49924463
0.49924523
0.49924535
0.4992453
0.49924523
0.49924523
0.49924487
0.49924493
0.49924523
0.49924582
0.499245
0.49924535
0.4992448
0.4992453
0.49924523
0.49924523
0.4992451
0.49924487
0.49924427
0.49924487
0.49924523
0.49924487
0.499245
0.49924523
0.49924487
0.49924487
0.4992451
0.49924546
0.49924523
0.49924523
0.49924523
0.49924523
0.499245
0.4992451
0.49924523
0.4992457
0.4992448
0.49924535
0.49924493
0.4992451
0.49924505
0.4992445
0.499245
0.49924493
0.49924523
0.49924487
0.49924493
0.49924523
0.49924475
0.49924505
0.4992451
0.49924487
0.49924535
0.49924505
0.49924517
0.499245
0.4992445
0.4992451
0.4992451
0.4992447
0.4992453
0.499245
0.49924475
0.49924523
0.49924457
0.49924517
0.49924505
0.4992453
0.49924523
0.49924535
0.4992451
0.4992454
0.49924487
0.4992444
0.4992444
0.4992451
0.49924463
0.49924523
0.49924475
0.4992451
0.4992451
0.49924523
0.49924505
0.49924487
0.49924493
0.49924493
0.49924535
0.49924523
0.49924493
0.4992451
0.49924505
0.49924487
0.49924487
0.49924505
0.49924523
0.49924493
0.4992453
0.49924505
0.49924546
0.49924475
0.49924523
0.49924523
0.499245
0.49924517
0.49924546
0.49924517
0.4992451
0.4992451
0.49924517
0.49924505
0.4992451
0.49924493
0.49924487
0.49924493
0.49924493
0.49924523
0.49924505
0.49924463
0.499245
0.49924535
0.49924475
0.4992453
0.4992451
0.499245
0.49924523
0.49924558
0.49924463
0.4992448
0.49924517
0.4992447
0.49924487
0.4992451
0.49924517
0.49924493
0.499245
0.49924505
0.49924487
0.4992451
0.49924546
0.49924487
0.49924523
0.4992451
0.49924517
0.49924475
0.4992448
0.49924517
0.4992451
0.49924487
0.4992451
0.499245
0.499245
0.49924523
0.49924463
0.49924487
0.49924487
0.49924487
0.49924523
0.499245
0.4992454
0.499245
0.49924517
0.4992451
0.49924517
0.499245
0.4992451
0.499245
0.49924546
0.4992451
0.4992451
0.4992448
0.49924487
0.4992451
0.49924523
0.49924487
0.49924487
0.49924487
0.49924463
0.49924523
0.49924546
0.4992451
0.49924487
0.49924493
0.4992451
0.49924517
0.49924487
0.49924535
0.49924475
0.499245
0.4992453
0.49924487
0.49924517
0.49924535
0.49924523
0.499245
0.4992451
0.4992454
0.49924487
0.4992454
0.49924463
0.4992451
0.49924517
0.49924523
0.49924475
0.4992453
0.4992445
0.49924523
0.4992453
0.4992457
0.4992451
0.499245
0.49924475
0.49924487
0.49924517
0.49924487
0.4992453
0.499245
0.49924487
0.49924475
0.49924523
0.4992451
0.49924487
0.49924523
0.49924535
0.4992451
0.499245
0.49924487
0.4992448
0.499245
0.49924487
0.49924493
0.49924457
0.4992453
0.49924493
0.499245
0.499245
0.4992451
0.49924487
0.499245
0.499245
0.49924487
0.49924487
0.49924487
0.49924493
0.49924535
0.49924463
0.4992451
0.49924493
0.49924487
0.49924475
0.4992448
0.4992448
0.49924523
0.49924535
0.49924475
0.49924493
0.49924505
0.49924523
0.49924523
0.49924523
0.49924523
0.49924517
0.4992451
0.499245
0.499245
0.49924523
0.49924487
0.49924493
0.49924523
0.49924463
0.4992451
0.4992451
0.49924558
0.49924523
0.49924523
0.49924487
0.499245
0.49924505
0.49924517
0.4992451
0.49924487
0.499245
0.4992451
0.4992451
0.49924523
0.49924487
0.499245
0.49924505
0.499245
0.49924517
0.49924487
0.499245
0.4992451
0.49924517
0.4992448
0.49924505
0.4992447
0.49924535
0.49924523
0.49924475
0.49924523
0.49924523
0.49924493
0.499245
0.49924523
0.49924517
0.4992451
0.49924475
0.4992451
0.49924523
0.49924487
0.49924546
0.4992451
0.49924487
0.49924487
0.49924463
0.49924493
0.499245
0.4992453
0.4992451
0.4992451
0.4992451
0.49924523
0.49924523
0.4992457
0.4992445
0.499245
0.4992451
0.49924463
0.49924517
0.49924546
0.499245
0.49924487
0.49924505
0.49924487
0.49924558
0.4992451
0.4992453
0.49924523
0.49924493
0.4992451
0.49924523
0.49924487
0.499245
0.499245
0.4992448
0.49924487
0.4992451
0.4992451
0.49924505
0.49924475
0.499245
0.49924493
0.49924523
0.4992451
0.4992453
0.49924493
0.49924505
0.4992451
0.499245
0.49924463
0.49924523
0.499245
0.49924523
0.4992454
0.4992447
0.49924505
0.49924493
0.49924523
0.4992453
0.49924505
0.49924523
0.49924505
0.49924463
0.49924523
0.49924505
0.4992445
0.4992451
0.49924487
0.4992445
0.4992451
0.4992448
0.4992444
0.4992447
0.4992447
0.499245
0.49924523
0.49924493
0.49924517
0.499245
0.4992447
0.49924487
0.49924523
0.49924523
0.499245
0.49924487
0.49924517
0.4992445
0.499245
0.4992451
0.4992451
0.4992453
0.4992451
0.49924463
0.49924475
0.49924475
0.4992447
0.49924517
0.499245
0.49924475
0.49924487
0.4992447
0.4992453
0.4992453
0.49924487
0.49924487
0.49924505
0.499245
0.499245
0.49924475
0.49924475
0.4992451
0.49924493
0.4992451
0.499245
0.49924475
0.49924517
0.4992447
0.4992451
0.499245
0.49924487
0.4992451
0.49924523
0.49924505
0.4992445
0.49924517
0.49924535
0.49924505
0.49924487
0.49924523
0.49924487
0.49924487
0.4992453
0.49924505
0.49924487
0.49924523
0.49924523
0.4992453
0.49924493
0.49924517
0.49924505
0.49924463
0.49924523
0.49924898
0.4992451
0.49924535
0.49924523
0.49924523
0.49924487
0.49924523
0.49924475
0.49924487
0.49924493
0.499245
0.49924523
0.4992448
0.49924415
0.49924487
0.49924523
0.4992451
0.49924487
0.499245
0.499245
0.4992451
0.49924535
0.4992453
0.4992448
0.49924523
0.49924487
0.49924475
0.49924427
0.49924475
0.49924505
0.499245
0.49924475
0.4992451
0.49924487
0.49924517
0.4992448
0.49924523
0.49924546
0.49924535
0.4992451
0.49924535
0.49924427
0.49924517
0.49924523
0.49924523
0.49924487
0.499245
0.4992451
0.4992448
0.49924475
0.4992453
0.49924475
0.4992453
0.49924487
0.49924535
0.4992448
0.499245
0.49924463
0.49924517
0.4992451
0.4992451
0.49924475
0.49924523
0.49924487
0.4992453
0.49924535
0.49924535
0.4992451
0.4992453
0.49924517
0.499245
0.49924523
0.49924505
0.49924523
0.499245
0.4992451
0.49924523
0.49924487
0.499245
0.4992451
0.49924493
0.4992451
0.49924523
0.49924493
0.499245
0.499245
0.49924505
0.49924487
0.49924487
0.49924463
0.49924493
0.499245
0.499245
0.49924505
0.4992451
0.49924487
0.499245
0.49924505
0.4992453
0.49924487
0.49924493
0.49924487
0.49924487
0.49924505
0.499245
0.49924487
0.49924463
0.49924475
0.499245
0.49924487
0.49924546
0.4992447
0.4992451
0.49924475
0.499245
0.4992451
0.49924535
0.49924487
0.499245
0.49924523
0.499245
0.49924487
0.49924523
0.49924493
0.49924523
0.49924523
0.499245
0.4992448
0.49924523
0.49924505
0.49924487
0.4992451
0.49924517
0.49924475
0.49924487
0.49924546
0.49924493
0.4992454
0.49924427
0.49924487
0.49924523
0.4992444
0.49924505
0.49924487
0.49924535
0.49924487
0.499245
0.49924523
0.49924493
0.49924523
0.499245
0.4992451
0.49924523
0.499243
0.49924487
0.49924403
0.49924493
0.49924475
0.49924475
0.499245
0.499245
0.49924523
0.49924535
0.499245
0.4992451
0.49924535
0.49924475
0.49924535
0.49924475
0.49924493
0.4992442
0.49924463
0.49924535
0.49924523
0.49924493
0.4992451
0.499245
0.49924487
0.4992451
0.49924487
0.49924523
0.4992448
0.4992451
0.4992451
0.4992451
0.4992454
0.49924505
0.49924487
0.4992451
0.4992451
0.4992453
0.49924487
0.4992448
0.49924463
0.49924523
0.49924523
0.49924523
0.49924564
0.49924505
0.49924505
0.4992451
0.49924427
0.4992444
0.4992451
0.499245
0.49924558
0.499245
0.4992448
0.49924457
0.499245
0.49924517
0.49924535
0.49924487
0.49924475
0.4992447
0.4992451
0.49924523
0.4992447
0.49924535
0.49924487
0.49924523
0.49924487
0.49924493
0.49924475
0.4992451
0.4992451
0.4992451
0.49924487
0.49924564
0.499245
0.49924493
0.4992451
0.4992451
0.4992453
0.4992451
0.49924487
0.499245
0.49924475
0.49924487
0.49924523
0.49924505
0.49924463
0.49924463
0.49924546
0.49924505
0.499245
0.4992448
0.4992451
0.49924487
0.49924523
0.4992451
0.49924552
0.499245
0.4992448
0.49924535
0.499245
0.49924523
0.4992451
0.4992448
0.49924535
0.499245
0.49924523
0.49924523
0.4992448
0.49924487
0.49924463
0.49924487
0.499245
0.49924523
0.49924523
0.49924523
0.49924487
0.4992448
0.49924535
0.49924463
0.49924505
0.4992451
0.4992451
0.499245
0.4992451
0.499245
0.49924535
0.49924487
0.4992453
0.499245
0.49924487
0.49924463
0.49924475
0.49924487
0.4992451
0.4992451
0.49924493
0.49924493
0.49924523
0.4992451
0.49924463
0.49924523
0.49924505
0.49924523
0.49924523
0.49924487
0.499245
0.49924523
0.49924487
0.4992451
0.49924523
0.49924505
0.499245
0.4992451
0.49924487
0.49924475
0.49924415
0.49924535
0.49924463
0.49924487
0.4992451
0.499245
0.4992453
0.499245
0.499245
0.49924445
0.4992453
0.4992442
0.49924523
0.4992451
0.49924487
0.49924517
0.49924463
0.49924535
0.49924463
0.49924505
0.49924487
0.4992451
0.49924487
0.49924487
0.49924523
0.49924517
0.4992447
0.49924517
0.4992451
0.4992447
0.49924523
0.49924487
0.4992451
0.4992448
0.49924523
0.4992451
0.49924523
0.49924523
0.49924487
0.49924475
0.499245
0.49924487
0.49924505
0.49924487
0.49924475
0.49924475
0.49924535
0.4992451
0.49924546
0.4992451
0.4992451
0.49924475
0.4992445
0.49924517
0.49924493
0.49924487
0.49924505
0.49924463
0.49924487
0.49924505
0.4992447
0.49924493
0.49924475
0.49924523
0.4992451
0.499245
0.49924463
0.499245
0.4992447
0.49924523
0.49924487
0.49924523
0.49924487
0.4992445
0.49924487
0.4992447
0.49924505
0.49924487
0.499245
0.49924463
0.49924487
0.49924487
0.4992451
0.499245
0.499245
0.49924523
0.49924505
0.49924487
0.49924487
0.49924493
0.4992451
0.49924487
0.49924523
0.49924487
0.49924523
0.4992451
0.49924487
0.499245
0.49924493
0.4992451
0.49924487
0.49924523
0.49924523
0.49924523
0.499245
0.499245
0.49924523
0.49924517
0.49924505
0.49924523
0.49924487
0.4992451
0.4992448
0.4992453
0.4992445
0.4992451
0.49924487
0.49924475
0.49924475
0.49924475
0.49924523
0.499245
0.4992451
0.4992454
0.499245
0.49924558
0.49924487
0.4992444
0.49924457
0.49924475
0.49924487
0.49924493
0.499245
0.49924523
0.49924523
0.4992451
0.49924517
0.49924523
0.49924523
0.499245
0.49924463
0.49924523
0.49924493
0.49924475
0.4992451
0.49924517
0.4992451
0.499245
0.49924475
0.499245
0.4992454
0.4992451
0.49924475
0.49924517
0.499245
0.4992451
0.4992451
0.49924487
0.49924523
0.49924487
0.49924505
0.49924463
0.499245
0.4992451
0.49924523
0.4992451
0.4992453
0.49924487
0.49924523
0.4992451
0.49924487
0.49924505
0.49924487
0.49924427
0.49924505
0.4992448
0.4992451
0.4992448
0.4992451
0.49924505
0.49924475
0.499245
0.499245
0.49924493
0.4992451
0.49924546
0.49924505
0.499245
0.49924535
0.499245
0.4992453
0.49924523
0.49924475
0.4992451
0.49924475
0.49924475
0.49924487
0.499245
0.4992454
0.49924546
0.49924523
0.499245
0.49924523
0.49924463
0.49924493
0.4992451
0.4992451
0.49924487
0.4992451
0.49924523
0.4992445
0.499245
0.49924487
0.4992451
0.4992451
0.4992444
0.49924523
0.499245
0.49924517
0.4992451
0.4992445
0.49924523
0.49924475
0.49924517
0.4992453
0.49924457
0.49924487
0.499245
0.49924487
0.499245
0.49924463
0.499245
0.49924475
0.49924487
0.49924535
0.49924487
0.4992447
0.49924523
0.4992451
0.499245
0.49924487
0.4992451
0.49924523
0.49924535
0.49924558
0.49924523
0.49924475
0.4992448
0.49924523
0.49924546
0.49924523
0.4992451
0.4992451
0.49924475
0.49924493
0.49924463
0.499245
0.49924475
0.49924517
0.4992451
0.4992451
0.49924493
0.4992451
0.49924493
0.49924523
0.49924475
0.4992451
0.49924517
0.4992448
0.49924475
0.49924487
0.49924487
0.49924523
0.49924475
0.4992445
0.49924487
0.49924487
0.49924463
0.49924487
0.49924523
0.4992453
0.499245
0.4992438
0.4992451
0.49924546
0.49924487
0.499245
0.49924546
0.49924487
0.49924523
0.49924523
0.4992451
0.49924523
0.49924546
0.499245
0.49924535
0.499245
0.49924523
0.499245
0.499245
0.49924475
0.49924546
0.4992451
0.4992451
0.49924505
0.49924523
0.499245
0.4992448
0.49924523
0.4992442
0.49924535
0.49924523
0.49924487
0.4992453
0.4992448
0.49924517
0.49924487
0.499245
0.4992451
0.49924523
0.49924463
0.49924487
0.49924523
0.49924487
0.49924523
0.49924493
0.49924463
0.499245
0.49924523
0.49924475
0.4992448
0.49924505
0.499245
0.4992451
0.49924427
0.49924552
0.49924517
0.49924535
0.49924475
0.49924487
0.49924487
0.4992453
0.49924523
0.49924463
0.499245
0.49924505
0.49924487
0.49924487
0.49924487
0.49924475
0.499245
0.49924535
0.49924546
0.49924493
0.4992447
0.49924523
0.499245
0.49924487
0.49924517
0.4992451
0.49924415
0.49924487
0.4992451
0.4992451
0.499245
0.49924523
0.49924546
0.499245
0.49924463
0.49924487
0.49924487
0.499245
0.49924475
0.4992451
0.49924493
0.49924475
0.49924487
0.499245
0.499245
0.49924487
0.4992451
0.499245
0.4992451
0.4992451
0.49924457
0.49924487
0.49924493
0.499245
0.499245
0.49924493
0.49924523
0.49924612
0.49924463
0.49924386
0.49924523
0.4992451
0.49924463
0.49924523
0.4992445
0.499245
0.49924523
0.49924505
0.499245
0.4992451
0.4992451
0.49924487
0.49924535
0.4992451
0.4992451
0.49924487
0.499245
0.499245
0.4992451
0.49924517
0.4992453
0.4992451
0.49924517
0.49924505
0.49924523
0.49924487
0.4992451
0.49924463
0.4992454
0.49924487
0.49924505
0.49924487
0.4992451
0.499245
0.49924493
0.49924558
0.49924523
0.49924487
0.499245
0.49924475
0.49924535
0.49924517
0.49924523
0.49924535
0.49924475
0.49924523
0.4992451
0.49924505
0.49924493
0.4992451
0.49924493
0.49924517
0.4992448
0.49924523
0.49924475
0.49924523
0.49924523
0.4992451
0.499245
0.4992451
0.4992451
0.49924517
0.4992451
0.499245
0.4992448
0.49924523
0.49924475
0.4992445
0.49924493
0.499245
0.499245
0.49924475
0.49924487
0.49924493
0.4992448
0.49924493
0.499245
0.49924493
0.49924487
0.49924517
0.49924487
0.49924523
0.49924523
0.49924523
0.49924475
0.4992453
0.49924392
0.499245
0.49924523
0.49924517
0.49924487
0.49924523
0.4992451
0.49924475
0.49924493
0.4992451
0.4992451
0.49924505
0.49924523
0.49924475
0.4992451
0.499245
0.49924505
0.4992438
0.49924487
0.49924403
0.499245
0.49924493
0.49924523
0.49924487
0.4992451
0.499245
0.49924546
0.49924487
0.49924463
0.49924475
0.49924505
0.49924546
0.49924487
0.499245
0.49924475
0.4992451
0.4992451
0.49924415
0.49924523
0.499245
0.49924475
0.499245
0.49924505
0.49924535
0.49924475
0.49924523
0.4992451
0.4992451
0.49924475
0.49924546
0.49924558
0.4992451
0.49924487
0.499245
0.49924517
0.49924523
0.49924505
0.49924475
0.49924475
0.49924487
0.4992451
0.49924475
0.4992445
0.49924493
0.4992451
0.49924493
0.4992448
0.4992451
0.49924523
0.49924487
0.49924505
0.499245
0.49924517
0.4992451
0.4992454
0.49924487
0.49924517
0.49924487
0.4992445
0.49924487
0.4992451
0.499245
0.49924487
0.49924535
0.4992448
0.499245
0.499245
0.499245
0.49924523
0.4992453
0.4992445
0.49924487
0.499245
0.49924523
0.49924475
0.499245
0.49924546
0.49924546
0.49924475
0.4992445
0.49924505
0.4992448
0.49924535
0.49924505
0.499245
0.4992451
0.4992451
0.499245
0.4992451
0.49924523
0.4992451
0.49924535
0.4992447
0.4992447
0.499245
0.499245
0.49924415
0.49924523
0.4992451
0.49924475
0.49924523
0.499245
0.49924463
0.4992451
0.49924493
0.49924487
0.499245
0.49924475
0.4992447
0.49924517
0.49924517
0.49924523
0.49924487
0.49924463
0.499245
0.499245
0.4992451
0.4992453
0.49924523
0.49924523
0.49924487
0.49924517
0.49924487
0.49924487
0.49924517
0.49924505
0.49924523
0.49924535
0.4992451
0.49924475
0.49924505
0.49924505
0.499245
0.49924463
0.49924493
0.49924463
0.49924523
0.499245
0.4992451
0.49924517
0.49924392
0.49924487
0.49924487
0.4992451
0.4992451
0.49924457
0.499245
0.49924523
0.49924493
0.4992451
0.49924523
0.4992451
0.49924487
0.499245
0.49924535
0.49924523
0.4992451
0.49924487
0.49924487
0.49924546
0.499245
0.49924487
0.49924493
0.49924487
0.4992451
0.49924523
0.4992453
0.49924487
0.4992453
0.49924493
0.49924523
0.49924523
0.49924517
0.49924558
0.49924362
0.49924487
0.49924463
0.4992451
0.49924505
0.49924546
0.49924523
0.4992451
0.499245
0.49924475
0.499245
0.49924487
0.49924523
0.49924487
0.49924523
0.49924487
0.49924493
0.49924594
0.499245
0.499245
0.499245
0.49924493
0.49924523
0.49924523
0.49924463
0.49924546
0.499245
0.49924523
0.49924487
0.49924523
0.49924523
0.49924523
0.499245
0.4992451
0.49924487
0.49924535
0.49924463
0.4992451
0.49924523
0.4992448
0.499245
0.49924535
0.49924475
0.49924505
0.49924535
0.4992451
0.49924493
0.49924493
0.49924523
0.49924523
0.49924487
0.4992451
0.49924475
0.49924517
0.4992445
0.499245
0.4992451
0.4992451
0.49924523
0.49924475
0.49924535
0.4992451
0.49924463
0.49924487
0.49924535
0.49924523
0.499245
0.49924558
0.49924493
0.49924487
0.499245
0.4992451
0.49924535
0.49924475
0.4992453
0.499245
0.49924523
0.49924487
0.49924523
0.4992448
0.4992451
0.49924475
0.49924546
0.4992448
0.499245
0.499245
0.49924505
0.49924505
0.49924475
0.49924535
0.49924564
0.49924487
0.49924487
0.49924523
0.49924517
0.4992451
0.49924505
0.49924457
0.4992451
0.499245
0.4992451
0.49924493
0.49924487
0.4992451
0.49924535
0.4992448
0.49924475
0.4992451
0.4992448
0.49924493
0.49924487
0.49924487
0.4992451
0.49924523
0.49924493
0.49924505
0.49924475
0.49924475
0.49924487
0.49924523
0.499245
0.49924546
0.49924487
0.4992445
0.49924546
0.4992451
0.4992451
0.49924487
0.49924487
0.4992445
0.49924505
0.499245
0.49924523
0.49924505
0.49924487
0.4992451
0.4992445
0.49924487
0.4992447
0.499245
0.49924523
0.499245
0.4992451
0.4992451
0.49924493
0.49924582
0.49924487
0.49924475
0.49924523
0.49924415
0.49924493
0.4992451
0.4992451
0.49924523
0.4992451
0.49924475
0.4992451
0.49924487
0.49924487
0.49924475
0.4992451
0.49924523
0.49924475
0.49924415
0.49924523
0.49924487
0.49924487
0.499245
0.49924487
0.4992447
0.4992451
0.4992451
0.49924463
0.49924493
0.49924505
0.499245
0.49924523
0.499245
0.49924546
0.49924523
0.49924475
0.49924517
0.49924505
0.49924493
0.49924493
0.49924475
0.49924475
0.4992447
0.49924517
0.49924487
0.4992451
0.4992453
0.49924493
0.49924457
0.49924487
0.4992451
0.499245
0.4992451
0.4992448
0.499245
0.49924475
0.4992441
0.49924463
0.4992451
0.499245
0.49924475
0.49924523
0.49924517
0.499245
0.499245
0.49924463
0.49924487
0.49924636
0.49924505
0.49924326
0.49924392
0.49924487
0.49924523
0.4992453
0.49924523
0.49924487
0.49924457
0.49924463
0.49924505
0.4992448
0.49924475
0.499245
0.49924505
0.4992448
0.49924493
0.499245
0.49924463
0.4992448
0.49924523
0.49924523
0.49924523
0.49924523
0.49924523
0.49924535
0.4992451
0.49924475
0.4992451
0.49924487
0.49924535
0.49924487
0.499245
0.49924463
0.499245
0.4992451
0.49924487
0.49924505
0.49924523
0.499245
0.49924487
0.49924403
0.499245
0.4992453
0.49924487
0.4992431
0.4992451
0.49924487
0.4992451
0.49924493
0.49924505
0.49924493
0.49924475
0.4992451
0.49924523
0.49924487
0.49924523
0.49924535
0.49924487
0.49924523
0.4992445
0.49924535
0.49924433
0.4992451
0.49924517
0.49924546
0.499245
0.4992451
0.499245
0.49924558
0.4992448
0.49924517
0.49924505
0.49924493
0.49924487
0.49924523
0.49924475
0.4992448
0.49924487
0.499245
0.49924505
0.49924487
0.49924463
0.499245
0.49924523
0.4992451
0.499245
0.49924523
0.49924535
0.49924487
0.4992451
0.4992448
0.49924535
0.49924523
0.49924523
0.4992451
0.4992454
0.49924487
0.49924505
0.4992451
0.4992444
0.499245
0.49924535
0.499245
0.4992454
0.49924487
0.49924487
0.49924487
0.49924535
0.49924463
0.49924487
0.4992453
0.49924415
0.49924523
0.49924523
0.49924523
0.49924517
0.49924475
0.49924487
0.49924523
0.49924517
0.4992453
0.49924487
0.49924487
0.49924475
0.499245
0.499245
0.49924475
0.4992451
0.49924505
0.49924475
0.4992451
0.49924523
0.49924493
0.4992451
0.49924666
0.499245
0.49924487
0.49924493
0.4992453
0.4992451
0.4992444
0.49924535
0.49924445
0.49924487
0.49924523
0.499245
0.4992451
0.49924523
0.4992454
0.49924475
0.4992451
0.49924487
0.49924523
0.49924505
0.49924523
0.49924475
0.49924523
0.49924493
0.4992451
0.49924523
0.49924457
0.499246
0.4992457
0.49924523
0.4992448
0.49924523
0.499245
0.49924415
0.49924475
0.49924403
0.49924505
0.49924493
0.499245
0.49924523
0.49924505
0.499245
0.49924493
0.49924523
0.49924523
0.4992451
0.49924487
0.49924487
0.4992451
0.49924487
0.499245
0.4992453
0.49924493
0.49924487
0.49924523
0.49924487
0.4992451
0.4992451
0.49924475
0.4992451
0.49924654
0.4992451
0.499245
0.49924487
0.4992447
0.4992451
0.499245
0.4992444
0.4992451
0.49924546
0.499245
0.499245
0.499245
0.49924463
0.49924523
0.4992451
0.49924517
0.49924487
0.49924523
0.49924517
0.4992445
0.49924475
0.49924523
0.4992451
0.4992444
0.4992445
0.4992451
0.4992448
0.4992451
0.49924427
0.4992451
0.49924535
0.49924493
0.499245
0.4992451
0.49924523
0.499245
0.49924487
0.49924505
0.49924517
0.4992451
0.4992448
0.49924546
0.49924403
0.49924493
0.4992447
0.49924517
0.499245
0.4992451
0.4992447
0.499245
0.49924505
0.49924505
0.49924505
0.49924517
0.4992447
0.4992451
0.4992448
0.49924487
0.49924487
0.499245
0.4992451
0.49924523
0.49924517
0.4992451
0.499245
0.49924546
0.4992451
0.4992453
0.49924523
0.4992448
0.499245
0.499245
0.49924493
0.4992454
0.4992453
0.49924505
0.499245
0.49924523
0.499245
0.49924523
0.4992451
0.49924487
0.49924487
0.49924517
0.49924505
0.49924535
0.49924487
0.49924457
0.4992451
0.499245
0.49924535
0.49924523
0.4992447
0.49924487
0.49924517
0.49924517
0.49924535
0.49924523
0.4992447
0.4992448
0.49924523
0.4992451
0.499245
0.4992451
0.49924523
0.49924487
0.4992451
0.4992451
0.49924475
0.49924535
0.49924493
0.4992451
0.49924463
0.49924523
0.499245
0.49924523
0.499245
0.49924517
0.4992451
0.49924523
0.49924523
0.49924505
0.4992445
0.4992444
0.4992447
0.4992451
0.49924535
0.49924523
0.4992451
0.49924535
0.49924463
0.49924493
0.4992451
0.49924457
0.499245
0.4992453
0.49924505
0.49924546
0.49924475
0.49924546
0.499245
0.49924487
0.499245
0.49924535
0.49924475
0.49924487
0.49924523
0.49924475
0.49924523
0.4992451
0.499245
0.4992453
0.49924493
0.49924344
0.49924475
0.49924517
0.49924433
0.49924535
0.49924493
0.49924523
0.49924475
0.49924487
0.49924505
0.49924588
0.49924475
0.499245
0.49924535
0.499245
0.49924415
0.4992448
0.4992451
0.49924463
0.49924475
0.49924523
0.49924535
0.49924463
0.49924487
0.4992451
0.499245
0.49924487
0.49924457
0.49924487
0.49924523
0.4992438
0.49924475
0.49924487
0.49924487
0.49924475
0.49924475
0.4992453
0.49924523
0.499245
0.499245
0.4992451
0.49924505
0.49924523
0.49924475
0.49924493
0.49924535
0.499245
0.49924427
0.49924487
0.49924487
0.4992451
0.499245
0.499245
0.4992448
0.4992448
0.4992451
0.4992451
0.4992453
0.49924523
0.4992448
0.49924463
0.4992451
0.499245
0.49924546
0.49924523
0.49924523
0.49924523
0.4992451
0.49924535
0.4992451
0.49924493
0.4992447
0.49924374
0.499245
0.4992451
0.49924487
0.499245
0.49924517
0.49924487
0.49924475
0.49924493
0.499245
0.49924493
0.49924535
0.4992451
0.49924505
0.49924475
0.49924487
0.4992451
0.499245
0.4992451
0.4992451
0.4992445
0.49924457
0.49924493
0.499245
0.4992448
0.499245
0.499245
0.49924523
0.4992451
0.49924487
0.4992445
0.49924517
0.49924505
0.49924475
0.49924505
0.49924487
0.499245
0.4992453
0.49924558
0.49924493
0.49924523
0.4992451
0.49924523
0.49924517
0.49924523
0.499245
0.499245
0.49924546
0.49924505
0.49924523
0.4992448
0.4992454
0.49924523
0.4992451
0.4992451
0.4992453
0.49924457
0.4992451
0.4992448
0.49924493
0.49924493
0.4992453
0.49924535
0.49924487
0.49924487
0.499245
0.4992451
0.49924487
0.49924463
0.49924505
0.49924493
0.49924493
0.4992451
0.49924517
0.49924487
0.49924463
0.49924523
0.49924523
0.4992451
0.4992453
0.4992451
0.499245
0.49924487
0.4992453
0.499245
0.49924535
0.49924523
0.49924493
0.4992451
0.4992451
0.49924475
0.49924505
0.499245
0.4992451
0.4992451
0.49924517
0.4992451
0.499245
0.49924505
0.49924523
0.49924517
0.4992451
0.4992448
0.49924487
0.49924493
0.49924535
0.499245
0.499245
0.4992451
0.49924487
0.49924487
0.4992451
0.499245
0.4992453
0.49924487
0.49924475
0.49924463
0.4992454
0.49924546
0.4992448
0.4992447
0.4992453
0.49924487
0.49924505
0.49924523
0.49924535
0.49924517
0.4992451
0.499245
0.49924487
0.49924487
0.49924588
0.499245
0.49924427
0.49924535
0.49924517
0.49924523
0.4992451
0.49924475
0.4992451
0.4992445
0.49924535
0.4992451
0.4992448
0.4992457
0.49924487
0.499245
0.49924475
0.49924523
0.4992451
0.4992451
0.4992453
0.49924546
0.4992451
0.49924493
0.49924487
0.49924487
0.49924475
0.49924475
0.49924517
0.4992453
0.4992445
0.49924493
0.49924427
0.49924523
0.4992453
0.49924505
0.4992451
0.49924535
0.4992448
0.49924546
0.49924505
0.4992447
0.49924493
0.4992451
0.499245
0.49924546
0.49924546
0.499245
0.499245
0.49924523
0.49924487
0.49924475
0.49924523
0.49924475
0.49924475
0.49924305
0.49924523
0.49924487
0.49924487
0.49924505
0.499245
0.4992451
0.49924475
0.4992457
0.49924487
0.4992451
0.4992451
0.4992451
0.49924606
0.4992444
0.49924487
0.49924523
0.49924487
0.49924487
0.49924523
0.49924523
0.499245
0.4992451
0.4992454
0.4992451
0.49924487
0.4992451
0.49924523
0.499245
0.49924517
0.49924517
0.4992451
0.499245
0.49924558
0.499245
0.49924523
0.49924475
0.49924517
0.49924523
0.49924523
0.4992451
0.49924505
0.49924505
0.4992451
0.499245
0.49924505
0.49924523
0.49924505
0.4992451
0.49924463
0.49924523
0.4992445
0.4992451
0.4992448
0.4992451
0.4992451
0.4992451
0.49924523
0.49924403
0.49924475
0.49924487
0.4992451
0.49924523
0.49924535
0.49924505
0.49924535
0.49924523
0.499245
0.49924505
0.49924523
0.49924493
0.49924487
0.4992451
0.4992453
0.49924546
0.49924517
0.49924517
0.49924564
0.49924475
0.4992447
0.49924505
0.4992451
0.49924475
0.4992451
0.4992454
0.49924487
0.49924523
0.4992451
0.49924517
0.4992453
0.49924535
0.4992451
0.49924535
0.49924523
0.49924523
0.4992451
0.499245
0.499245
0.49924517
0.49924523
0.49924487
0.4992451
0.49924487
0.49924505
0.4992453
0.49924487
0.499245
0.49924523
0.49924487
0.4992451
0.49924463
0.4992451
0.49924517
0.49924517
0.49924487
0.49924487
0.49924487
0.49924523
0.49924505
0.49924463
0.49924487
0.4992451
0.49924558
0.49924493
0.499245
0.49924487
0.4992451
0.49924517
0.49924505
0.4992451
0.49924487
0.49924475
0.4992451
0.49924523
0.4992451
0.499245
0.49924505
0.49924523
0.49924475
0.4992451
0.4992451
0.4992451
0.4992451
0.49924517
0.49924517
0.49924523
0.499245
0.49924523
0.499245
0.49924463
0.49924475
0.49924487
0.49924535
0.49924487
0.499245
0.49924535
0.49924558
0.49924487
0.499245
0.499245
0.49924523
0.4992453
0.4992454
0.4992451
0.49924475
0.49924523
0.49924475
0.4992447
0.49924558
0.49924475
0.4992453
0.4992451
0.49924356
0.49924475
0.49924517
0.49924475
0.49924523
0.4992448
0.49924535
0.49924535
0.4992451
0.499245
0.49924505
0.4992442
0.499245
0.4992445
0.499245
0.49924463
0.499245
0.4992448
0.49924457
0.49924487
0.499245
0.49924523
0.4992431
0.49924487
0.49924505
0.49924493
0.4992451
0.49924487
0.49924487
0.4992453
0.49924535
0.49924535
0.499245
0.49924487
0.49924523
0.4992451
0.49924713
0.49924523
0.49924523
0.4992451
0.49924505
0.49924564
0.49924517
0.49924487
0.4992453
0.4992448
0.49924505
0.499245
0.49924546
0.49924546
0.499245
0.49924487
0.49924517
0.49924535
0.49924523
0.49924475
0.49924493
0.4992451
0.4992448
0.4992451
0.4992451
0.49924505
0.49924535
0.4992451
0.4992448
0.49924487
0.49924505
0.499245
0.49924457
0.49924487
0.49924535
0.49924523
0.499245
0.4992451
0.4992453
0.49924523
0.4992445
0.4992451
0.4992454
0.499245
0.49924475
0.49924493
0.49924493
0.49924523
0.49924475
0.49924523
0.49924523
0.49924505
0.49924487
0.499245
0.49924523
0.49924535
0.499245
0.49924517
0.49924487
0.499245
0.49924535
0.49924463
0.49924517
0.49924535
0.49924517
0.49924475
0.499245
0.4992451
0.49924523
0.49924505
0.49924475
0.499245
0.499245
0.49924505
0.49924523
0.4992453
0.4992448
0.4992445
0.49924475
0.49924487
0.4992451
0.4992451
0.49924463
0.49924517
0.49924487
0.499245
0.49924487
0.499245
0.4992442
0.49924523
0.499245
0.49924517
0.49924523
0.49924517
0.49924517
0.4992457
0.49924493
0.49924523
0.49924517
0.49924535
0.499245
0.49924523
0.499245
0.4992451
0.499245
0.49924487
0.49924487
0.49924517
0.49924523
0.49924493
0.49924505
0.49924475
0.49924517
0.49924463
0.4992448
0.49924523
0.49924535
0.49924493
0.49924523
0.4992451
0.49924487
0.49924487
0.49924487
0.49924535
0.4992451
0.4992448
0.49924433
0.49924415
0.49924463
0.49924487
0.4992457
0.49924535
0.49924523
0.49924505
0.49924493
0.49924517
0.499245
0.49924475
0.49924505
0.4992451
0.49924523
0.49924505
0.4992451
0.49924475
0.49924523
0.4992448
0.49924463
0.4992451
0.499245
0.49924505
0.49924505
0.49924505
0.49924493
0.49924463
0.49924517
0.49924463
0.4992453
0.4992451
0.49924505
0.49924523
0.499245
0.49924523
0.4992451
0.4992451
0.4992451
0.49924487
0.49924487
0.4992451
0.49924523
0.49924523
0.49924546
0.49924517
0.49924487
0.499245
0.499245
0.49924523
0.49924517
0.49924535
0.49924564
0.4992451
0.49924535
0.49924535
0.49924582
0.4992451
0.49924487
0.49924487
0.49924475
0.49924523
0.4992453
0.499245
0.49924487
0.49924487
0.49924487
0.49924505
0.4992451
0.49924725
0.499245
0.49924475
0.499245
0.499245
0.4992451
0.4992451
0.49924487
0.4992448
0.499245
0.49924475
0.499245
0.49924523
0.49924523
0.49924487
0.4992451
0.4992447
0.49924475
0.49924535
0.49924523
0.49924487
0.49924517
0.49924505
0.49924487
0.49924493
0.49924487
0.49924517
0.499245
0.49924505
0.4992444
0.49924523
0.49924487
0.49924505
0.49924457
0.49924523
0.49924517
0.49924535
0.49924517
0.49924463
0.499245
0.49924475
0.49924523
0.49924552
0.499245
0.49924517
0.49924463
0.499245
0.49924463
0.49924475
0.49924535
0.49924535
0.49924457
0.4992451
0.499245
0.4992451
0.49924457
0.49924505
0.49924517
0.49924535
0.499245
0.49924523
0.49924517
0.4992445
0.4992451
0.49924505
0.4992453
0.4992451
0.4992448
0.49924505
0.4992451
0.49924552
0.49924487
0.49924505
0.49924505
0.49924523
0.49924505
0.49924487
0.49924487
0.49924517
0.49924523
0.49924463
0.4992448
0.499245
0.499245
0.4992451
0.49924487
0.49924523
0.4992451
0.49924535
0.49924493
0.49924535
0.49924493
0.49924517
0.49924463
0.499245
0.49924475
0.499245
0.49924475
0.4992445
0.4992445
0.49924523
0.49924445
0.4992451
0.49924493
0.49924564
0.49924493
0.49924523
0.49924463
0.49924523
0.49924493
0.49924463
0.49924392
0.4992448
0.49924487
0.49924546
0.499245
0.4992445
0.499245
0.4992447
0.4992451
0.4992451
0.499245
0.4992451
0.499245
0.49924505
0.49924523
0.49924493
0.4992451
0.49924487
0.4992451
0.49924535
0.4992448
0.4992448
0.4992451
0.49924475
0.49924523
0.4992453
0.4992448
0.49924517
0.49924517
0.49924523
0.49924475
0.49924523
0.49924678
0.49924505
0.4992451
0.49924493
0.499245
0.49924487
0.4992454
0.49924475
0.49924487
0.499245
0.4992447
0.49924487
0.4992447
0.49924475
0.49924487
0.4992444
0.49924546
0.49924487
0.49924487
0.49924517
0.49924463
0.4992451
0.49924463
0.49924475
0.499245
0.4992451
0.49924505
0.49924517
0.4992453
0.49924487
0.49924427
0.49924505
0.49924457
0.49924487
0.49924535
0.499245
0.49924523
0.49924475
0.4992453
0.49924517
0.49924475
0.49924523
0.49924523
0.49924463
0.49924505
0.4992453
0.49924523
0.49924517
0.49924493
0.4992451
0.49924517
0.49924487
0.49924523
0.49924535
0.49924523
0.49924457
0.49924487
0.49924535
0.49924517
0.499245
0.499245
0.49924523
0.4992447
0.4992451
0.499245
0.499245
0.4992451
0.49924487
0.49924523
0.49924535
0.49924493
0.499245
0.4992451
0.4992451
0.49924487
0.4992445
0.49924523
0.499245
0.49924493
0.49924523
0.49924475
0.49924523
0.49924546
0.49924523
0.49924517
0.4992453
0.49924505
0.499245
0.49924523
0.49924487
0.49924517
0.49924487
0.49924487
0.49924535
0.4992451
0.4992448
0.49924505
0.49924487
0.49924523
0.49924535
0.4992451
0.4992451
0.49924475
0.49924535
0.499245
0.49924487
0.499245
0.49924523
0.4992451
0.4992451
0.4992448
0.49924523
0.49924523
0.4992451
0.49924487
0.4992451
0.4992453
0.49924523
0.49924463
0.4992451
0.49924493
0.49924463
0.49924463
0.49924517
0.4992448
0.49924487
0.49924523
0.499245
0.499245
0.4992451
0.49924487
0.49924523
0.49924505
0.49924487
0.499245
0.4992451
0.4992453
0.4992447
0.49924397
0.49924517
0.4992451
0.4992451
0.49924493
0.4992451
0.499245
0.4992451
0.499245
0.49924523
0.499245
0.4992451
0.4992447
0.49924487
0.49924523
0.499245
0.49924558
0.49924475
0.4992451
0.499245
0.49924493
0.4992453
0.49924475
0.499245
0.49924487
0.4992453
0.49924487
0.49924493
0.49924505
0.49924523
0.4992448
0.49924487
0.499245
0.49924457
0.49924535
0.49924523
0.49924535
0.49924487
0.499245
0.49924523
0.49924475
0.4992451
0.49924487
0.49924505
0.4992447
0.49924523
0.4992451
0.49924535
0.4992451
0.49924523
0.4992448
0.4992451
0.4992451
0.49924535
0.49924523
0.49924475
0.4992451
0.499245
0.49924535
0.49924475
0.4992451
0.49924582
0.49924505
0.49924487
0.49924463
0.49924505
0.49924475
0.49924487
0.49924487
0.4992451
0.49924523
0.49924475
0.4992451
0.4992451
0.49924475
0.4992451
0.499245
0.49924523
0.49924493
0.49924523
0.49924523
0.4992451
0.499245
0.499245
0.4992451
0.499245
0.4992451
0.49924517
0.499245
0.49924546
0.49924523
0.49924487
0.49924475
0.49924433
0.49924523
0.49924523
0.49924487
0.4992451
0.499245
0.49924463
0.49924523
0.4992451
0.49924487
0.49924535
0.49924505
0.49924487
0.49924487
0.49924523
0.4992453
0.49924523
0.49924415
0.49924487
0.49924535
0.49924523
0.49924523
0.499245
0.49924505
0.49924475
0.4992451
0.49924535
0.49924535
0.4992448
0.49924463
0.4992451
0.499245
0.499245
0.49924517
0.49924505
0.49924535
0.49924505
0.49924403
0.49924487
0.4992445
0.4992451
0.49924546
0.49924475
0.499245
0.49924487
0.49924493
0.49924517
0.4992451
0.4992454
0.4992478
0.49924487
0.49924535
0.49924535
0.49924523
0.49924523
0.4992451
0.499245
0.49924523
0.49924505
0.4992448
0.49924475
0.4992451
0.4992454
0.49924487
0.49924535
0.4992451
0.4992451
0.4992451
0.4992447
0.49924493
0.49924535
0.49924535
0.499245
0.49924475
0.49924505
0.49924475
0.49924535
0.4992444
0.49924523
0.499245
0.4992451
0.499245
0.49924523
0.49924552
0.49924463
0.49924552
0.49924475
0.499245
0.49924523
0.499245
0.49924475
0.499245
0.49924517
0.4992451
0.4992451
0.49924505
0.49924523
0.499245
0.49924463
0.49924523
0.49924487
0.49924493
0.4992448
0.49924517
0.49924523
0.49924546
0.49924558
0.4992453
0.4992451
0.49924487
0.49924505
0.499245
0.49924535
0.499245
0.49924523
0.49924487
0.49924356
0.49924505
0.49924523
0.49924535
0.49924487
0.499245
0.4992453
0.499245
0.49924487
0.49924517
0.499245
0.49924523
0.49924523
0.4992451
0.49924463
0.49924475
0.49924505
0.4992448
0.49924415
0.49924493
0.49924505
0.49924463
0.49924517
0.499245
0.499245
0.49924463
0.49924523
0.49924487
0.49924487
0.4992451
0.49924475
0.49924523
0.49924523
0.49924517
0.4992444
0.499245
0.49924475
0.4992451
0.4992444
0.4992454
0.49924535
0.49924487
0.49924517
0.499245
0.49924517
0.49924505
0.4992451
0.49924523
0.4992451
0.49924523
0.4992451
0.49924523
0.4992445
0.4992451
0.49924517
0.49924493
0.49924487
0.49924457
0.4992451
0.4992445
0.4992454
0.49924487
0.49924493
0.49924505
0.4992451
0.49924523
0.49924487
0.4992451
0.49924427
0.4992453
0.4992451
0.49924487
0.49924445
0.4992451
0.49924535
0.499245
0.49924523
0.49924475
0.49924487
0.49924493
0.499245
0.49924535
0.49924493
0.49924475
0.4992451
0.4992451
0.49924487
0.49924505
0.4992451
0.49924475
0.499245
0.49924487
0.49924505
0.49924523
0.49924523
0.49924505
0.49924493
0.49924535
0.49924517
0.49924535
0.49924523
0.49924505
0.49924505
0.4992451
0.49924558
0.4992451
0.49924523
0.4992451
0.49924427
0.49924523
0.499245
0.4992445
0.499245
0.49924487
0.49924535
0.49924535
0.499245
0.49924517
0.4992447
0.49924505
0.49924535
0.49924487
0.4992447
0.49924487
0.49924517
0.499245
0.49924475
0.4992451
0.49924505
0.499245
0.49924535
0.4992451
0.499245
0.499245
0.49924487
0.49924523
0.49924535
0.49924523
0.49924427
0.49924517
0.49924415
0.49924523
0.4992451
0.4992438
0.49924487
0.4992451
0.4992448
0.49924487
0.49924523
0.4992448
0.499245
0.49924558
0.49924523
0.499245
0.49924517
0.499245
0.4992451
0.499245
0.49924487
0.49924487
0.499245
0.49924535
0.49924487
0.49924523
0.49924475
0.499245
0.49924487
0.4992451
0.49924546
0.49924535
0.499245
0.4992453
0.49924487
0.49924493
0.49924535
0.49924523
0.4992451
0.49924535
0.49924523
0.49924487
0.49924535
0.4992451
0.49924523
0.49924523
0.49924517
0.49924535
0.49924523
0.4992453
0.49924505
0.49924415
0.49924505
0.4992448
0.4992451
0.499245
0.4992451
0.499245
0.4992451
0.49924546
0.49924505
0.49924535
0.499245
0.4992453
0.49924475
0.49924475
0.49924493
0.49924535
0.49924487
0.49924493
0.4992448
0.4992451
0.49924475
0.49924523
0.49924487
0.49924475
0.49924546
0.49924523
0.49924535
0.49924475
0.49924475
0.49924523
0.49924546
0.49924457
0.4992451
0.4992451
0.49924475
0.49924505
0.4992451
0.49924493
0.499245
0.4992453
0.49924523
0.49924487
0.49924517
0.49924487
0.49924487
0.49924493
0.49924523
0.49924487
0.499245
0.4992457
0.49924463
0.49924523
0.49924618
0.49924475
0.49924487
0.49924475
0.4992451
0.49924475
0.49924523
0.4992451
0.49924523
0.49924505
0.4992438
0.499245
0.49924433
0.49924433
0.49924463
0.4992451
0.49924415
0.49924523
0.49924558
0.49924463
0.4992453
0.4992451
0.49924523
0.49924523
0.49924535
0.4992451
0.49924493
0.499245
0.49924558
0.49924487
0.4992451
0.49924427
0.4992451
0.499245
0.49924487
0.49924517
0.4992451
0.49924463
0.49924517
0.499245
0.4992453
0.49924475
0.49924517
0.49924475
0.49924517
0.499245
0.4992447
0.49924523
0.499245
0.499245
0.499245
0.4992445
0.499245
0.49924475
0.4992451
0.49924546
0.4992448
0.49924535
0.49924523
0.49924463
0.49924487
0.499245
0.49924475
0.49924523
0.4992451
0.49924523
0.499245
0.499245
0.4992451
0.49924475
0.49924523
0.4992451
0.49924505
0.49924523
0.499245
0.499245
0.49924535
0.499245
0.499245
0.4992447
0.49924523
0.4992451
0.4992451
0.4992448
0.49924493
0.499245
0.49924523
0.4992451
0.49924475
0.49924535
0.4992451
0.49924535
0.49924523
0.4992451
0.49924487
0.49924463
0.4992451
0.4992451
0.49924505
0.49924523
0.49924535
0.4992445
0.4992453
0.49924475
0.49924517
0.49924487
0.4992448
0.49924523
0.499245
0.49924523
0.49924523
0.499245
0.49924403
0.4992448
0.4992447
0.49924535
0.499245
0.499245
0.4992448
0.49924457
0.4992454
0.499245
0.49924487
0.49924493
0.499245
0.49924523
0.49924517
0.49924368
0.49924505
0.4992453
0.49924535
0.499245
0.49924475
0.49924487
0.499245
0.49924487
0.49924517
0.49924535
0.4992451
0.499245
0.49924523
0.49924523
0.499245
0.4992453
0.49924523
0.49924523
0.49924487
0.49924523
0.4992448
0.49924505
0.49924535
0.49924463
0.4992447
0.49924487
0.4992451
0.49924517
0.4992448
0.49924523
0.49924505
0.49924487
0.49924487
0.49924487
0.49924523
0.49924576
0.49924463
0.49924475
0.4992451
0.49924523
0.49924493
0.4992444
0.499245
0.4992445
0.49924523
0.49924505
0.49924487
0.49924523
0.49924487
0.49924475
0.49924535
0.4992451
0.4992445
0.49924505
0.499245
0.4992451
0.49924523
0.49924535
0.4992451
0.49924523
0.4992453
0.499245
0.49924523
0.499247
0.49924463
0.49924523
0.49924505
0.4992451
0.49924475
0.499245
0.49924487
0.4992451
0.4992451
0.49924487
0.49924535
0.49924487
0.49924475
0.49924397
0.4992448
0.49924463
0.4992451
0.49924535
0.49924505
0.49924493
0.49924523
0.49924487
0.499245
0.49924463
0.49924475
0.49924475
0.4992453
0.49924523
0.49924505
0.49924523
0.49924487
0.49924523
0.49924487
0.49924546
0.4992451
0.4992447
0.4992451
0.49924475
0.49924505
0.49924487
0.49924487
0.49924523
0.499245
0.4992451
0.49924523
0.49924475
0.49924487
0.4992448
0.499245
0.499245
0.499245
0.49924487
0.49924517
0.49924523
0.499245
0.49924523
0.4992448
0.49924535
0.4992451
0.4992451
0.49924523
0.49924523
0.49924463
0.4992448
0.499245
0.49924535
0.49924487
0.49924487
0.49924535
0.49924523
0.499245
0.49924463
0.49924523
0.49924505
0.49924505
0.4992451
0.49924487
0.4992451
0.4992451
0.49924427
0.49924517
0.49924487
0.49924487
0.49924546
0.4992448
0.49924487
0.49924463
0.49924493
0.49924517
0.49924487
0.49924487
0.49924523
0.49924475
0.49924487
0.49924487
0.49924523
0.49924523
0.49924505
0.49924475
0.4992451
0.49924523
0.49924505
0.4992453
0.49924523
0.4992448
0.4992448
0.49924487
0.4992451
0.4992451
0.499245
0.49924397
0.4992454
0.4992451
0.49924523
0.49924523
0.49924475
0.49924517
0.49924487
0.49924487
0.4992448
0.49924564
0.4992451
0.49924546
0.49924463
0.4992451
0.499245
0.49924487
0.4992453
0.49924475
0.49924487
0.49924517
0.49924475
0.4992453
0.4992448
0.49924487
0.4992445
0.4992447
0.4992451
0.49924523
0.49924517
0.49924517
0.4992453
0.499245
0.49924493
0.49924475
0.4992451
0.49924517
0.49924493
0.49924505
0.49924487
0.4992448
0.49924493
0.49924475
0.49924487
0.499245
0.49924505
0.49924523
0.49924475
0.49924487
0.49924517
0.4992448
0.49924517
0.49924523
0.49924475
0.49924463
0.49924487
0.49924475
0.4992453
0.49924535
0.4992447
0.4992451
0.4992451
0.49924487
0.49924463
0.49924535
0.49924517
0.4992451
0.49924493
0.49924487
0.49924546
0.499245
0.49924493
0.499245
0.499245
0.49924523
0.49924517
0.49924475
0.49924517
0.49924487
0.499245
0.499245
0.49924505
0.49924493
0.49924493
0.4992451
0.499245
0.49924475
0.4992451
0.499245
0.49924552
0.4992451
0.49924475
0.49924487
0.499245
0.49924523
0.49924475
0.4992451
0.49924523
0.4992453
0.49924564
0.49924487
0.49924517
0.49924475
0.499245
0.49924523
0.49924517
0.49924457
0.4992448
0.49924505
0.49924523
0.4992447
0.4992451
0.49924487
0.49924523
0.4992451
0.49924475
0.49924523
0.4992447
0.499246
0.499245
0.499245
0.4992448
0.49924523
0.499245
0.4992453
0.49924493
0.49924487
0.49924523
0.499245
0.49924487
0.4992451
0.49924475
0.499245
0.49924475
0.4992444
0.49924475
0.49924475
0.49924487
0.499245
0.49924475
0.49924487
0.49924535
0.4992451
0.49924535
0.499245
0.49924523
0.49924475
0.4992451
0.49924523
0.499245
0.49924552
0.4992451
0.49924523
0.49924475
0.49924493
0.49924523
0.49924535
0.4992451
0.4992451
0.49924535
0.49924493
0.49924487
0.4992451
0.49924517
0.4992451
0.49924523
0.49924475
0.49924523
0.4992448
0.4992445
0.49924487
0.49924475
0.49924523
0.49924475
0.49924517
0.49924487
0.499245
0.499245
0.49924493
0.49924517
0.49924523
0.49924546
0.49924523
0.49924523
0.49924523
0.49924505
0.49924487
0.49924475
0.49924535
0.4992451
0.4992448
0.4992448
0.4992451
0.4992451
0.49924487
0.49924517
0.49924487
0.4992445
0.4992451
0.49924517
0.49924523
0.4992451
0.49924475
0.49924487
0.4992448
0.49924475
0.4992451
0.49924523
0.49924487
0.49924475
0.49924487
0.49924487
0.4992448
0.4992451
0.499245
0.49924523
0.49924558
0.49924517
0.49924523
0.4992445
0.49924487
0.4992453
0.49924517
0.49924493
0.49924517
0.4992448
0.49924505
0.49924487
0.499245
0.4992457
0.4992451
0.4992447
0.49924487
0.49924523
0.4992451
0.499245
0.49924493
0.49924523
0.4992453
0.49924445
0.4992451
0.49924523
0.49924517
0.49924594
0.4992451
0.49924546
0.49924475
0.499245
0.4992451
0.49924612
0.4992447
0.49924517
0.499245
0.49924523
0.49924487
0.499245
0.4992453
0.4992445
0.4992453
0.49924463
0.49924475
0.49924505
0.499245
0.49924517
0.49924582
0.49924517
0.49924517
0.49924487
0.4992451
0.4992451
0.49924505
0.4992451
0.4992445
0.4992451
0.49924505
0.49924523
0.49924535
0.499245
0.49924517
0.49924493
0.49924487
0.4992453
0.4992445
0.49924487
0.49924493
0.49924493
0.4992431
0.49924535
0.49924523
0.4992445
0.499245
0.49924487
0.4992451
0.49924505
0.49924523
0.49924523
0.4992445
0.49924487
0.49924493
0.4992454
0.49924523
0.4992453
0.49924457
0.4992448
0.49924487
0.49924487
0.49924487
0.4992454
0.4992451
0.49924463
0.49924523
0.4992451
0.49924463
0.49924463
0.4992451
0.49924463
0.49924523
0.49924517
0.49924475
0.4992451
0.49924535
0.4992451
0.4992451
0.49924487
0.49924487
0.499245
0.49924487
0.499245
0.4992451
0.49924475
0.49924493
0.49924523
0.499245
0.49924475
0.499245
0.4992451
0.4992445
0.49924487
0.49924546
0.49924493
0.49924505
0.4992445
0.49924517
0.49924487
0.49924493
0.4992453
0.49924505
0.49924493
0.49924523
0.49924505
0.4992451
0.49924523
0.49924487
0.49924463
0.49924505
0.49924487
0.4992451
0.49924517
0.49924487
0.499245
0.49924517
0.4992448
0.4992451
0.49924487
0.4992447
0.49924475
0.49924487
0.4992451
0.49924523
0.4992453
0.49924523
0.499245
0.49924517
0.49924546
0.49924517
0.4992451
0.4992451
0.49924487
0.499245
0.49924487
0.49924523
0.49924457
0.4992453
0.4992457
0.499245
0.49924517
0.4992451
0.49924535
0.49924523
0.49924493
0.499245
0.4992451
0.49924535
0.499245
0.4992451
0.49924475
0.499245
0.499245
0.4992451
0.49924523
0.49924523
0.49924475
0.49924463
0.49924487
0.499245
0.49924415
0.4992451
0.49924523
0.499245
0.4992451
0.49924427
0.49924487
0.49924463
0.4992453
0.499245
0.49924523
0.4992448
0.4992447
0.4992451
0.49924546
0.49924487
0.49924493
0.4992451
0.4992448
0.49924475
0.4992448
0.49924487
0.4992451
0.49924493
0.49924487
0.49924487
0.49924523
0.49924517
0.49924535
0.49924535
0.499245
0.49924487
0.49924487
0.49924463
0.49924457
0.49924445
0.49924505
0.4992451
0.49924517
0.49924523
0.49924517
0.4992451
0.49924487
0.49924678
0.499245
0.49924493
0.4992445
0.49924487
0.49924427
0.4992445
0.499245
0.4992448
0.49924487
0.4992451
0.49924493
0.49924463
0.49924523
0.49924493
0.4992451
0.49924487
0.4992451
0.4992448
0.499245
0.49924433
0.49924523
0.49924475
0.49924517
0.49924523
0.4992454
0.4992451
0.49924487
0.49924546
0.49924523
0.49924487
0.4992448
0.4992451
0.49924535
0.4992451
0.49924505
0.4992451
0.4992451
0.499245
0.499245
0.49924487
0.49924487
0.499245
0.49924493
0.49924523
0.49924505
0.4992451
0.49924487
0.49924523
0.4992451
0.499245
0.49924523
0.49924523
0.499245
0.49924558
0.49924523
0.49924523
0.49924463
0.4992451
0.49924535
0.49924517
0.499245
0.49924487
0.499245
0.4992457
0.4992444
0.49924487
0.499245
0.49924463
0.4992448
0.49924535
0.4992451
0.49924475
0.49924523
0.49924535
0.49924487
0.49924463
0.49924517
0.4992451
0.49924487
0.49924523
0.49924535
0.49924493
0.49924523
0.499245
0.49924576
0.4992448
0.49924487
0.49924463
0.499245
0.4992451
0.49924517
0.4992451
0.49924535
0.49924487
0.49924368
0.49924523
0.499245
0.4992451
0.49924403
0.49924535
0.499245
0.49924487
0.49924487
0.49924517
0.49924475
0.4992453
0.49924493
0.49924487
0.49924487
0.4992444
0.49924493
0.49924487
0.4992448
0.49924487
0.4992451
0.4992451
0.49924558
0.49924517
0.49924475
0.49924523
0.49924487
0.4992451
0.49924463
0.49924433
0.49924535
0.49924493
0.4992448
0.49924523
0.49924523
0.49924487
0.499245
0.49924487
0.49924487
0.4992451
0.499245
0.49924523
0.49924487
0.49924505
0.49924535
0.49924523
0.4992451
0.4992451
0.499245
0.49924403
0.499245
0.4992451
0.49924523
0.49924505
0.49924505
0.499245
0.4992451
0.49924487
0.49924505
0.4992451
0.49924493
0.49924523
0.4992451
0.49924493
0.4992451
0.49924523
0.4992451
0.49924475
0.49924487
0.49924475
0.49924517
0.49924475
0.49924523
0.49924475
0.49924517
0.49924475
0.49924523
0.499245
0.49924475
0.49924535
0.49924523
0.49924505
0.49924535
0.4992451
0.499245
0.49924523
0.4992454
0.4992448
0.4992451
0.49924433
0.499245
0.49924523
0.49924505
0.49924475
0.49924523
0.4992445
0.499245
0.499245
0.49924523
0.49924523
0.4992451
0.49924487
0.4992451
0.4992454
0.4992451
0.4992451
0.49924517
0.49924487
0.49924517
0.49924487
0.49924487
0.4992451
0.49924523
0.49924487
0.49924505
0.4992451
0.499245
0.49924487
0.499245
0.49924505
0.49924517
0.4992448
0.49924523
0.49924517
0.4992447
0.49924457
0.4992451
0.49924642
0.499245
0.4992451
0.4992451
0.49924523
0.4992451
0.49924493
0.49924505
0.49924523
0.4992454
0.49924523
0.49924487
0.49924523
0.4992451
0.4992451
0.49924517
0.4992451
0.49924523
0.49924493
0.4992441
0.4992451
0.49924505
0.4992453
0.499245
0.499245
0.4992438
0.49924535
0.49924505
0.4992445
0.49924517
0.49924523
0.49924493
0.49924487
0.499245
0.49924487
0.49924505
0.49924493
0.4992447
0.49924523
0.49924505
0.4992448
0.49924535
0.499245
0.49924493
0.4992451
0.49924523
0.49924493
0.49924535
0.49924487
0.49924523
0.49924475
0.49924523
0.49924523
0.49924487
0.499245
0.49924493
0.49924517
0.49924475
0.49924463
0.49924487
0.49924535
0.4992451
0.49924487
0.49924505
0.49924505
0.4992451
0.4992451
0.49924487
0.4992451
0.49924523
0.49924505
0.49924487
0.49924487
0.4992448
0.499245
0.49924493
0.49924475
0.49924463
0.49924517
0.49924487
0.4992451
0.4992444
0.49924463
0.4992448
0.49924475
0.4992454
0.4992451
0.4992451
0.499245
0.499245
0.49924523
0.499245
0.49924517
0.4992453
0.4992447
0.49924493
0.49924523
0.49924505
0.49924487
0.49924505
0.499245
0.4992451
0.4992451
0.49924523
0.4992451
0.49924535
0.4992448
0.49924505
0.4992451
0.49924487
0.49924517
0.4992451
0.49924535
0.49924535
0.499245
0.49924487
0.4992451
0.49924624
0.4992451
0.4992451
0.49924523
0.499245
0.49924535
0.499245
0.49924535
0.4992451
0.499245
0.49924475
0.49924487
0.49924487
0.49924535
0.499245
0.49924517
0.4992445
0.4992451
0.49924487
0.49924523
0.4992451
0.49924523
0.4992451
0.49924535
0.49924493
0.4992451
0.49924463
0.4992454
0.49924523
0.4992451
0.49924517
0.49924535
0.49924517
0.49924487
0.499245
0.49924475
0.4992451
0.49924487
0.49924487
0.499245
0.499245
0.4992451
0.49924457
0.49924505
0.4992453
0.49924535
0.4992451
0.49924523
0.49924517
0.49924463
0.49924493
0.49924523
0.499245
0.499245
0.49924487
0.49924493
0.49924517
0.49924475
0.49924475
0.49924487
0.49924523
0.4992451
0.49924505
0.49924523
0.49924523
0.4992445
0.499245
0.4992451
0.49924523
0.4992447
0.4992451
0.49924487
0.4992451
0.49924493
0.49924487
0.49924523
0.49924475
0.49924463
0.49924523
0.4992463
0.499245
0.49924487
0.49924523
0.49924475
0.49924487
0.49924475
0.499245
0.4992451
0.4992448
0.49924487
0.49924546
0.49924523
0.49924487
0.49924493
0.49924517
0.49924523
0.49924523
0.49924535
0.499245
0.4992448
0.49924475
0.49924505
0.4992451
0.4992451
0.4992451
0.49924523
0.49924505
0.499245
0.4992451
0.4992454
0.4992451
0.4992447
0.49924523
0.49924517
0.49924487
0.4992454
0.49924487
0.49924487
0.49924523
0.49924517
0.49924475
0.4992448
0.499245
0.49924493
0.4992448
0.49924487
0.49924493
0.49924523
0.49924493
0.4992451
0.49924523
0.4992451
0.499245
0.49924523
0.49924505
0.49924535
0.49924523
0.49924523
0.49924457
0.49924487
0.499245
0.499245
0.49924535
0.4992448
0.4992451
0.49924517
0.49924493
0.49924517
0.4992453
0.49924487
0.49924487
0.49924517
0.49924517
0.4992448
0.49924487
0.49924487
0.4992444
0.49924535
0.4992451
0.49924475
0.49924505
0.4992444
0.49924505
0.49924523
0.49924475
0.499245
0.49924523
0.49924487
0.499245
0.4992451
0.49924523
0.49924463
0.4992445
0.49924517
0.4992451
0.4992454
0.4992451
0.499245
0.49924535
0.49924457
0.49924493
0.49924523
0.49924487
0.49924475
0.49924505
0.4992448
0.49924523
0.49924523
0.49924487
0.49924505
0.49924523
0.499245
0.4992451
0.4992451
0.4992448
0.49924463
0.49924523
0.499245
0.49924487
0.499245
0.49924523
0.49924475
0.49924517
0.49924505
0.4992447
0.4992451
0.49924517
0.49924505
0.499245
0.49924535
0.4992448
0.49924475
0.49924517
0.49924523
0.49924523
0.49924475
0.49924487
0.49924523
0.499245
0.4992453
0.4992451
0.49924463
0.499245
0.49924523
0.49924523
0.4992451
0.4992451
0.4992444
0.4992451
0.4992451
0.499245
0.4992451
0.499245
0.4992451
0.49924523
0.4992451
0.4992445
0.49924487
0.49924505
0.49924475
0.4992451
0.4992451
0.49924517
0.49924523
0.49924463
0.49924523
0.49924523
0.49924517
0.49924445
0.4992451
0.499245
0.499245
0.4992451
0.4992445
0.49924517
0.49924475
0.49924216
0.49924505
0.4992451
0.49924505
0.499245
0.49924475
0.499245
0.49924487
0.4992451
0.49924487
0.49924487
0.49924487
0.4992457
0.4992451
0.49924535
0.49924517
0.499245
0.499245
0.49924493
0.49924475
0.4992448
0.49924493
0.49924487
0.499245
0.49924463
0.49924535
0.49924517
0.49924475
0.49924517
0.49924505
0.4992451
0.499245
0.49924493
0.49924487
0.4992451
0.4992451
0.499245
0.49924546
0.4992451
0.49924463
0.499245
0.49924487
0.49924493
0.4992451
0.4992451
0.49924517
0.499245
0.499245
0.49924487
0.49924523
0.499245
0.4992444
0.4992451
0.49924475
0.4992451
0.4992448
0.4992451
0.49924535
0.4992451
0.49924487
0.49924487
0.49924505
0.49924493
0.49924493
0.4992451
0.499245
0.4992453
0.49924487
0.49924493
0.49924493
0.4992451
0.4992451
0.49924487
0.4992451
0.4992451
0.49924475
0.49924523
0.49924582
0.499245
0.4992451
0.49924546
0.49924487
0.49924546
0.4992451
0.49924523
0.49924546
0.49924517
0.499245
0.49924517
0.49924523
0.499245
0.49924523
0.49924493
0.49924546
0.4992451
0.49924475
0.49924487
0.49924487
0.49924487
0.49924535
0.49924493
0.49924535
0.49924505
0.49924487
0.4992451
0.49924463
0.4992451
0.4992453
0.49924433
0.4992451
0.499245
0.49924463
0.499245
0.4992444
0.499245
0.49924517
0.4992451
0.49924475
0.49924463
0.4992447
0.499245
0.4992451
0.4992453
0.49924505
0.4992451
0.499245
0.49924427
0.4992451
0.4992451
0.49924493
0.49924505
0.4992451
0.4992451
0.49924505
0.49924493
0.49924517
0.4992451
0.49924517
0.49924535
0.49924487
0.4992454
0.4992432
0.4992445
0.49924487
0.49924517
0.49924505
0.49924523
0.49924523
0.49924517
0.49924535
0.4992451
0.49924487
0.49924535
0.49924415
0.49924523
0.49924475
0.499245
0.499245
0.4992453
0.4992451
0.49924493
0.49924523
0.4992451
0.49924517
0.49924505
0.49924523
0.49924523
0.49924487
0.4992451
0.49924475
0.49924523
0.49924487
0.4992444
0.49924487
0.49924523
0.49924523
0.49924403
0.49924517
0.49924505
0.499245
0.4992451
0.499245
0.4992444
0.49924487
0.49924546
0.49924517
0.49924523
0.499245
0.49924523
0.4992451
0.49924487
0.499245
0.4992451
0.4992447
0.4992451
0.49924487
0.49924666
0.49924517
0.49924564
0.4992454
0.4992454
0.49924535
0.499245
0.49924523
0.49924505
0.49924523
0.4992451
0.49924493
0.49924517
0.499245
0.499245
0.4992448
0.4992451
0.49924523
0.49924463
0.49924523
0.49924475
0.4992448
0.4992451
0.49924523
0.49924523
0.4992451
0.49924523
0.4992453
0.499245
0.499245
0.4992447
0.4992451
0.49924517
0.4992451
0.49924523
0.49924493
0.49924487
0.4992451
0.4992453
0.49924463
0.49924535
0.4992451
0.49924505
0.4992445
0.499245
0.499245
0.4992451
0.49924475
0.49924427
0.499245
0.49924487
0.49924517
0.49924493
0.49924487
0.49924523
0.4992448
0.49924487
0.49924558
0.4992451
0.49924493
0.4992453
0.49924505
0.4992451
0.4992451
0.49924487
0.49924487
0.49924505
0.49924546
0.49924487
0.4992448
0.4992451
0.49924493
0.4992451
0.4992451
0.49924517
0.499245
0.499245
0.49924475
0.49924546
0.49924487
0.499245
0.49924523
0.49924523
0.4992445
0.4992453
0.49924535
0.49924487
0.49924535
0.49924535
0.49924594
0.49924427
0.499245
0.49924493
0.499245
0.49924487
0.4992451
0.49924457
0.49924523
0.49924487
0.49924505
0.499245
0.4992451
0.4992445
0.49924523
0.4992453
0.49924523
0.49924475
0.4992451
0.49924523
0.49924517
0.49924487
0.499245
0.4992451
0.49924487
0.49924535
0.499245
0.49924523
0.4992451
0.49924517
0.4992445
0.49924505
0.49924463
0.49924493
0.49924546
0.49924475
0.4992451
0.4992445
0.49924546
0.49924475
0.49924427
0.49924523
0.4992451
0.4992444
0.499245
0.49924493
0.49924517
0.4992431
0.49924475
0.4992451
0.499245
0.4992448
0.49924487
0.49924475
0.49924505
0.4992447
0.49924523
0.49924523
0.49924493
0.49924523
0.4992451
0.49924523
0.49924487
0.49924523
0.499245
0.49924535
0.49924475
0.4992448
0.49924505
0.499245
0.4992453
0.49924487
0.49924523
0.49924493
0.4992453
0.49924475
0.499245
0.49924523
0.499245
0.49924487
0.49924523
0.49924487
0.49924523
0.49924487
0.49924493
0.49924523
0.499245
0.49924493
0.49924487
0.499245
0.49924475
0.49924523
0.49924523
0.49924487
0.49924523
0.49924505
0.499245
0.499245
0.499245
0.49924487
0.49924475
0.49924487
0.49924523
0.499245
0.499245
0.49924487
0.49924535
0.49924487
0.49924487
0.49924487
0.49924475
0.4992453
0.499245
0.49924523
0.49924505
0.499245
0.49924535
0.49924523
0.4992448
0.49924523
0.49924487
0.4992451
0.49924523
0.49924487
0.4992451
0.4992453
0.49924463
0.49924475
0.4992454
0.499245
0.49924487
0.49924523
0.4992451
0.49924475
0.49924487
0.4992451
0.499245
0.4992451
0.49924535
0.49924463
0.49924475
0.49924463
0.49924523
0.4992448
0.49924535
0.4992451
0.4992451
0.49924523
0.49924356
0.4992451
0.49924523
0.49924523
0.4992451
0.49924523
0.49924535
0.49924517
0.49924517
0.49924505
0.49924505
0.4992448
0.49924487
0.4992445
0.499245
0.49924505
0.4992451
0.49924523
0.49924487
0.49924493
0.49924523
0.49924487
0.49924546
0.4992451
0.49924505
0.49924505
0.49924523
0.4992451
0.499245
0.499245
0.4992448
0.49924487
0.4992447
0.49924493
0.4992448
0.49924487
0.4992451
0.4992451
0.49924463
0.49924535
0.49924487
0.4992451
0.49924535
0.49924427
0.49924487
0.499245
0.49924517
0.49924475
0.49924457
0.4992451
0.49924517
0.4992451
0.49924517
0.4992447
0.49924523
0.49924523
0.499245
0.49924505
0.4992451
0.4992451
0.49924475
0.49924535
0.4992451
0.49924505
0.4992451
0.49924505
0.49924523
0.49924505
0.499245
0.49924505
0.49924523
0.4992451
0.49924487
0.49924505
0.49924523
0.49924487
0.49924517
0.49924517
0.49924487
0.499245
0.4992451
0.49924523
0.49924475
0.49924493
0.4992453
0.499245
0.499245
0.4992447
0.499245
0.49924487
0.49924475
0.49924517
0.49924523
0.49924517
0.49924487
0.4992451
0.4992451
0.49924475
0.49924546
0.49924463
0.4992451
0.49924487
0.49924427
0.49924493
0.49924552
0.49924523
0.4992448
0.49924517
0.49924433
0.49924523
0.4992447
0.49924493
0.499245
0.499245
0.4992454
0.49924517
0.4992451
0.49924558
0.49924463
0.49924487
0.49924546
0.49924523
0.49924523
0.49924463
0.4992448
0.49924463
0.49924523
0.499245
0.4992451
0.49924487
0.49924487
0.49924487
0.49924517
0.49924487
0.49924535
0.49924475
0.49924523
0.49924517
0.4992451
0.49924505
0.4992448
0.4992451
0.49924546
0.49924487
0.499245
0.49924493
0.4992451
0.49924487
0.49924493
0.4992453
0.4992447
0.49924517
0.4992451
0.499245
0.4992451
0.49924475
0.499245
0.49924475
0.4992451
0.49924493
0.4992445
0.49924427
0.49924505
0.4992448
0.499245
0.499245
0.499245
0.499245
0.49924487
0.4992451
0.49924475
0.49924475
0.4992451
0.4992447
0.4992451
0.49924523
0.49924493
0.49924517
0.499245
0.49924523
0.49924427
0.499245
0.4992451
0.49924505
0.499245
0.4992448
0.4992447
0.49924523
0.49924558
0.49924475
0.4992451
0.49924523
0.49924463
0.49924475
0.49924552
0.49924475
0.4992451
0.4992453
0.4992451
0.49924403
0.49924475
0.4992453
0.49924517
0.49924535
0.49924493
0.49924487
0.49924475
0.4992453
0.4992451
0.49924517
0.499245
0.49924523
0.49924487
0.49924487
0.499245
0.49924505
0.49924493
0.49924463
0.49924475
0.49924463
0.499245
0.49924475
0.49924517
0.49924475
0.49924475
0.499245
0.4992454
0.49924523
0.49924493
0.49924487
0.49924505
0.49924523
0.49924493
0.4992451
0.4992451
0.4992451
0.49924535
0.49924523
0.49924487
0.49924487
0.49924493
0.4992451
0.499245
0.4992451
0.49924493
0.499245
0.49924535
0.49924487
0.4992451
0.4992444
0.49924523
0.49924523
0.49924535
0.49924475
0.49924493
0.4992451
0.49924493
0.499245
0.4992453
0.4992451
0.49924666
0.49924487
0.49924487
0.49924523
0.49924523
0.49924558
0.4992451
0.4992451
0.49924475
0.49924523
0.49924523
0.499245
0.499245
0.49924493
0.49924487
0.49924487
0.4992453
0.49924523
0.49924517
0.49924463
0.49924475
0.49924535
0.49924463
0.49924487
0.49924475
0.49924493
0.49924535
0.49924523
0.49924487
0.49924523
0.4992451
0.49924505
0.49924487
0.49924487
0.4992453
0.49924493
0.49924487
0.49924487
0.49924475
0.49924487
0.49924558
0.49924523
0.49924487
0.4992445
0.499245
0.4992447
0.49924463
0.49924493
0.49924505
0.4992453
0.49924463
0.49924505
0.49924475
0.49924475
0.49924487
0.4992451
0.49924487
0.499245
0.499245
0.49924493
0.49924523
0.49924523
0.49924427
0.49924523
0.49924487
0.499245
0.4992451
0.4992451
0.49924517
0.499245
0.49924487
0.49924493
0.4992448
0.499245
0.4992451
0.499245
0.49924475
0.49924475
0.49924546
0.499245
0.4992451
0.4992453
0.49924535
0.4992448
0.49924523
0.49924487
0.49924523
0.4992454
0.4992453
0.4992453
0.49924517
0.49924523
0.49924523
0.49924487
0.49924463
0.4992451
0.4992447
0.49924666
0.49924487
0.49924517
0.499245
0.4992448
0.4992451
0.49924403
0.49924552
0.49924487
0.49924517
0.4992447
0.49924487
0.49924475
0.49924517
0.49924546
0.49924523
0.4992448
0.4992451
0.4992451
0.4992451
0.499245
0.4992451
0.499245
0.49924523
0.4992451
0.4992448
0.49924535
0.49924475
0.4992451
0.49924505
0.4992453
0.49924523
0.49924457
0.4992451
0.4992451
0.4992451
0.4992448
0.4992444
0.49924523
0.49924487
0.499245
0.49924558
0.49924392
0.499245
0.499245
0.49924523
0.499245
0.49924564
0.49924523
0.49924558
0.4992445
0.4992451
0.4992451
0.4992454
0.499245
0.49924487
0.49924463
0.49924415
0.499245
0.49924487
0.4992451
0.49924535
0.49924487
0.49924487
0.499245
0.49924487
0.4992451
0.499245
0.49924535
0.49924487
0.49924487
0.49924517
0.4992447
0.49924535
0.49924463
0.49924487
0.4992451
0.49924535
0.49924493
0.49924523
0.4992451
0.499245
0.49924523
0.49924517
0.49924475
0.4992454
0.499245
0.499245
0.49924475
0.49924517
0.49924523
0.49924463
0.499245
0.499245
0.49924493
0.4992451
0.49924493
0.499245
0.499245
0.4992445
0.49924523
0.4992451
0.49924505
0.49924487
0.4992445
0.49924475
0.4992451
0.49924493
0.49924523
0.49924487
0.49924523
0.49924475
0.49924517
0.4992453
0.49924487
0.49924517
0.4992451
0.49924517
0.49924505
0.49924523
0.499245
0.49924487
0.499245
0.499245
0.499245
0.4992451
0.49924487
0.49924487
0.49924505
0.49924493
0.4992448
0.4992447
0.49924493
0.499245
0.4992453
0.49924535
0.49924475
0.49924535
0.49924368
0.49924535
0.4992453
0.49924493
0.499245
0.4992453
0.49924392
0.4992451
0.4992451
0.49924505
0.49924517
0.49924523
0.4992453
0.499245
0.49924463
0.49924487
0.499245
0.49924517
0.49924523
0.4992451
0.4992451
0.499245
0.49924475
0.49924245
0.499245
0.49924475
0.49924493
0.49924493
0.4992451
0.4992451
0.499245
0.49924535
0.4992451
0.49924523
0.49924463
0.4992451
0.49924517
0.4992451
0.49924493
0.49924475
0.499245
0.49924517
0.49924487
0.499245
0.4992451
0.49924487
0.49924523
0.49924487
0.49924493
0.4992451
0.49924487
0.49924517
0.4992448
0.499245
0.49924487
0.49924523
0.49924487
0.4992451
0.49924475
0.49924523
0.49924493
0.49924523
0.4992451
0.49924535
0.49924487
0.49924517
0.49924505
0.49924475
0.4992454
0.49924487
0.49924463
0.49924523
0.49924493
0.4992451
0.49924546
0.49924558
0.49924475
0.49924487
0.49924523
0.499245
0.4992451
0.4992444
0.49924487
0.49924523
0.49924475
0.49924493
0.49924475
0.4992451
0.4992451
0.4992451
0.49924523
0.499245
0.49924487
0.49924228
0.4992451
0.49924475
0.4992451
0.499245
0.4992453
0.49924475
0.49924523
0.49924487
0.49924505
0.49924505
0.49924523
0.49924487
0.4992454
0.49924517
0.4992451
0.49924523
0.49924132
0.49924487
0.49924558
0.4992454
0.49924517
0.49924505
0.49924463
0.49924487
0.4992451
0.4992451
0.49924463
0.4992454
0.499245
0.49924475
0.49924487
0.49924505
0.499245
0.4992451
0.49924523
0.49924487
0.49924523
0.49924505
0.49924362
0.49924523
0.499245
0.4992451
0.4992445
0.4992453
0.4992451
0.49924475
0.49924487
0.49924505
0.4992451
0.49924487
0.49924487
0.49924535
0.49924535
0.4992448
0.4992451
0.4992451
0.49924475
0.49924505
0.4992451
0.49924487
0.49924487
0.4992451
0.4992447
0.49924523
0.4992451
0.49924505
0.4992451
0.4992451
0.49924487
0.4992451
0.4992451
0.4992453
0.4992448
0.4992451
0.49924487
0.4992453
0.4992453
0.49924475
0.4992448
0.49924463
0.4992448
0.4992451
0.49924523
0.49924523
0.49924475
0.49924517
0.49924487
0.499245
0.49924487
0.499245
0.49924517
0.49924523
0.49924487
0.499245
0.499245
0.4992448
0.49924392
0.49924487
0.49924523
0.49924487
0.4992451
0.49924493
0.49924523
0.49924535
0.4992451
0.4992451
0.499245
0.499245
0.49924523
0.49924505
0.49924475
0.49924523
0.49924523
0.4992448
0.4992451
0.49924505
0.4992445
0.49924523
0.499245
0.499245
0.49924523
0.49924535
0.49924463
0.499245
0.49924523
0.49924487
0.49924505
0.49924523
0.49924535
0.4992451
0.499245
0.49924475
0.499245
0.499245
0.49924487
0.4992451
0.49924546
0.4992445
0.49924487
0.499245
0.4992451
0.4992451
0.49924493
0.499245
0.4992454
0.49924523
0.4992451
0.49924487
0.4992451
0.49924487
0.499245
0.4992445
0.49924487
0.49924487
0.4992451
0.4992447
0.4992447
0.49924523
0.49924517
0.4992451
0.49924487
0.49924487
0.49924487
0.49924535
0.499245
0.49924475
0.4992451
0.49924523
0.49924487
0.49924487
0.49924523
0.49924523
0.49924463
0.49924505
0.49924493
0.49924493
0.499245
0.4992453
0.4992447
0.49924523
0.4992451
0.49924523
0.4992451
0.4992451
0.49924475
0.49924523
0.49924487
0.4992451
0.499245
0.49924523
0.499245
0.49924493
0.49924523
0.49924523
0.49924523
0.49924523
0.49924493
0.49924427
0.4992451
0.499245
0.49924487
0.49924475
0.49924487
0.4992447
0.49924475
0.4992444
0.4992457
0.49924487
0.49924523
0.49924475
0.499245
0.49924475
0.49924535
0.49924535
0.49924475
0.49924487
0.4992451
0.49924475
0.499245
0.4992451
0.49924523
0.4992451
0.49924487
0.4992451
0.49924523
0.49924546
0.4992448
0.4992453
0.499245
0.49924594
0.49924505
0.49924535
0.49924475
0.499245
0.49924546
0.49924475
0.4992447
0.49924523
0.49924505
0.4992445
0.4992451
0.4992453
0.4992445
0.49924505
0.49924517
0.499245
0.4992451
0.49924523
0.49924463
0.49924463
0.49924517
0.49924505
0.4992451
0.4992448
0.49924523
0.4992451
0.49924517
0.4992451
0.49924475
0.49924475
0.4992453
0.499245
0.499246
0.49924487
0.4992451
0.4992448
0.499245
0.499245
0.49924493
0.49924505
0.49924523
0.4992448
0.4992451
0.499245
0.499245
0.49924523
0.49924487
0.49924505
0.499245
0.49924487
0.499245
0.4992451
0.499245
0.4992448
0.4992447
0.49924523
0.49924463
0.4992451
0.49924487
0.4992457
0.49924523
0.4992453
0.49924487
0.49924517
0.499245
0.49924487
0.49924517
0.49924493
0.499245
0.4992448
0.4992451
0.499245
0.49924535
0.49924475
0.4992451
0.49924487
0.4992444
0.49924505
0.4992448
0.499245
0.49924487
0.4992451
0.4992447
0.499245
0.49924523
0.4992451
0.4992451
0.49924523
0.4992451
0.499245
0.49924415
0.49924523
0.49924475
0.4992451
0.4992444
0.49924523
0.4992451
0.4992451
0.49924445
0.49924517
0.4992453
0.49924576
0.49924523
0.49924457
0.49924523
0.49924546
0.4992453
0.49924493
0.499245
0.4992451
0.49924493
0.49924505
0.49924523
0.49924505
0.49924487
0.4992451
0.49924535
0.49924523
0.499245
0.49924487
0.499245
0.4992448
0.49924523
0.4992451
0.49924535
0.499245
0.49924523
0.49924487
0.49924475
0.4992442
0.49924487
0.49924314
0.499245
0.4992451
0.49924487
0.49924523
0.499245
0.499245
0.49924523
0.4992445
0.49924463
0.4992451
0.4992451
0.49924493
0.49924523
0.49924487
0.4992451
0.49924523
0.4992451
0.49924523
0.4992451
0.4992451
0.49924535
0.4992451
0.49924523
0.49924487
0.49924523
0.4992448
0.49924463
0.49924523
0.49924487
0.49924523
0.49924487
0.49924523
0.499245
0.49924475
0.49924487
0.49924487
0.499245
0.4992454
0.49924517
0.49924487
0.49924517
0.49924523
0.49924523
0.49924523
0.49924475
0.49924505
0.49924493
0.49924493
0.49924487
0.4992473
0.4992451
0.4992448
0.49924475
0.49924487
0.4992447
0.4992445
0.49924523
0.4992448
0.49924475
0.499245
0.49924523
0.499245
0.499245
0.499245
0.4992451
0.499245
0.4992451
0.49924517
0.49924487
0.49924523
0.49924523
0.49924505
0.49924487
0.49924505
0.49924517
0.49924475
0.49924475
0.4992451
0.49924475
0.49924523
0.499245
0.49924546
0.4992447
0.49924517
0.4992451
0.4992448
0.49924493
0.499245
0.49924517
0.4992454
0.49924487
0.49924487
0.4992451
0.49924487
0.4992451
0.49924487
0.49924505
0.4992457
0.49924517
0.499245
0.49924523
0.49924392
0.499245
0.4992447
0.49924523
0.49924523
0.4992448
0.49924505
0.499245
0.49924475
0.499245
0.49924517
0.49924505
0.49924523
0.49924535
0.49924523
0.4992448
0.49924523
0.49924505
0.49924535
0.49924493
0.49924487
0.49924433
0.49924475
0.4992451
0.49924523
0.49924493
0.4992451
0.49924523
0.49924517
0.4992451
0.499245
0.499245
0.49924523
0.49924523
0.49924523
0.49924463
0.4992451
0.4992457
0.499245
0.49924618
0.49924523
0.499245
0.49924487
0.49924487
0.49924535
0.4992454
0.49924475
0.49924493
0.4992451
0.499245
0.499245
0.49924535
0.49924523
0.49924523
0.49924523
0.4992451
0.4992451
0.49924493
0.4992453
0.49924523
0.49924475
0.49924517
0.49924517
0.49924523
0.4992451
0.49924535
0.4992451
0.49924523
0.49924475
0.49924457
0.49924475
0.49924517
0.4992451
0.49924487
0.4992447
0.49924535
0.499245
0.49924523
0.49924475
0.49924517
0.49924546
0.49924463
0.49924487
0.49924523
0.49924558
0.4992451
0.49924457
0.499245
0.4992448
0.49924523
0.499245
0.49924493
0.49924558
0.49924475
0.49924493
0.49924517
0.49924523
0.4992454
0.49924517
0.49924487
0.49924552
0.4992447
0.49924517
0.4992453
0.4992451
0.4992448
0.499245
0.4992453
0.499245
0.49924523
0.49924523
0.49924535
0.49924505
0.49924517
0.49924523
0.49924523
0.49924403
0.49924535
0.499245
0.49924535
0.49924493
0.49924523
0.49924487
0.49924523
0.49924523
0.49924427
0.4992448
0.499245
0.499245
0.499245
0.49924487
0.499245
0.49924475
0.49924523
0.49924618
0.49924535
0.49924463
0.49924487
0.49924487
0.49924517
0.499245
0.4992453
0.49924487
0.4992453
0.49924505
0.49924523
0.49924463
0.49924487
0.49924463
0.4992424
0.49924505
0.4992448
0.49924523
0.4992451
0.49924487
0.49924487
0.49924487
0.49924487
0.49924487
0.49924505
0.499245
0.49924523
0.49924535
0.49924493
0.49924523
0.49924487
0.4992451
0.49924487
0.49924493
0.499245
0.4992451
0.4992451
0.49924535
0.49924517
0.49924523
0.4992451
0.49924552
0.49924475
0.49924523
0.4992454
0.49924517
0.49924523
0.49924535
0.49924505
0.4992451
0.49924487
0.49924523
0.4992451
0.4992451
0.499245
0.49924523
0.49924475
0.4992451
0.499245
0.49924523
0.49924475
0.4992451
0.499245
0.4992451
0.49924546
0.49924493
0.49924505
0.49924523
0.49924505
0.499245
0.4992448
0.49924457
0.499245
0.49924475
0.49924505
0.499245
0.49924523
0.4992451
0.499245
0.49924487
0.49924403
0.499245
0.49924493
0.49924487
0.49924487
0.49924493
0.49924517
0.499245
0.49924546
0.49924546
0.49924517
0.49924535
0.49924487
0.49924493
0.49924517
0.4992451
0.49924523
0.4992451
0.49924505
0.49924523
0.49924523
0.49924487
0.49924523
0.49924523
0.49924523
0.49924523
0.4992451
0.49924517
0.49924523
0.4992457
0.499245
0.49924475
0.49924523
0.49924493
0.49924523
0.49924487
0.4992448
0.4992453
0.4992451
0.49924487
0.49924487
0.49924487
0.49924523
0.49924463
0.4992447
0.49924487
0.49924523
0.49924487
0.4992454
0.4992451
0.49924487
0.49924535
0.49924523
0.49924523
0.49924487
0.49924505
0.49924523
0.49924546
0.49924487
0.499245
0.49924475
0.49924523
0.49924505
0.49924487
0.49924523
0.499245
0.4992453
0.499245
0.4992447
0.49924415
0.49924487
0.499245
0.4992451
0.49924487
0.4992448
0.4992451
0.4992453
0.499245
0.49924535
0.49924487
0.49924487
0.49924517
0.4992451
0.49924588
0.49924487
0.49924475
0.49924523
0.49924493
0.49924505
0.4992448
0.49924535
0.499245
0.49924523
0.499245
0.49924523
0.49924427
0.49924505
0.499245
0.49924523
0.4992451
0.49924487
0.499245
0.4992451
0.4992451
0.499245
0.49924493
0.4992451
0.49924517
0.49924445
0.49924475
0.49924517
0.49924517
0.49924493
0.499245
0.49924487
0.49924546
0.49924487
0.49924517
0.499245
0.49924535
0.49924767
0.4992451
0.499245
0.4992451
0.49924523
0.4992451
0.49924523
0.49924546
0.4992451
0.4992448
0.4992451
0.4992448
0.49924392
0.49924493
0.49924475
0.49924546
0.49924487
0.4992453
0.49924505
0.4992451
0.4992453
0.49924523
0.49924487
0.49924493
0.49924535
0.49924535
0.49924475
0.4992451
0.49924487
0.49924505
0.499245
0.49924475
0.49924535
0.49924475
0.49924457
0.4992451
0.499245
0.49924487
0.49924487
0.49924487
0.499245
0.4992444
0.49924487
0.49924475
0.4992451
0.49924535
0.49924517
0.4992447
0.4992448
0.499245
0.4992448
0.499245
0.4992445
0.4992448
0.49924517
0.4992451
0.49924487
0.49924487
0.4992441
0.4992451
0.4992451
0.49924427
0.499245
0.4992451
0.49924517
0.4992451
0.499245
0.49924505
0.4992447
0.49924523
0.499245
0.499245
0.49924535
0.49924505
0.49924523
0.4992445
0.4992451
0.49924517
0.4992451
0.4992451
0.49924493
0.49924535
0.499245
0.4992451
0.4992451
0.4992445
0.49924523
0.499245
0.49924546
0.49924463
0.499245
0.49924517
0.49924517
0.499245
0.49924505
0.4992448
0.4992451
0.499245
0.49924427
0.499245
0.49924493
0.49924505
0.4992451
0.49924463
0.49924523
0.49924517
0.49924493
0.499245
0.49924523
0.4992451
0.4992445
0.49924427
0.4992451
0.49924535
0.4992453
0.499245
0.49924487
0.499245
0.49924517
0.4992451
0.49924523
0.4992451
0.49924475
0.49924463
0.49924463
0.4992451
0.4992451
0.49924523
0.499245
0.4992451
0.4992457
0.49924523
0.49924493
0.49924493
0.49924546
0.49924517
0.49924517
0.4992451
0.49924487
0.49924523
0.49924535
0.49924475
0.499245
0.49924523
0.49924505
0.499245
0.49924523
0.4992444
0.499245
0.4992444
0.49924493
0.499245
0.49924493
0.49924535
0.49924535
0.4992451
0.49924487
0.4992451
0.49924523
0.499245
0.49924523
0.4992451
0.49924523
0.49924523
0.49924493
0.49924493
0.499245
0.499245
0.49924475
0.49924487
0.499245
0.4992453
0.4992451
0.4992451
0.4992453
0.49924085
0.49924487
0.49924493
0.4992451
0.49924487
0.4992451
0.4992453
0.49924487
0.4992451
0.49924463
0.49924487
0.4992447
0.49924487
0.4992448
0.499245
0.49924523
0.49924523
0.499245
0.4992453
0.499245
0.49924475
0.49924487
0.49924517
0.49924523
0.49924523
0.49924487
0.49924618
0.49924523
0.4992453
0.4992447
0.499245
0.49924523
0.4992451
0.4992451
0.49924487
0.49924618
0.4992451
0.4992451
0.49924523
0.49924523
0.49924558
0.49924493
0.49924505
0.499245
0.49924517
0.49924475
0.49924535
0.4992451
0.499245
0.4992451
0.4992451
0.49924493
0.4992451
0.49924505
0.4992451
0.49924487
0.49924463
0.4992451
0.49924505
0.499245
0.49924523
0.49924535
0.4992445
0.49924463
0.499245
0.49924493
0.49924493
0.49924523
0.49924523
0.49924463
0.499245
0.49924517
0.49924493
0.49924463
0.4992451
0.499245
0.49924475
0.49924546
0.49924487
0.49924487
0.499245
0.49924535
0.499245
0.49924523
0.4992448
0.499245
0.49924487
0.4992445
0.49924463
0.499245
0.49924463
0.4992453
0.49924487
0.49924523
0.49924463
0.499245
0.499245
0.49924523
0.49924523
0.49924523
0.49924493
0.49924505
0.49924487
0.49924487
0.4992451
0.49924517
0.499245
0.49924505
0.49924475
0.49924356
0.49924487
0.49924523
0.49924487
0.49924523
0.4992448
0.49924517
0.49924546
0.49924487
0.499245
0.49924523
0.4992445
0.49924487
0.49924475
0.49924487
0.4992451
0.4992451
0.49924505
0.4992451
0.4992447
0.49924523
0.499245
0.4992447
0.499245
0.4992451
0.4992451
0.4992451
0.4992451
0.4992448
0.49924463
0.49924505
0.4992453
0.499245
0.499245
0.499245
0.49924523
0.49924487
0.499245
0.49924475
0.499245
0.49924523
0.49924487
0.49924487
0.499245
0.49924487
0.49924523
0.49924535
0.4992451
0.49924523
0.49924535
0.4992447
0.49924475
0.49924487
0.4992444
0.4992447
0.49924487
0.49924487
0.49924493
0.49924475
0.4992448
0.49924523
0.49924463
0.49924487
0.49924505
0.4992451
0.49924535
0.49924523
0.49924535
0.49924523
0.49924475
0.499245
0.49924523
0.49924523
0.49924487
0.49924517
0.49924505
0.4992451
0.49924523
0.49924475
0.49924505
0.499245
0.49924487
0.49924463
0.4992451
0.49924487
0.49924487
0.49924546
0.49924463
0.4992451
0.4992445
0.4992457
0.49924523
0.4992453
0.4992448
0.499245
0.4992453
0.4992451
0.49924487
0.4992448
0.49924487
0.49924487
0.49924523
0.49924535
0.499245
0.4992454
0.499245
0.49924523
0.49924523
0.4992453
0.49924505
0.49924475
0.4992451
0.499245
0.49924487
0.49924546
0.4992451
0.49924487
0.4992448
0.49924582
0.49924487
0.499245
0.4992451
0.49924463
0.49924523
0.49924487
0.49924517
0.49924546
0.49924505
0.49924523
0.4992451
0.49924475
0.49924523
0.49924523
0.49924546
0.49924523
0.4992451
0.4992451
0.499245
0.4992451
0.49924487
0.4992447
0.49924487
0.499245
0.49924505
0.4992451
0.49924487
0.499245
0.4992451
0.49924582
0.49924535
0.49924487
0.49924487
0.49924505
0.4992451
0.49924523
0.49924493
0.49924493
0.49924475
0.49924505
0.49924523
0.499245
0.499245
0.4992451
0.499245
0.49924487
0.49924445
0.499245
0.49924493
0.4992448
0.4992451
0.49924523
0.4992451
0.4992451
0.49924487
0.49924487
0.4992451
0.499245
0.49924523
0.49924546
0.49924487
0.4992451
0.499245
0.49924558
0.49924535
0.4992451
0.4992445
0.49924535
0.4992453
0.49924487
0.499245
0.49924487
0.4992451
0.49924546
0.49924475
0.49924487
0.49924535
0.49924463
0.4992463
0.49924505
0.49924475
0.49924517
0.49924487
0.49924487
0.4992451
0.4992445
0.49924493
0.49924487
0.49924463
0.4992451
0.49924523
0.499245
0.49924654
0.49924493
0.49924463
0.499245
0.49924487
0.4992448
0.49924487
0.4992451
0.49924523
0.4992451
0.49924552
0.4992451
0.49924475
0.49924427
0.499245
0.4992451
0.49924523
0.4992454
0.49924487
0.49924475
0.49924523
0.49924493
0.499245
0.49924594
0.49924505
0.49924523
0.49924487
0.4992451
0.49924493
0.4992451
0.499245
0.4992451
0.49924487
0.49924493
0.49924475
0.49924475
0.49924517
0.49924487
0.49924505
0.49924517
0.499245
0.499245
0.49924457
0.4992451
0.49924493
0.49924523
0.4992451
0.49924487
0.49924475
0.4992453
0.49924493
0.4992451
0.49924493
0.49924523
0.4992448
0.4992451
0.499245
0.49924487
0.49924475
0.49924523
0.4992451
0.499245
0.4992451
0.49924523
0.499245
0.49924517
0.49924523
0.499245
0.49924487
0.4992448
0.49924493
0.4992448
0.49924517
0.4992451
0.4992451
0.4992451
0.49924517
0.4992442
0.4992451
0.49924487
0.49924475
0.49924505
0.49924487
0.4992451
0.499245
0.49924463
0.49924535
0.4992451
0.49924523
0.4992451
0.4992444
0.49924493
0.49924475
0.49924523
0.49924535
0.49924463
0.49924523
0.49924463
0.49924487
0.49924505
0.49924505
0.4992448
0.49924487
0.49924535
0.4992453
0.49924487
0.49924475
0.49924487
0.49924505
0.49924487
0.499245
0.49924463
0.49924487
0.4992451
0.49924487
0.49924427
0.499245
0.4992448
0.499245
0.49924475
0.49924517
0.49924523
0.49924493
0.49924487
0.49924487
0.49924487
0.49924493
0.49924523
0.499245
0.4992451
0.49924523
0.49924523
0.49924517
0.49924493
0.49924558
0.49924523
0.49924523
0.4992454
0.49924487
0.49924523
0.49924475
0.4992451
0.499245
0.49924487
0.49924523
0.4992451
0.4992453
0.49924475
0.499245
0.4992447
0.49924523
0.49924493
0.49924487
0.4992453
0.4992451
0.49924463
0.49924475
0.49924505
0.49924523
0.4992454
0.4992451
0.4992451
0.49924475
0.499245
0.49924523
0.49924523
0.4992453
0.49924475
0.49924517
0.49924535
0.49924505
0.49924558
0.4992445
0.49924523
0.49924523
0.49924535
0.4992444
0.49924523
0.499245
0.49924415
0.49924487
0.4992451
0.499245
0.499245
0.49924487
0.49924487
0.49924487
0.49924535
0.49924523
0.4992451
0.4992451
0.49924475
0.4992444
0.49924463
0.4992451
0.49924523
0.49924487
0.499245
0.49924463
0.49924487
0.4992445
0.49924427
0.4992451
0.4992451
0.49924487
0.49924523
0.49924493
0.49924523
0.49924505
0.499245
0.4992451
0.4992448
0.49924523
0.49924505
0.4992445
0.49924523
0.49924228
0.49924457
0.4992445
0.49924487
0.49924505
0.49924523
0.49924505
0.49924523
0.49924535
0.49924523
0.49924487
0.49924493
0.4992448
0.49924546
0.49924475
0.4992451
0.49924552
0.49924487
0.4992451
0.4992451
0.4992448
0.4992445
0.49924487
0.49924505
0.4992451
0.49924487
0.499245
0.49924523
0.4992447
0.499245
0.499245
0.49924535
0.4992448
0.49924505
0.499245
0.499245
0.49924505
0.49924636
0.49924487
0.4992445
0.4992451
0.49924517
0.49924523
0.49924523
0.49924505
0.49924475
0.49924535
0.499245
0.49924523
0.49924487
0.49924487
0.49924487
0.4992451
0.499245
0.49924362
0.4992451
0.49924487
0.4992447
0.49924523
0.49924517
0.49924523
0.49924415
0.4992454
0.49924463
0.4992451
0.49924475
0.49924535
0.49924487
0.49924475
0.49924523
0.499245
0.499245
0.49924487
0.4992448
0.4992448
0.499245
0.4992451
0.4992451
0.49924523
0.4992451
0.49924493
0.49924463
0.4992448
0.49924523
0.49924487
0.49924535
0.4992445
0.49924493
0.49924475
0.4992451
0.49924523
0.4992451
0.4992451
0.4992451
0.49924535
0.49924523
0.49924523
0.4992451
0.49924475
0.49924487
0.4992451
0.49924493
0.4992445
0.4992448
0.49924493
0.4992451
0.49924475
0.499245
0.49924457
0.49924487
0.49924523
0.49924475
0.49924552
0.499245
0.49924535
0.49924487
0.4992451
0.4992451
0.4992451
0.4992451
0.49924493
0.499245
0.49924523
0.49924487
0.49924535
0.499245
0.49924523
0.4992451
0.4992448
0.49924535
0.499245
0.49924487
0.4992451
0.49924487
0.4992451
0.4992448
0.49924487
0.49924517
0.4992453
0.49924487
0.49924505
0.49924535
0.499245
0.49924445
0.49924332
0.4992451
0.49924487
0.4992451
0.4992451
0.49924535
0.499245
0.49924457
0.49924475
0.4992451
0.49924433
0.49924487
0.49924475
0.499245
0.49924523
0.49924505
0.49924535
0.49924487
0.4992451
0.4992442
0.49924487
0.4992451
0.49924493
0.49924523
0.4992445
0.4992448
0.49924475
0.4992451
0.49924487
0.49924505
0.49924475
0.4992451
0.499245
0.49924487
0.49924535
0.499245
0.49924487
0.49924487
0.49924517
0.49924535
0.499245
0.49924523
0.49924523
0.49924457
0.4992447
0.4992451
0.49924475
0.49924505
0.4992451
0.4992451
0.499245
0.499245
0.49924517
0.4992447
0.4992451
0.49924546
0.49924487
0.4992448
0.49924523
0.49924445
0.49924487
0.49924487
0.49924415
0.4992451
0.49924535
0.4992451
0.49924535
0.49924487
0.49924517
0.49924517
0.499245
0.499245
0.4992451
0.49924493
0.49924523
0.49924463
0.49924517
0.49924535
0.4992451
0.49924463
0.49924546
0.49924535
0.49924487
0.4992457
0.49924475
0.49924505
0.49924517
0.49924475
0.49924487
0.49924493
0.49924475
0.49924523
0.4992448
0.49924517
0.4992448
0.49924535
0.49924463
0.49924523
0.499245
0.49924392
0.49924475
0.49924463
0.49924475
0.49924505
0.49924517
0.49924558
0.49924475
0.49924535
0.49924535
0.4992451
0.49924487
0.49924523
0.49924487
0.49924523
0.49924582
0.49924523
0.49924487
0.49924535
0.4992453
0.49924493
0.49924517
0.49924487
0.4992451
0.49924487
0.4992451
0.4992451
0.49924475
0.49924493
0.49924487
0.49924517
0.4992451
0.4992451
0.49924517
0.49924535
0.49924487
0.49924523
0.49924457
0.49924535
0.4992453
0.4992451
0.499245
0.49924487
0.49924523
0.49924493
0.4992451
0.49924505
0.4992453
0.4992451
0.49924523
0.49924523
0.49924505
0.49924463
0.49924558
0.49924523
0.4992451
0.49924505
0.499245
0.49924523
0.4992451
0.49924487
0.499245
0.49924475
0.4992448
0.4992448
0.49924487
0.49924517
0.49924392
0.49924505
0.49924517
0.49924523
0.49924558
0.4992451
0.49924535
0.4992451
0.499245
0.49924523
0.49924487
0.4992448
0.49924463
0.49924505
0.49924445
0.499245
0.49924487
0.4992453
0.49924487
0.4992451
0.4992448
0.4992453
0.49924487
0.49924523
0.49924505
0.49924457
0.4992451
0.4992451
0.49924523
0.4992451
0.4992444
0.49924523
0.4992451
0.4992445
0.4992451
0.49924523
0.49924523
0.49924505
0.49924487
0.49924517
0.49924523
0.49924487
0.4992451
0.49924523
0.49924505
0.499245
0.499245
0.4992454
0.4992451
0.49924582
0.49924487
0.49924558
0.49924475
0.4992451
0.49924463
0.499245
0.49924523
0.49924523
0.49924493
0.4992425
0.4992453
0.4992444
0.49924487
0.49924487
0.499245
0.4992448
0.4992451
0.49924517
0.49924535
0.499245
0.49924493
0.4992447
0.49924523
0.4992453
0.49924487
0.4992451
0.4992451
0.49924487
0.49924487
0.49924517
0.49924505
0.499245
0.4992453
0.49924523
0.49924403
0.4992451
0.49924487
0.49924523
0.49924523
0.49924487
0.49924493
0.49924463
0.4992451
0.4992451
0.499245
0.499245
0.4992453
0.49924535
0.49924517
0.49924523
0.499245
0.49924505
0.499245
0.49924523
0.49924505
0.499245
0.49924397
0.4992451
0.49924475
0.49924505
0.49924415
0.49924475
0.499245
0.49924546
0.499245
0.49924505
0.4992447
0.4992453
0.49924475
0.4992451
0.499245
0.49924487
0.49924487
0.49924523
0.49924523
0.49924505
0.49924505
0.4992451
0.4992448
0.49924487
0.49924493
0.4992451
0.499245
0.49924523
0.499245
0.499245
0.49924475
0.499245
0.4992451
0.49924505
0.49924475
0.49924517
0.49924535
0.49924487
0.49924475
0.49924523
0.4992448
0.49924523
0.49924487
0.4992444
0.4992453
0.49924475
0.499245
0.49924523
0.4992451
0.4992451
0.49924505
0.4992457
0.49924505
0.49924493
0.49924487
0.49924523
0.49924523
0.49924517
0.49924487
0.4992451
0.499245
0.49924523
0.4992451
0.499245
0.4992451
0.49924293
0.49924523
0.49924475
0.49924523
0.49924505
0.499245
0.499245
0.4992451
0.4992451
0.4992451
0.4992451
0.49924505
0.49924505
0.49924463
0.4992445
0.4992453
0.49924457
0.499245
0.4992448
0.49924487
0.4992451
0.4992451
0.4992453
0.49924463
0.49924523
0.499245
0.49924535
0.49924517
0.49924517
0.49924487
0.4992451
0.49924487
0.4992444
0.4992444
0.499245
0.49924523
0.49924386
0.49924493
0.4992451
0.49924523
0.4992451
0.49924546
0.499245
0.49924535
0.49924493
0.49924487
0.49924505
0.49924487
0.49924523
0.4992451
0.49924517
0.49924523
0.49924505
0.4992448
0.49924475
0.49924517
0.49924523
0.499245
0.4992451
0.499245
0.49924535
0.49924523
0.49924493
0.4992454
0.4992454
0.49924493
0.49924523
0.49924552
0.49924463
0.4992451
0.49924487
0.49924535
0.49924487
0.49924523
0.49924487
0.49924535
0.49924517
0.49924415
0.49924487
0.49924475
0.49924475
0.49924493
0.499245
0.49924475
0.49924535
0.4992451
0.49924535
0.49924493
0.4992451
0.49924493
0.4992451
0.49924517
0.499245
0.49924493
0.49924517
0.499245
0.4992451
0.49924552
0.49924535
0.49924487
0.49924475
0.49924487
0.499245
0.49924546
0.499245
0.49924487
0.49924475
0.49924523
0.49924475
0.499245
0.49924487
0.49924487
0.49924475
0.49924475
0.4992451
0.4992454
0.49924475
0.49924523
0.49924487
0.49924487
0.4992445
0.49924535
0.49924487
0.49924505
0.49924523
0.4992451
0.499245
0.49924517
0.49924505
0.49924523
0.499245
0.49924487
0.49924523
0.49924505
0.49924517
0.4992451
0.49924523
0.4992451
0.49924523
0.49924493
0.499245
0.49924523
0.49924493
0.49924523
0.4992451
0.49924475
0.49924505
0.4992451
0.4992448
0.49924332
0.49924517
0.499245
0.49924475
0.4992451
0.4992448
0.499245
0.49924517
0.49924487
0.49924505
0.4992451
0.4992451
0.49924487
0.49924475
0.49924517
0.49924505
0.49924523
0.49924523
0.49924505
0.499245
0.4992451
0.49924463
0.4992451
0.49924535
0.4992447
0.49924523
0.4992448
0.499245
0.49924493
0.4992451
0.49924523
0.49924505
0.49924475
0.49924463
0.4992451
0.49924487
0.49924535
0.49924505
0.4992451
0.49924487
0.4992451
0.499245
0.49924523
0.49924505
0.49924523
0.49924517
0.4992448
0.49924523
0.49924517
0.4992451
0.4992451
0.49924475
0.4992451
0.499245
0.49924535
0.49924523
0.49924487
0.499245
0.49924487
0.49924487
0.499245
0.49924487
0.49924475
0.49924523
0.4992445
0.4992448
0.49924475
0.49924475
0.4992454
0.4992451
0.4992451
0.499245
0.49924523
0.49924505
0.499245
0.4992451
0.4992451
0.49924427
0.4992447
0.4992445
0.49924564
0.49924487
0.499245
0.499245
0.49924582
0.49924493
0.49924535
0.499245
0.4992451
0.49924475
0.49924487
0.4992453
0.49924523
0.49924493
0.49924493
0.49924523
0.499245
0.49924487
0.49924493
0.4992448
0.49924523
0.49924523
0.49924546
0.4992451
0.49924535
0.4992447
0.49924523
0.4992448
0.49924487
0.4992453
0.49924475
0.49924475
0.4992448
0.49924493
0.499245
0.49924523
0.49924523
0.499245
0.4992448
0.49924523
0.49924487
0.49924427
0.49924505
0.49924517
0.49924517
0.499245
0.499245
0.49924523
0.49924523
0.49924523
0.49924558
0.49924535
0.4992444
0.49924523
0.4992448
0.49924523
0.4992451
0.49924523
0.4992448
0.49924463
0.4992451
0.49924618
0.49924517
0.49924523
0.499245
0.49924523
0.49924493
0.49924523
0.49924487
0.49924463
0.4992448
0.49924523
0.4992451
0.4992454
0.49924523
0.4992447
0.49924535
0.49924505
0.49924517
0.49924487
0.4992447
0.49924505
0.49924546
0.49924493
0.49924487
0.4992451
0.49924487
0.499245
0.4992451
0.4992451
0.4992451
0.49924546
0.49924546
0.49924493
0.4992451
0.49924523
0.49924505
0.49924517
0.49924517
0.49924493
0.49924463
0.49924493
0.49924523
0.49924487
0.49924535
0.49924523
0.49924487
0.49924523
0.49924505
0.4992457
0.49924523
0.49924433
0.49924487
0.49924523
0.4992451
0.4992451
0.49924487
0.49924505
0.49924535
0.4992451
0.4992448
0.49924523
0.49924535
0.499245
0.49924487
0.4992451
0.49924546
0.49924505
0.49924523
0.499245
0.4992451
0.49924523
0.49924523
0.49924475
0.49924463
0.49924475
0.4992453
0.4992453
0.49924487
0.4992444
0.4992451
0.49924523
0.4992453
0.49924523
0.49924505
0.49924475
0.49924463
0.4992451
0.4992451
0.4992447
0.4992451
0.49924523
0.49924505
0.49924487
0.4992451
0.49924505
0.49924523
0.4992451
0.499245
0.49924487
0.499245
0.499245
0.499245
0.49924475
0.4992447
0.49924523
0.49924356
0.4992448
0.4992451
0.4992451
0.4992444
0.49924523
0.49924517
0.49924487
0.49924523
0.49924523
0.4992451
0.49924505
0.4992442
0.49924475
0.49924523
0.499245
0.4992451
0.4992453
0.49924505
0.49924546
0.49924475
0.49924517
0.4992451
0.499245
0.49924338
0.4992453
0.49924475
0.49924517
0.49924517
0.49924493
0.49924523
0.49924523
0.49924523
0.49924523
0.49924475
0.4992448
0.49924457
0.49924475
0.49924576
0.49924523
0.4992451
0.49924535
0.49924523
0.4992454
0.4992451
0.49924493
0.4992451
0.499245
0.49924523
0.49924546
0.49924487
0.49924546
0.49924487
0.4992451
0.49924523
0.499245
0.4992453
0.49924487
0.49924487
0.4992451
0.49924546
0.4992451
0.49924535
0.4992451
0.4992451
0.49924523
0.4992454
0.499245
0.4992448
0.49924463
0.49924535
0.49924493
0.499245
0.49924535
0.49924493
0.499245
0.49924558
0.49924523
0.4992445
0.49924487
0.4992445
0.499245
0.49924487
0.49924517
0.49924535
0.49924427
0.4992451
0.4992451
0.499245
0.49924487
0.49924457
0.4992451
0.4992441
0.49924493
0.49924523
0.49924517
0.499245
0.49924523
0.49924582
0.49924523
0.4992451
0.49924546
0.49924493
0.4992451
0.4992453
0.49924487
0.49924552
0.49924475
0.4992453
0.49924493
0.49924523
0.4992453
0.49924517
0.49924505
0.49924487
0.49924535
0.4992479
0.49924517
0.4992451
0.49924475
0.499245
0.499245
0.4992457
0.49924535
0.49924487
0.49924535
0.4992451
0.49924487
0.49924493
0.49924457
0.4992451
0.49924535
0.49924475
0.4992451
0.49924523
0.499245
0.49924487
0.49924487
0.49924487
0.49924493
0.49924487
0.49924475
0.49924487
0.4992453
0.49924475
0.49924493
0.4992445
0.49924517
0.49924487
0.4992451
0.49924517
0.49924523
0.4992453
0.499245
0.499245
0.49924463
0.49924523
0.4992451
0.49924523
0.49924493
0.49924493
0.49924487
0.49924535
0.49924523
0.49924415
0.49924487
0.49924487
0.49924517
0.4992448
0.499245
0.49924493
0.499245
0.49924487
0.49924523
0.49924487
0.499245
0.49924552
0.49924505
0.49924475
0.49924487
0.499245
0.49924523
0.49924523
0.499245
0.49924523
0.4992451
0.4992451
0.49924535
0.49924487
0.49924517
0.4992451
0.49924523
0.49924493
0.4992451
0.4992451
0.4992453
0.49924487
0.499245
0.49924535
0.4992453
0.499245
0.49924505
0.4992445
0.49924475
0.499245
0.49924535
0.4992448
0.49924517
0.49924487
0.4992445
0.49924523
0.49924475
0.49924523
0.4992453
0.499245
0.4992445
0.4992451
0.4992451
0.49924505
0.499245
0.4992451
0.49924505
0.49924523
0.49924427
0.4992457
0.4992445
0.4992451
0.4992451
0.49924487
0.4992451
0.49924487
0.49924493
0.49924523
0.499245
0.4992451
0.4992453
0.49924517
0.49924475
0.49924535
0.49924463
0.49924487
0.49924487
0.49924505
0.4992448
0.499245
0.49924505
0.4992445
0.49924517
0.499245
0.49924475
0.49924433
0.4992451
0.499245
0.49924564
0.4992453
0.49924523
0.4992451
0.4992451
0.49924487
0.49924523
0.49924487
0.49924523
0.49924535
0.49924487
0.49924523
0.49924523
0.4992448
0.49924487
0.49924487
0.49924475
0.49924535
0.4992451
0.49924487
0.49924475
0.49924475
0.49924487
0.49924386
0.4992457
0.49924487
0.49924487
0.4992448
0.49924505
0.4992453
0.4992451
0.49924493
0.4992451
0.49924475
0.499245
0.4992451
0.499245
0.499245
0.49924487
0.4992451
0.4992451
0.4992451
0.499245
0.4992448
0.49924487
0.49924517
0.499245
0.49924505
0.49924523
0.4992447
0.49924487
0.49924535
0.49924475
0.49924517
0.49924427
0.499245
0.49924505
0.49924487
0.499245
0.4992454
0.4992451
0.499245
0.49924475
0.49924523
0.49924505
0.499245
0.49924493
0.4992451
0.499245
0.49924505
0.49924475
0.49924463
0.499245
0.49924523
0.4992451
0.49924487
0.49924517
0.4992451
0.49924487
0.49924493
0.49924487
0.4992451
0.499245
0.49924523
0.4992451
0.4992451
0.4992451
0.49924487
0.49924535
0.4992451
0.49924475
0.49924535
0.499245
0.49924332
0.49924523
0.49924493
0.4992451
0.49924487
0.49924517
0.49924523
0.4992447
0.499245
0.49924475
0.49924517
0.49924535
0.4992451
0.49924505
0.49924475
0.49924487
0.49924523
0.49924523
0.4992444
0.499245
0.49924475
0.49924523
0.49924523
0.49924475
0.49924588
0.49924505
0.49924517
0.49924493
0.49924487
0.49924487
0.4992454
0.499245
0.499245
0.49924487
0.49924523
0.49924523
0.4992453
0.49924505
0.49924475
0.49924493
0.49924535
0.4992447
0.4992451
0.4992451
0.49924523
0.49924523
0.4992453
0.49924612
0.49924517
0.49924517
0.499245
0.49924523
0.499245
0.4992447
0.49924517
0.49924493
0.499245
0.49924535
0.4992451
0.49924487
0.4992453
0.49924523
0.49924392
0.4992444
0.4992451
0.499245
0.49924505
0.4992451
0.49924505
0.49924523
0.49924523
0.49924535
0.49924505
0.4992453
0.499245
0.49924505
0.49924523
0.49924487
0.49924505
0.4992451
0.499245
0.4992447
0.4992451
0.49924475
0.49924505
0.49924487
0.49924505
0.49924475
0.4992451
0.49924445
0.49924523
0.49924487
0.49924493
0.4992451
0.499245
0.49924535
0.49924463
0.49924493
0.49924487
0.49924493
0.49924487
0.4992451
0.49924517
0.49924493
0.49924487
0.499245
0.49924475
0.49924517
0.49924493
0.49924487
0.49924487
0.49924546
0.49924493
0.4992445
0.49924463
0.499245
0.4992451
0.499245
0.499245
0.49924493
0.49924523
0.49924487
0.49924517
0.49924523
0.499245
0.49924487
0.49924523
0.49924523
0.4992451
0.499245
0.49924517
0.4992451
0.49924505
0.49924487
0.49924535
0.49924523
0.49924487
0.4992451
0.4992451
0.49924433
0.4992451
0.499245
0.49924517
0.499245
0.499245
0.4992451
0.49924517
0.49924487
0.499245
0.4992448
0.49924505
0.49924505
0.4992451
0.49924475
0.49924487
0.499245
0.4992451
0.49924523
0.49924606
0.49924535
0.4992453
0.49924463
0.49924546
0.4992451
0.49924523
0.499245
0.499245
0.49924523
0.49924493
0.49924493
0.4992451
0.499245
0.49924523
0.49924487
0.49924487
0.49924487
0.49924493
0.49924487
0.49924463
0.49924475
0.49924523
0.49924487
0.49924523
0.4992451
0.49924463
0.4992448
0.4992451
0.4992451
0.49924493
0.4992451
0.49924523
0.4992451
0.49924487
0.4992447
0.4992451
0.499245
0.499245
0.49924535
0.49924493
0.4992451
0.4992451
0.4992451
0.4992451
0.4992453
0.4992448
0.49924493
0.49924487
0.49924517
0.4992451
0.499245
0.49924523
0.49924517
0.49924487
0.49924487
0.4992451
0.4992442
0.49924505
0.499245
0.49924606
0.49924487
0.4992451
0.4992451
0.49924403
0.49924487
0.49924523
0.49924523
0.4992451
0.4992451
0.49924505
0.49924487
0.4992451
0.4992445
0.49924523
0.49924523
0.49924487
0.49924523
0.49924475
0.49924487
0.4992447
0.499245
0.49924487
0.4992451
0.49924523
0.49924517
0.49924487
0.499245
0.49924535
0.49924487
0.49924493
0.4992453
0.4992451
0.49924463
0.49924505
0.4992453
0.499245
0.49924415
0.49924523
0.49924475
0.49924523
0.4992448
0.49924475
0.49924487
0.49924493
0.49924523
0.499245
0.4992451
0.499245
0.4992451
0.4992432
0.49924523
0.49924475
0.49924493
0.4992453
0.49924493
0.499245
0.49924523
0.499245
0.4992447
0.4992451
0.4992448
0.49924505
0.499245
0.49924463
0.49924463
0.49924487
0.499245
0.499245
0.4992451
0.4992445
0.49924535
0.49924523
0.4992451
0.4992453
0.49924523
0.49924475
0.49924487
0.4992453
0.49924535
0.49924523
0.4992447
0.499245
0.4992451
0.49924487
0.49924475
0.4992451
0.4992448
0.49924475
0.4992444
0.49924487
0.4992451
0.4992454
0.49924517
0.4992448
0.49924487
0.4992451
0.49924523
0.499245
0.49924475
0.4992447
0.4992457
0.4992451
0.49924493
0.49924463
0.49924493
0.4992448
0.49924463
0.49924487
0.499245
0.4992451
0.49924523
0.49924606
0.49924517
0.49924558
0.499245
0.49924463
0.499245
0.49924517
0.49924487
0.49924523
0.4992451
0.49924523
0.499245
0.49924475
0.49924475
0.49924523
0.49924535
0.49924535
0.49924463
0.49924487
0.49924487
0.49924487
0.49924487
0.49924493
0.49924523
0.49924475
0.4992454
0.49924523
0.49924523
0.49924487
0.49924523
0.49924463
0.49924546
0.49924493
0.49924535
0.499245
0.49924523
0.49924558
0.4992451
0.49924523
0.49924523
0.49924463
0.499245
0.4992451
0.49924445
0.4992445
0.49924535
0.49924463
0.49924487
0.49924475
0.4992451
0.49924535
0.49924517
0.499245
0.49924487
0.49924523
0.49924517
0.49924487
0.49924523
0.499245
0.49924517
0.49924523
0.499245
0.4992451
0.499245
0.4992451
0.49924463
0.499245
0.49924523
0.4992453
0.49924415
0.49924505
0.49924475
0.4992451
0.49924523
0.4992448
0.49924535
0.4992451
0.49924487
0.49924523
0.49924523
0.49924487
0.4992451
0.49924487
0.49924487
0.49924523
0.49924546
0.4992451
0.49924493
0.49924475
0.49924487
0.49924523
0.49924523
0.499245
0.49924463
0.49924487
0.499245
0.4992451
0.49924487
0.49924487
0.499245
0.49924475
0.49924535
0.49924546
0.49924463
0.49924505
0.499245
0.49924535
0.49924487
0.49924517
0.4992451
0.49924493
0.49924487
0.4992445
0.49924475
0.49924475
0.49924487
0.49924487
0.49924475
0.49924487
0.49924487
0.4992451
0.49924487
0.49924487
0.4992448
0.49924523
0.49924487
0.49924392
0.49924517
0.4992451
0.499245
0.49924535
0.49924523
0.49924493
0.4992451
0.4992451
0.4992445
0.49924487
0.4992451
0.4992451
0.49924487
0.49924493
0.49924517
0.49924487
0.49924517
0.49924475
0.49924523
0.49924523
0.4992448
0.49924505
0.49924487
0.49924487
0.49924475
0.4992453
0.49924535
0.499245
0.4992447
0.49924487
0.49924523
0.499245
0.49924535
0.49924535
0.49924487
0.4992442
0.4992451
0.4992451
0.49924517
0.4992451
0.49924523
0.4992451
0.49924493
0.49924523
0.49924505
0.49924487
0.499245
0.4992451
0.49924523
0.499245
0.49924463
0.49924505
0.49924487
0.49924493
0.4992448
0.4992451
0.49924463
0.499245
0.4992451
0.499245
0.49924487
0.49924558
0.4992451
0.49924475
0.4992451
0.499245
0.49924475
0.49924523
0.49924487
0.499245
0.4992451
0.49924505
0.4992444
0.49924523
0.49924505
0.49924487
0.49924487
0.4992451
0.499245
0.499245
0.4992447
0.49924475
0.49924463
0.49924535
0.4992453
0.49924475
0.4992451
0.49924523
0.49924564
0.49924505
0.4992448
0.49924475
0.49924493
0.49924487
0.49924523
0.4992448
0.4992451
0.499245
0.49924523
0.499245
0.4992451
0.499245
0.49924487
0.499245
0.4992448
0.49924493
0.49924523
0.49924487
0.49924505
0.499245
0.49924523
0.49924487
0.4992444
0.499245
0.499245
0.4992454
0.49924535
0.49924505
0.49924523
0.49924493
0.49924475
0.4992448
0.49924505
0.49924487
0.49924523
0.4992451
0.49924487
0.49924523
0.49924368
0.49924517
0.499245
0.4992451
0.4992448
0.49924493
0.499245
0.499245
0.49924463
0.49924535
0.49924487
0.49924475
0.4992451
0.4992447
0.49924487
0.49924546
0.4992453
0.49924487
0.49924493
0.49924463
0.49924493
0.499245
0.49924487
0.499245
0.4992451
0.49924475
0.49924546
0.49924475
0.49924535
0.49924475
0.49924475
0.4992451
0.499245
0.49924475
0.49924487
0.49924523
0.49924523
0.4992451
0.499245
0.4992453
0.4992448
0.49924487
0.49924523
0.49924523
0.499245
0.49924523
0.49924475
0.49924505
0.49924546
0.49924523
0.49924487
0.49924487
0.4992451
0.4992453
0.49924487
0.49924487
0.4992453
0.49924523
0.4992453
0.49924523
0.499245
0.49924517
0.49924523
0.4992457
0.4992451
0.49924523
0.49924475
0.4992453
0.499245
0.49924487
0.49924517
0.49924475
0.49924523
0.4992451
0.499245
0.49924487
0.49924487
0.49924523
0.49924487
0.49924487
0.499245
0.49924523
0.49924517
0.49924475
0.49924535
0.499245
0.4992451
0.49924487
0.49924493
0.49924535
0.49924523
0.49924463
0.4992448
0.49924523
0.49924558
0.49924546
0.49924487
0.4992445
0.49924475
0.49924523
0.49924505
0.49924487
0.49924487
0.499245
0.49924505
0.4992444
0.49924487
0.49924487
0.49924475
0.49924493
0.49924523
0.49924487
0.49924546
0.49924517
0.4992447
0.49924517
0.49924463
0.4992447
0.49924475
0.49924493
0.49924475
0.49924517
0.49924475
0.4992463
0.49924487
0.499245
0.49924517
0.4992451
0.49924517
0.499245
0.49924493
0.49924457
0.49924535
0.49924475
0.49924523
0.49924535
0.49924475
0.49924475
0.49924487
0.4992451
0.49924487
0.49924523
0.49924463
0.49924523
0.49924517
0.49924493
0.49924523
0.499245
0.4992451
0.49924487
0.49924475
0.49924186
0.4992453
0.49924558
0.49924475
0.4992451
0.49924487
0.49924552
0.49924475
0.4992448
0.4992451
0.49924475
0.49924505
0.49924517
0.499245
0.4992445
0.49924546
0.499245
0.499245
0.49924487
0.49924517
0.4992453
0.49924487
0.4992451
0.49924487
0.49924487
0.4992451
0.499245
0.49924493
0.49924475
0.49924505
0.4992451
0.49924445
0.499245
0.49924493
0.49924505
0.49924493
0.49924415
0.499245
0.49924487
0.4992448
0.49924523
0.4992447
0.49924523
0.49924523
0.49924493
0.49924487
0.49924463
0.4992451
0.499245
0.4992451
0.4992453
0.499245
0.49924517
0.499245
0.49924487
0.49924475
0.49924517
0.49924517
0.4992451
0.4992451
0.49924487
0.49924523
0.49924463
0.49924445
0.4992451
0.499245
0.49924517
0.4992453
0.49924523
0.49924535
0.49924487
0.49924535
0.49924523
0.49924523
0.4992441
0.4992445
0.4992451
0.49924523
0.49924487
0.4992445
0.49924475
0.49924487
0.49924475
0.49924475
0.49924546
0.49924546
0.49924493
0.49924535
0.4992451
0.4992438
0.499245
0.4992451
0.49924487
0.49924463
0.49924523
0.49924558
0.49924463
0.4992445
0.4992448
0.49924517
0.4992451
0.49924487
0.49924546
0.49924487
0.4992445
0.49924487
0.49924523
0.49924517
0.49924505
0.49924487
0.49924517
0.4992448
0.49924475
0.4992448
0.49924523
0.49924505
0.4992451
0.49924463
0.49924523
0.49924475
0.49924523
0.49924493
0.4992451
0.49924546
0.499245
0.49924493
0.4992451
0.49924588
0.49924523
0.49924493
0.499245
0.4992453
0.4992451
0.49924415
0.49924487
0.499245
0.499245
0.49924546
0.49924523
0.49924523
0.4992451
0.49924517
0.499245
0.49924487
0.49924487
0.49924487
0.499245
0.49924487
0.49924523
0.49924505
0.4992451
0.49924594
0.49924535
0.49924487
0.49924618
0.49924487
0.49924523
0.4992445
0.49924523
0.49924487
0.4992453
0.4992451
0.49924475
0.49924725
0.49924523
0.49924463
0.4992463
0.499245
0.4992451
0.49924523
0.4992448
0.49924487
0.49924517
0.499245
0.49924523
0.499245
0.49924493
0.4992451
0.49924523
0.4992451
0.4992451
0.49924487
0.49924523
0.49924505
0.49924517
0.499245
0.4992451
0.4992451
0.49924558
0.499245
0.49924523
0.4992448
0.4992453
0.49924487
0.49924475
0.49924517
0.4992451
0.4992451
0.4992451
0.4992448
0.4992451
0.49924523
0.499245
0.4992448
0.49924517
0.4992451
0.49924493
0.49924475
0.49924493
0.49924487
0.4992451
0.49924558
0.49924487
0.499245
0.4992451
0.49924523
0.4992451
0.49924505
0.49924523
0.49924487
0.49924487
0.49924505
0.49924523
0.49924523
0.49924505
0.4992451
0.4992454
0.49924558
0.49924517
0.49924523
0.49924487
0.499245
0.49924546
0.49924493
0.49924523
0.4992451
0.49924487
0.49924523
0.49924475
0.49924505
0.49924487
0.4992454
0.49924505
0.49924517
0.49924505
0.49924523
0.4992451
0.49924517
0.49924463
0.49924487
0.49924487
0.4992445
0.49924523
0.4992451
0.49924523
0.4992451
0.49924487
0.49924523
0.4992451
0.4992453
0.49924517
0.49924523
0.499245
0.4992445
0.4992448
0.499245
0.4992451
0.49924505
0.49924457
0.49924487
0.49924523
0.49924475
0.4992451
0.4992448
0.4992453
0.4992451
0.4992451
0.4992451
0.49924475
0.499245
0.49924493
0.49924517
0.49924546
0.49924493
0.4992451
0.49924487
0.499245
0.49924493
0.4992445
0.4992445
0.49924523
0.49924487
0.49924505
0.49924475
0.49924523
0.499245
0.49924523
0.4992451
0.499245
0.4992448
0.49924403
0.49924517
0.4992448
0.49924493
0.49924523
0.49924523
0.49924564
0.499245
0.49924505
0.49924356
0.49924517
0.49924535
0.49924487
0.49924403
0.49924505
0.49924505
0.49924475
0.4992447
0.49924523
0.49924487
0.49924523
0.49924487
0.4992453
0.49924517
0.4992451
0.49924523
0.4992451
0.49924523
0.4992454
0.49924523
0.4992451
0.49924523
0.49924523
0.49924535
0.499245
0.4992451
0.49924487
0.499245
0.4992448
0.4992451
0.49924505
0.49924487
0.4992448
0.49924523
0.49924463
0.49924487
0.49924505
0.49924493
0.49924523
0.49924523
0.4992451
0.499245
0.49924475
0.49924517
0.49924535
0.49924475
0.499245
0.49924493
0.499245
0.499245
0.49924523
0.49924475
0.49924487
0.4992451
0.499245
0.4992454
0.49924523
0.4992451
0.49924487
0.499245
0.4992445
0.4992448
0.49924546
0.49924487
0.499245
0.4992451
0.499245
0.4992451
0.49924517
0.4992447
0.49924475
0.49924523
0.49924505
0.499245
0.4992451
0.49924523
0.499245
0.49924517
0.499245
0.499245
0.499245
0.49924546
0.4992447
0.4992451
0.499245
0.4992451
0.499245
0.4992451
0.49924487
0.499245
0.49924487
0.49924487
0.4992454
0.499245
0.49924523
0.499245
0.49924523
0.499245
0.49924523
0.49924523
0.4992451
0.4992451
0.49924505
0.499245
0.49924505
0.49924535
0.499245
0.49924487
0.4992451
0.49924463
0.4992451
0.49924517
0.49924517
0.49924517
0.49924475
0.49924523
0.499245
0.49924487
0.49924475
0.49924487
0.4992442
0.49924475
0.49924535
0.4992451
0.49924523
0.49924487
0.49924487
0.4992445
0.49924487
0.49924505
0.4992451
0.49924505
0.4992451
0.499245
0.49924523
0.4992448
0.4992451
0.49924505
0.4992451
0.49924475
0.49924535
0.49924535
0.49924523
0.49924493
0.4992451
0.49924523
0.4992457
0.49924523
0.49924487
0.4992451
0.49924523
0.49924392
0.49924487
0.49924552
0.49924523
0.49924523
0.49924523
0.49924487
0.4992451
0.49924523
0.499245
0.499245
0.49924487
0.49924475
0.4992448
0.49924535
0.49924493
0.49924487
0.4992451
0.49924487
0.49924475
0.499245
0.4992451
0.49924523
0.49924505
0.49924487
0.499245
0.49924487
0.49924517
0.49924487
0.4992451
0.4992445
0.49924517
0.49924475
0.499245
0.49924463
0.49924523
0.49924523
0.49924535
0.49924517
0.49924487
0.4992451
0.49924487
0.49924523
0.49924523
0.49924505
0.49924457
0.4992454
0.4992451
0.4992451
0.49924523
0.49924475
0.499245
0.4992447
0.49924535
0.49924546
0.4992451
0.49924535
0.4992451
0.49924493
0.49924487
0.49924493
0.49924487
0.49924523
0.49924493
0.49924427
0.499245
0.49924535
0.499245
0.49924523
0.49924463
0.4992451
0.49924487
0.4992451
0.49924487
0.4992451
0.49924523
0.49924487
0.49924523
0.499245
0.49924487
0.4992445
0.49924487
0.49924523
0.49924517
0.49924523
0.49924523
0.49924487
0.49924535
0.4992454
0.499245
0.49924487
0.4992453
0.49924505
0.49924487
0.49924475
0.49924535
0.4992451
0.4992451
0.49924487
0.4992453
0.49924445
0.4992451
0.49924487
0.4992451
0.49924535
0.4992453
0.4992451
0.499245
0.4992453
0.4992451
0.499245
0.4992451
0.49924517
0.4992448
0.4992451
0.49924505
0.49924517
0.4992451
0.49924517
0.4992448
0.49924517
0.4992451
0.4992451
0.49924523
0.49924457
0.49924517
0.49924523
0.49924344
0.49924463
0.4992451
0.49924523
0.49924523
0.49924487
0.4992447
0.49924523
0.49924475
0.49924475
0.49924523
0.49924463
0.49924475
0.49924517
0.49924523
0.499245
0.499245
0.4992451
0.499245
0.49924475
0.49924535
0.4992454
0.49924523
0.49924475
0.49924535
0.4992451
0.49924546
0.4992448
0.499245
0.4992448
0.49924487
0.499245
0.49924487
0.49924523
0.4992445
0.4992451
0.49924493
0.49924505
0.4992448
0.49924535
0.49924475
0.49924475
0.49924475
0.49924475
0.49924487
0.49924523
0.499245
0.49924487
0.49924523
0.49924523
0.499245
0.49924517
0.49924523
0.49924475
0.4992451
0.499245
0.4992445
0.4992451
0.49924582
0.49924505
0.49924487
0.49924475
0.49924487
0.4992453
0.49924546
0.499245
0.499245
0.49924523
0.499245
0.4992457
0.49924523
0.4992448
0.499245
0.499245
0.4992453
0.49924475
0.4992447
0.49924487
0.49924517
0.49924517
0.4992453
0.499245
0.49924493
0.49924487
0.4992451
0.49924263
0.499245
0.49924487
0.49924523
0.49924475
0.4992453
0.49924463
0.499245
0.49924546
0.499245
0.49924523
0.49924487
0.49924505
0.499245
0.49924493
0.499245
0.4992451
0.49924493
0.49924493
0.4992451
0.49924517
0.4992451
0.499245
0.49924445
0.49924517
0.4992448
0.499245
0.4992451
0.4992451
0.49924487
0.49924546
0.499245
0.49924487
0.499245
0.49924487
0.4992453
0.49924535
0.49924535
0.4992453
0.49924487
0.4992451
0.4992453
0.49924517
0.49924445
0.49924463
0.49924523
0.49924535
0.49924535
0.49924523
0.49924475
0.499245
0.49924397
0.4992451
0.49924493
0.499245
0.49924475
0.499245
0.49924463
0.4992451
0.49924427
0.4992445
0.4992438
0.4992447
0.49924523
0.49924487
0.49924487
0.49924535
0.49924523
0.49924487
0.49924493
0.49924487
0.499245
0.49924463
0.49924505
0.49924535
0.49924505
0.49924487
0.49924505
0.49924535
0.49924523
0.49924493
0.49924493
0.49924505
0.49924523
0.49924523
0.4992451
0.49924517
0.49924523
0.499245
0.49924487
0.499245
0.49924505
0.49924552
0.4992451
0.4992454
0.49924493
0.4992451
0.49924475
0.499245
0.49924487
0.499245
0.49924487
0.499245
0.4992454
0.49924523
0.49924535
0.49924475
0.4992451
0.49924445
0.49924523
0.49924517
0.4992454
0.499245
0.49924523
0.49924523
0.49924493
0.49924523
0.49924415
0.49924535
0.4992451
0.499245
0.4992451
0.4992453
0.49924535
0.49924546
0.49924523
0.49924523
0.499245
0.49924517
0.499245
0.4992445
0.49924523
0.49924487
0.4992451
0.4992451
0.4992453
0.49924523
0.49924523
0.49924493
0.4992453
0.499245
0.49924523
0.499245
0.49924523
0.49924523
0.49924523
0.49924523
0.4992451
0.49924552
0.49924487
0.49924487
0.49924487
0.49924487
0.4992451
0.49924546
0.49924487
0.49924487
0.49924493
0.49924552
0.49924523
0.49924475
0.49924523
0.499245
0.49924487
0.49924487
0.49924546
0.49924487
0.499245
0.499245
0.499245
0.49924523
0.4992454
0.4992451
0.4992451
0.4992447
0.499245
0.49924523
0.4992444
0.4992451
0.4992451
0.4992444
0.49924523
0.4992448
0.49924523
0.49924546
0.499245
0.49924505
0.4992451
0.49924546
0.499245
0.499245
0.499245
0.49924487
0.49924427
0.4992451
0.4992453
0.49924535
0.49924523
0.4992451
0.4992451
0.49924523
0.49924487
0.49924475
0.49924505
0.4992457
0.4992448
0.4992451
0.49924523
0.49924475
0.49924463
0.49924523
0.49924535
0.4992451
0.49924487
0.49924457
0.49924475
0.4992451
0.4992448
0.4992451
0.4992451
0.49924535
0.4992453
0.4992451
0.49924493
0.499245
0.499245
0.4992451
0.49924523
0.49924493
0.49924493
0.4992451
0.4992451
0.49924475
0.49924475
0.499245
0.499245
0.4992451
0.4992453
0.49924475
0.49924475
0.4992453
0.4992451
0.499245
0.499245
0.499245
0.499245
0.49924475
0.4992453
0.49924535
0.4992451
0.4992451
0.49924487
0.4992451
0.49924475
0.49924517
0.49924463
0.4992451
0.499245
0.49924535
0.49924493
0.4992445
0.499245
0.49924487
0.49924535
0.49924493
0.499245
0.49924517
0.49924475
0.49924523
0.49924523
0.4992451
0.499245
0.4992448
0.49924523
0.49924463
0.49924493
0.4992451
0.49924475
0.4992451
0.4992451
0.49924463
0.4992451
0.49924517
0.49924505
0.49924523
0.4992451
0.4992451
0.4992457
0.49924487
0.4992448
0.49924523
0.4992447
0.49924517
0.499245
0.49924546
0.4992453
0.4992451
0.499245
0.49924493
0.499245
0.49924475
0.49924487
0.4992451
0.4992451
0.499245
0.49924523
0.4992451
0.4992451
0.49924487
0.49924487
0.49924487
0.4992451
0.4992451
0.49924463
0.499245
0.4992448
0.49924487
0.49924523
0.49924475
0.4992451
0.49924523
0.49924475
0.4992451
0.49924523
0.49924558
0.49924487
0.49924487
0.49924517
0.49924523
0.499245
0.4992451
0.4992451
0.49924493
0.49924463
0.49924463
0.49924523
0.49924475
0.499245
0.499245
0.49924475
0.49924523
0.49924487
0.49924535
0.49924487
0.49924535
0.49924475
0.49924487
0.49924535
0.49924493
0.499245
0.4992457
0.49924487
0.499245
0.49924475
0.49924487
0.4992453
0.49924463
0.499245
0.4992448
0.49924535
0.49924517
0.49924523
0.49924517
0.49924517
0.4992451
0.49924463
0.49924493
0.49924487
0.4992451
0.499245
0.4992451
0.4992448
0.4992445
0.4992451
0.499245
0.49924523
0.49924523
0.49924505
0.49924517
0.499245
0.499245
0.499245
0.49924517
0.49924523
0.4992451
0.4992451
0.49924505
0.49924523
0.49924523
0.49924505
0.4992447
0.49924475
0.4992453
0.49924523
0.49924517
0.4992451
0.4992453
0.49924475
0.49924523
0.49924535
0.49924594
0.49924576
0.4992447
0.49924523
0.49924487
0.4992451
0.4992448
0.49924463
0.49924487
0.49924487
0.499245
0.4992448
0.49924493
0.49924523
0.4992453
0.49924505
0.49924487
0.4992447
0.499245
0.49924517
0.499245
0.4992451
0.4992448
0.4992445
0.49924487
0.499245
0.49924463
0.4992445
0.499245
0.49924475
0.49924487
0.49924493
0.4992451
0.49924487
0.4992447
0.49924523
0.49924487
0.4992451
0.49924505
0.4992451
0.49924523
0.49924463
0.49924487
0.49924487
0.49924505
0.4992448
0.49924475
0.49924493
0.49924505
0.4992448
0.49924535
0.499245
0.4992451
0.49924487
0.499245
0.49924505
0.49924517
0.49924523
0.4992451
0.49924475
0.49924523
0.49924535
0.4992448
0.49924523
0.49924493
0.4992451
0.49924487
0.499245
0.49924487
0.49924493
0.49924505
0.49924517
0.499245
0.4992451
0.49924505
0.499245
0.49924523
0.49924493
0.49924505
0.49924535
0.4992448
0.49924505
0.499245
0.49924535
0.4992445
0.499245
0.49924523
0.49924487
0.4992451
0.4992451
0.4992445
0.49924487
0.499245
0.49924475
0.499245
0.49924517
0.49924487
0.49924475
0.499245
0.49924493
0.4992451
0.4992451
0.49924523
0.499245
0.49924535
0.49924475
0.49924523
0.499245
0.49924475
0.49924487
0.49924463
0.499245
0.49924487
0.49924487
0.4992451
0.499245
0.499245
0.49924624
0.4992454
0.49924487
0.49924535
0.49924493
0.4992444
0.499245
0.49924505
0.49924505
0.49924523
0.499245
0.49924487
0.49924517
0.499245
0.49924475
0.49924517
0.499245
0.49924505
0.49924523
0.4992448
0.49924493
0.49924487
0.499245
0.49924523
0.4992451
0.499245
0.499245
0.49924487
0.49924505
0.4992445
0.49924552
0.49924487
0.49924523
0.49924493
0.499245
0.4992451
0.4992445
0.4992451
0.49924487
0.499245
0.49924487
0.4992451
0.49924523
0.49924493
0.49924523
0.49924505
0.499245
0.49924487
0.49924523
0.49924517
0.4992451
0.499245
0.49924523
0.4992451
0.49924535
0.4992453
0.49924523
0.49924463
0.49924475
0.4992445
0.49924463
0.499245
0.4992451
0.4992454
0.4992451
0.4992453
0.49924415
0.49924505
0.49924487
0.49924487
0.499245
0.49924487
0.49924487
0.4992451
0.4992453
0.4992451
0.49924523
0.49924523
0.49924517
0.499245
0.49924475
0.49924475
0.499245
0.49924487
0.49924523
0.49924517
0.49924517
0.49924493
0.4992445
0.49924475
0.4992445
0.49924487
0.49924487
0.4992445
0.4992451
0.49924523
0.49924517
0.49924505
0.4992451
0.499245
0.49924487
0.49924505
0.49924397
0.4992451
0.4992457
0.49924546
0.49924523
0.49924517
0.49924517
0.49924487
0.49924493
0.49924523
0.49924505
0.49924517
0.4992451
0.4992451
0.499245
0.4992451
0.49924505
0.4992451
0.49924552
0.49924475
0.49924517
0.499245
0.49924487
0.49924487
0.49924493
0.49924535
0.49924487
0.49924505
0.49924535
0.4992448
0.49924505
0.499245
0.499245
0.49924517
0.49924517
0.49924523
0.49924523
0.49924517
0.49924535
0.49924546
0.49924523
0.49924487
0.4992448
0.499245
0.4992451
0.49924475
0.4992448
0.499245
0.499245
0.49924535
0.49924487
0.49924475
0.4992451
0.49924487
0.49924493
0.499245
0.49924523
0.4992444
0.49924523
0.49924517
0.49924523
0.49924505
0.499245
0.4992448
0.49924475
0.49924463
0.499245
0.4992451
0.49924475
0.49924535
0.4992451
0.49924487
0.49924535
0.4992451
0.49924523
0.4992451
0.49924487
0.49924523
0.49924487
0.499245
0.49924487
0.49924517
0.49924517
0.49924505
0.4992448
0.49924517
0.49924535
0.4992451
0.499245
0.4992454
0.49924487
0.49924487
0.49924493
0.49924475
0.4992448
0.49924374
0.4992451
0.49924493
0.49924487
0.4992444
0.49924475
0.49924523
0.49924487
0.49924487
0.49924523
0.4992451
0.49924523
0.49924487
0.499245
0.49924535
0.49924487
0.49924523
0.4992451
0.49924523
0.49924475
0.49924505
0.4992451
0.499245
0.49924523
0.49924546
0.4992451
0.49924475
0.49924487
0.49924523
0.4992451
0.49924487
0.49924487
0.49924546
0.49924493
0.49924594
0.4992451
0.49924523
0.499245
0.49924487
0.49924523
0.49924475
0.49924487
0.4992451
0.49924487
0.49924523
0.4992451
0.499245
0.49924523
0.49924517
0.4992451
0.49924487
0.49924505
0.49924475
0.4992448
0.49924487
0.4992451
0.49924487
0.49924493
0.49924487
0.49924523
0.4992451
0.49924487
0.4992451
0.49924552
0.499245
0.4992451
0.49924505
0.49924523
0.49924517
0.49924523
0.49924564
0.49924523
0.49924535
0.49924487
0.4992451
0.49924493
0.4992453
0.4992451
0.49924475
0.4992451
0.49924505
0.4992445
0.49924493
0.4992448
0.49924523
0.49924493
0.49924535
0.49924487
0.49924463
0.499245
0.49924523
0.4992451
0.49924463
0.49924523
0.49924546
0.49924558
0.49924493
0.499245
0.49924487
0.4992448
0.49924487
0.4992453
0.49924463
0.49924487
0.49924546
0.49924535
0.49924487
0.4992451
0.4992451
0.4992451
0.4992451
0.49924493
0.49924535
0.4992451
0.4992451
0.4992454
0.49924517
0.49924463
0.4992451
0.49924487
0.49924475
0.49924523
0.49924535
0.49924523
0.49924463
0.49924475
0.49924523
0.499245
0.499245
0.49924463
0.499245
0.49924505
0.499245
0.49924552
0.4992451
0.499245
0.49924475
0.49924523
0.49924523
0.499245
0.49924523
0.49924487
0.49924487
0.4992457
0.49924475
0.49924505
0.4992453
0.49924487
0.49924493
0.499245
0.49924487
0.499245
0.4992454
0.4992451
0.49924523
0.49924463
0.49924487
0.49924523
0.49924546
0.4992448
0.4992451
0.49924475
0.49924535
0.49924493
0.4992451
0.499245
0.49924523
0.49924523
0.4992451
0.4992451
0.49924487
0.49924493
0.49924463
0.49924487
0.499245
0.49924523
0.4992451
0.4992453
0.4992451
0.49924463
0.4992451
0.4992451
0.499245
0.49924505
0.49924493
0.49924457
0.49924505
0.49924517
0.49924517
0.49924535
0.4992451
0.4992451
0.4992451
0.49924523
0.4992451
0.49924535
0.49924535
0.499245
0.49924475
0.49924487
0.4992453
0.49924523
0.499245
0.49924475
0.499245
0.499245
0.499245
0.49924523
0.49924523
0.4992451
0.4992454
0.49924463
0.49924487
0.49924493
0.4992451
0.4992457
0.49924523
0.49924535
0.4992451
0.4992447
0.499245
0.4992451
0.4992454
0.49924517
0.49924445
0.49924535
0.499245
0.49924493
0.49924487
0.49924517
0.4992448
0.499245
0.49924558
0.49924523
0.49924523
0.49924523
0.49924517
0.49924493
0.49924493
0.499245
0.49924487
0.4992451
0.49924552
0.4992448
0.4992448
0.4992447
0.49924487
0.499245
0.49924523
0.49924487
0.49924523
0.4992445
0.4992451
0.49924475
0.49924523
0.49924457
0.499245
0.49924505
0.49924618
0.49924546
0.4992448
0.49924523
0.49924475
0.4992453
0.49924546
0.49924463
0.49924517
0.4992451
0.4992444
0.4992445
0.49924487
0.4992451
0.49924475
0.499245
0.49924487
0.499245
0.4992457
0.49924475
0.49924523
0.49924493
0.499245
0.49924523
0.4992447
0.49924517
0.4992448
0.49924505
0.49924475
0.499245
0.49924523
0.49924475
0.499245
0.49924386
0.49924517
0.49924463
0.49924487
0.49924505
0.49924517
0.499245
0.49924493
0.49924523
0.49924168
0.4992445
0.49924475
0.49924487
0.49924535
0.4992451
0.4992451
0.499245
0.4992448
0.4992445
0.499245
0.49924487
0.4992445
0.49924523
0.49924487
0.49924505
0.49924523
0.4992451
0.49924487
0.49924487
0.49924487
0.49924487
0.49924487
0.4992453
0.4992451
0.4992447
0.49924475
0.49924475
0.49924523
0.499245
0.4992451
0.49924487
0.49924505
0.49924445
0.4992451
0.49924463
0.49924523
0.49924463
0.49924487
0.49924457
0.49924487
0.49924535
0.4992451
0.4992425
0.499245
0.499245
0.49924475
0.49924552
0.49924523
0.49924427
0.499245
0.49924558
0.49924523
0.49924487
0.49924475
0.49924487
0.499245
0.49924546
0.49924493
0.4992453
0.4992445
0.49924487
0.49924487
0.49924493
0.49924517
0.4992451
0.49924475
0.49924523
0.49924517
0.49924463
0.499245
0.499245
0.49924517
0.49924535
0.4992451
0.499245
0.49924487
0.499245
0.4992451
0.49924517
0.4992451
0.499245
0.49924457
0.499245
0.49924535
0.4992451
0.49924487
0.4992454
0.4992451
0.499245
0.49924463
0.499245
0.49924487
0.4992457
0.4992448
0.4992453
0.49924487
0.4992451
0.49924535
0.4992447
0.49924487
0.4992448
0.49924475
0.4992451
0.499245
0.49924535
0.4992451
0.49924523
0.49924493
0.49924475
0.49924535
0.49924475
0.49924517
0.49924535
0.49924487
0.4992451
0.49924517
0.4992451
0.49924517
0.4992448
0.4992447
0.49924505
0.49924523
0.4992451
0.499245
0.49924523
0.49924523
0.49924517
0.49924487
0.4992451
0.49924493
0.4992447
0.49924505
0.49924475
0.499245
0.49924475
0.49924487
0.4992451
0.4992451
0.49924546
0.49924487
0.499245
0.49924505
0.4992451
0.4992447
0.4992448
0.4992451
0.4992451
0.49924535
0.49924535
0.49924505
0.499245
0.49924475
0.49924523
0.49924487
0.49924493
0.49924517
0.49924517
0.49924463
0.49924475
0.49924523
0.49924523
0.499245
0.49924487
0.4992454
0.499245
0.49924475
0.49924487
0.499245
0.49924523
0.499245
0.4992451
0.4992448
0.49924523
0.499245
0.499245
0.49924487
0.49924713
0.4992447
0.49924535
0.499245
0.499245
0.4992448
0.49924505
0.49924517
0.49924463
0.4992451
0.49924457
0.49924493
0.49924523
0.49924457
0.4992444
0.4992451
0.4992451
0.49924487
0.49924487
0.49924523
0.49924523
0.49924487
0.4992451
0.49924487
0.4992448
0.49924487
0.49924487
0.4992453
0.4992454
0.499245
0.4992444
0.49924493
0.49924535
0.49924517
0.49924546
0.49924487
0.4992451
0.499245
0.49924517
0.499245
0.4992453
0.49924463
0.4992448
0.49924475
0.499245
0.49924517
0.499245
0.4992451
0.4992447
0.49924487
0.499245
0.49924523
0.4992453
0.499245
0.49924493
0.4992448
0.49924535
0.49924487
0.4992453
0.49924517
0.49924546
0.49924523
0.499245
0.49924487
0.49924517
0.499245
0.4992451
0.4992451
0.49924493
0.49924505
0.4992451
0.4992453
0.49924523
0.499245
0.4992448
0.499245
0.499245
0.4992451
0.49924523
0.49924517
0.49924535
0.499245
0.49924505
0.49924475
0.49924475
0.4992451
0.4992453
0.4992451
0.4992451
0.49924487
0.499245
0.499245
0.49924487
0.49924517
0.4992445
0.499245
0.49924487
0.49924475
0.49924487
0.49924523
0.49924487
0.49924517
0.49924493
0.49924535
0.4992451
0.499245
0.4992448
0.49924523
0.4992453
0.4992451
0.4992451
0.49924475
0.49924487
0.4992448
0.49924487
0.4992451
0.49924475
0.4992451
0.49924505
0.49924475
0.4992451
0.4992451
0.499245
0.4992451
0.4992451
0.49924487
0.49924487
0.49924535
0.49924475
0.49924505
0.49924475
0.499245
0.499245
0.49924523
0.49924517
0.49924493
0.4992457
0.4992453
0.4992451
0.49924505
0.49924487
0.4992451
0.49924523
0.49924505
0.49924493
0.49924475
0.49924487
0.49924517
0.49924523
0.49924427
0.499245
0.49924487
0.4992451
0.49924487
0.49924487
0.49924487
0.49924487
0.49924475
0.49924535
0.49924493
0.4992451
0.499245
0.49924666
0.499245
0.499245
0.4992448
0.49924523
0.4992453
0.49924487
0.49924463
0.4992451
0.49924493
0.499245
0.4992451
0.49924493
0.49924487
0.49924523
0.499245
0.49924487
0.499245
0.4992448
0.4992445
0.49924535
0.499245
0.49924517
0.499245
0.49924397
0.4992453
0.49924487
0.49924475
0.49924523
0.4992454
0.49924523
0.4992448
0.49924505
0.49924505
0.49924475
0.499245
0.49924493
0.49924487
0.49924517
0.4992453
0.49924517
0.49924517
0.4992451
0.499245
0.49924493
0.499245
0.4992447
0.4992451
0.49924493
0.49924505
0.49924463
0.4992451
0.49924517
0.49924523
0.49924523
0.49924475
0.4992451
0.4992453
0.4992451
0.499245
0.4992451
0.49924523
0.4992451
0.49924463
0.49924523
0.4992454
0.49924535
0.499245
0.4992453
0.49924475
0.4992445
0.4992451
0.49924517
0.4992451
0.49924487
0.49924505
0.4992451
0.499245
0.4992451
0.4992451
0.49924487
0.4992444
0.49924487
0.49924487
0.499245
0.4992451
0.4992445
0.49924487
0.49924487
0.49924517
0.49924523
0.49924487
0.49924523
0.49924535
0.49924523
0.49924487
0.49924517
0.49924487
0.49924523
0.49924523
0.49924403
0.49924487
0.49924487
0.49924487
0.49924505
0.4992447
0.4992454
0.49924523
0.49924487
0.49924523
0.4992453
0.499245
0.49924523
0.4992451
0.49924493
0.4992451
0.4992453
0.4992447
0.4992451
0.49924505
0.4992451
0.4992451
0.49924487
0.49924523
0.499245
0.4992451
0.49924463
0.4992447
0.4992451
0.49924487
0.49924505
0.49924463
0.4992451
0.49924517
0.4992451
0.4992451
0.49924505
0.4992451
0.499245
0.49924487
0.4992451
0.49924493
0.499245
0.49924493
0.4992451
0.49924517
0.49924505
0.49924523
0.49924463
0.4992451
0.49924523
0.49924552
0.4992445
0.499245
0.49924457
0.49924487
0.49924493
0.49924457
0.49924517
0.49924487
0.4992451
0.49924523
0.4992451
0.49924535
0.49924523
0.4992451
0.4992451
0.49924523
0.499245
0.49924493
0.49924487
0.4992447
0.49924517
0.49924523
0.49924487
0.4992451
0.49924463
0.49924517
0.49924475
0.4992451
0.49924493
0.49924475
0.4992451
0.49924517
0.49924487
0.49924517
0.49924487
0.49924487
0.4992451
0.49924523
0.4992451
0.49924505
0.499245
0.4992451
0.4992447
0.49924535
0.499245
0.4992448
0.49924487
0.49924487
0.49924475
0.499245
0.49924535
0.49924475
0.49924535
0.49924523
0.4992453
0.4992451
0.499245
0.49924475
0.49924457
0.4992453
0.499245
0.499245
0.4992454
0.49924475
0.49924493
0.4992451
0.49924487
0.499245
0.499245
0.49924475
0.4992451
0.499245
0.49924535
0.4992447
0.49924475
0.49924487
0.49924493
0.49924523
0.4992451
0.49924546
0.49924546
0.49924463
0.49924463
0.49924487
0.499245
0.49924487
0.49924475
0.4992448
0.49924558
0.49924505
0.49924445
0.49924535
0.49924517
0.4992463
0.49924475
0.499245
0.49924517
0.49924493
0.4992451
0.49924487
0.49924475
0.49924433
0.49924487
0.4992448
0.4992451
0.49924487
0.4992448
0.499245
0.49924535
0.49924523
0.499245
0.4992451
0.4992451
0.49924517
0.499245
0.4992447
0.499245
0.49924546
0.49924523
0.49924487
0.49924475
0.49924523
0.49924535
0.499245
0.49924546
0.49924475
0.49924487
0.499245
0.49924493
0.49924505
0.49924487
0.49924487
0.49924475
0.49924505
0.4992451
0.49924517
0.49924487
0.499245
0.499245
0.49924487
0.49924487
0.49924558
0.49924523
0.49924493
0.4992451
0.49924487
0.49924523
0.49924463
0.499245
0.49924523
0.4992447
0.4992451
0.49924487
0.4992451
0.49924463
0.499245
0.49924487
0.49924463
0.49924487
0.49924713
0.499245
0.49924493
0.4992451
0.49924475
0.49924487
0.4992451
0.49924487
0.499245
0.49924487
0.4992451
0.49924576
0.49924487
0.49924558
0.49924535
0.49924475
0.49924487
0.49924493
0.4992451
0.49924618
0.49924487
0.499245
0.49924445
0.4992451
0.4992451
0.4992451
0.49924487
0.4992451
0.4992448
0.499245
0.49924552
0.49924523
0.49924517
0.49924523
0.4992451
0.49924535
0.49924487
0.49924535
0.4992453
0.49924523
0.499245
0.4992448
0.4992451
0.4992451
0.49924523
0.49924487
0.49924505
0.49924535
0.49924535
0.499245
0.49924517
0.4992448
0.4992451
0.49924523
0.49924517
0.499245
0.49924535
0.49924517
0.49924493
0.499245
0.49924535
0.49924487
0.499245
0.49924487
0.49924487
0.49924493
0.49924457
0.49924493
0.49924535
0.49924517
0.49924475
0.49924517
0.49924535
0.49924487
0.499245
0.49924523
0.4992451
0.499245
0.49924523
0.4992453
0.49924523
0.49924457
0.49924552
0.49924517
0.49924523
0.49924487
0.49924463
0.4992451
0.499245
0.49924415
0.49924487
0.49924475
0.499245
0.49924523
0.49924535
0.4992448
0.49924523
0.49924463
0.4992451
0.49924487
0.4992451
0.49924463
0.49924546
0.499245
0.49924523
0.49924505
0.49924445
0.49924523
0.49924517
0.499245
0.499245
0.4992447
0.49924535
0.49924546
0.4992451
0.49924487
0.49924535
0.49924523
0.49924463
0.49924457
0.49924493
0.49924523
0.49924517
0.4992451
0.49924517
0.499245
0.49924535
0.4992451
0.499245
0.499245
0.49924487
0.4992454
0.49924535
0.49924523
0.49924552
0.4992451
0.4992444
0.49924517
0.49924475
0.4992451
0.49924517
0.49924445
0.499245
0.499245
0.499245
0.49924517
0.499245
0.499245
0.49924463
0.4992448
0.49924487
0.4992445
0.49924546
0.49924517
0.49924493
0.49924523
0.49924505
0.49924535
0.499245
0.49924427
0.499245
0.49924505
0.49924517
0.499245
0.49924523
0.49924493
0.49924463
0.49924517
0.49924517
0.49924523
0.499243
0.49924487
0.4992447
0.499245
0.49924594
0.4992451
0.49924487
0.49924523
0.49924535
0.4992451
0.4992453
0.49924523
0.49924535
0.49924475
0.49924505
0.499245
0.49924523
0.49924523
0.4992444
0.49924505
0.49924475
0.49924487
0.49924493
0.49924558
0.49924535
0.49924487
0.49924517
0.4992448
0.49924523
0.49924487
0.49924517
0.499245
0.49924487
0.4992451
0.499245
0.499245
0.49924505
0.49924523
0.49924392
0.4992451
0.49924433
0.49924517
0.49924487
0.4992451
0.4992447
0.49924505
0.4992451
0.49924475
0.4992451
0.4992451
0.49924523
0.49924552
0.49924487
0.49924523
0.499245
0.499245
0.49924535
0.49924505
0.49924523
0.499245
0.49924523
0.49924517
0.499245
0.4992451
0.4992447
0.4992451
0.49924523
0.49924493
0.49924505
0.49924517
0.4992451
0.499245
0.49924493
0.4992451
0.499245
0.49924523
0.4992445
0.49924523
0.49924475
0.49924475
0.49924535
0.49924493
0.49924463
0.49924487
0.4992453
0.49924523
0.4992451
0.4992453
0.49924463
0.49924523
0.49924475
0.49924487
0.49924487
0.4992451
0.499245
0.499245
0.49924523
0.49924463
0.49924517
0.4992469
0.49924493
0.49924457
0.49924523
0.499245
0.4992448
0.49924517
0.499245
0.49924433
0.499245
0.49924475
0.49924433
0.49924535
0.49924523
0.49924487
0.499245
0.499245
0.499245
0.4992444
0.499245
0.4992445
0.4992448
0.4992445
0.49924523
0.49924487
0.4992451
0.499245
0.49924523
0.49924475
0.49924487
0.49924535
0.4992444
0.49924487
0.49924552
0.4992448
0.49924535
0.4992453
0.4992453
0.4992451
0.49924558
0.499245
0.4992451
0.499245
0.49924523
0.499245
0.499245
0.49924493
0.49924493
0.49924523
0.49924523
0.49924523
0.49924493
0.49924487
0.49924523
0.4992451
0.499245
0.49924493
0.49924475
0.4992451
0.4992448
0.499245
0.49924523
0.4992453
0.4992448
0.49924475
0.49924487
0.49924523
0.49924487
0.49924523
0.49924475
0.4992451
0.4992448
0.49924523
0.49924523
0.4992451
0.4992448
0.49924523
0.499245
0.49924523
0.4992451
0.499245
0.49924493
0.4992451
0.4992454
0.4992453
0.49924535
0.49924475
0.49924517
0.49924552
0.499245
0.499245
0.4992451
0.49924463
0.499245
0.49924505
0.4992451
0.49924517
0.49924475
0.49924487
0.49924517
0.4992451
0.4992448
0.49924487
0.49924523
0.499245
0.4992447
0.49924463
0.499245
0.4992451
0.49924517
0.49924475
0.499245
0.49924487
0.49924493
0.49924487
0.49924475
0.4992451
0.49924523
0.49924505
0.49924487
0.4992451
0.49924523
0.49924523
0.4992451
0.49924535
0.4992451
0.49924487
0.499245
0.49924487
0.4992453
0.49924487
0.4992448
0.49924487
0.49924552
0.49924487
0.4992451
0.49924487
0.4992447
0.49924517
0.49924517
0.49924523
0.49924487
0.49924493
0.49924427
0.49924487
0.49924475
0.49924523
0.499245
0.4992453
0.499245
0.499245
0.49924487
0.49924523
0.49924493
0.49924523
0.49924457
0.49924403
0.4992451
0.499245
0.499245
0.4992447
0.49924505
0.49924535
0.4992451
0.49924475
0.49924445
0.49924505
0.49924535
0.4992451
0.49924475
0.499245
0.49924487
0.49924523
0.49924487
0.4992448
0.49924487
0.49924475
0.49924523
0.49924475
0.49924523
0.49924535
0.49924505
0.49924523
0.4992451
0.4992453
0.4992454
0.4992448
0.49924552
0.499245
0.49924487
0.499245
0.49924523
0.49924463
0.49924523
0.49924415
0.49924487
0.4992451
0.49924487
0.49924475
0.4992444
0.49924463
0.4992453
0.4992451
0.49924487
0.4992454
0.4992445
0.49924523
0.4992457
0.499245
0.4992463
0.49924487
0.4992453
0.4992451
0.49924535
0.49924517
0.49924535
0.49924535
0.49924523
0.49924523
0.4992447
0.49924523
0.49924523
0.49924552
0.4992451
0.49924493
0.4992451
0.4992451
0.49924535
0.4992451
0.499245
0.4992453
0.499245
0.4992448
0.49924535
0.49924493
0.49924487
0.49924487
0.499245
0.49924552
0.49924487
0.4992451
0.49924475
0.49924523
0.499245
0.4992451
0.49924457
0.49924505
0.49924523
0.4992445
0.4992448
0.49924427
0.49924505
0.499245
0.4992447
0.49924487
0.499245
0.4992448
0.49924523
0.4992453
0.499245
0.49924546
0.499245
0.499245
0.49924523
0.499245
0.49924475
0.49924523
0.49924505
0.499245
0.49924523
0.49924463
0.49924517
0.49924487
0.4992451
0.4992451
0.49924523
0.4992453
0.49924475
0.4992451
0.49924523
0.49924487
0.4992453
0.4992445
0.49924487
0.49924523
0.499245
0.4992448
0.49924523
0.49924487
0.4992445
0.49924523
0.49924487
0.49924505
0.499245
0.49924493
0.49924517
0.4992451
0.49924505
0.49924523
0.499245
0.49924523
0.49924427
0.4992451
0.49924517
0.49924535
0.4992451
0.49924505
0.49924493
0.499245
0.4992451
0.49924487
0.49924523
0.499245
0.499245
0.49924475
0.49924523
0.4992451
0.4992445
0.49924535
0.4992451
0.49924558
0.49924523
0.4992453
0.4992451
0.4992453
0.49924523
0.49924523
0.49924487
0.499245
0.49924487
0.49924535
0.499245
0.4992448
0.49924487
0.49924493
0.49924523
0.49924487
0.49924523
0.4992451
0.49924523
0.49924523
0.499245
0.4992444
0.49924487
0.499245
0.499245
0.4992451
0.49924463
0.4992451
0.49924475
0.499245
0.49924463
0.49924523
0.4992451
0.4992451
0.49924475
0.49924594
0.4992451
0.49924535
0.49924463
0.49924523
0.49924535
0.49924475
0.499245
0.49924487
0.49924397
0.49924493
0.49924487
0.49924517
0.49924517
0.499245
0.49924517
0.49924535
0.4992451
0.49924493
0.4992447
0.499245
0.4992451
0.49924403
0.49924475
0.49924523
0.49924475
0.49924523
0.4992454
0.499245
0.49924493
0.49924523
0.49924493
0.49924523
0.4992451
0.4992451
0.49924535
0.49924475
0.499245
0.49924475
0.4992451
0.49924403
0.49924493
0.4992451
0.4992448
0.4992451
0.499245
0.49924505
0.4992451
0.49924523
0.49924475
0.49924523
0.4992451
0.49924475
0.49924523
0.49924493
0.49924535
0.49924523
0.49924493
0.4992453
0.49924517
0.4992451
0.499245
0.49924505
0.49924535
0.49924505
0.49924535
0.499245
0.4992451
0.4992451
0.49924356
0.4992451
0.49924475
0.4992451
0.49924535
0.49924523
0.499245
0.49924493
0.4992445
0.49924558
0.49924475
0.4992448
0.49924517
0.49924523
0.4992451
0.49924463
0.4992451
0.49924535
0.499245
0.4992451
0.49924546
0.49924493
0.49924487
0.49924535
0.4992448
0.499245
0.499245
0.4992451
0.49924493
0.49924546
0.49924475
0.499245
0.499245
0.49924523
0.49924475
0.499245
0.4992451
0.49924535
0.4992451
0.49924487
0.499245
0.499245
0.499245
0.49924463
0.499245
0.4992451
0.49924487
0.49924463
0.4992451
0.4992451
0.49924523
0.4992451
0.49924523
0.4992447
0.4992451
0.49924535
0.4992451
0.49924487
0.4992451
0.499245
0.4992445
0.4992444
0.499245
0.49924487
0.49924475
0.499245
0.4992453
0.49924487
0.49924505
0.4992451
0.49924523
0.49924517
0.49924523
0.4992448
0.49924487
0.4992451
0.49924487
0.49924517
0.49924487
0.49924523
0.49924523
0.4992453
0.49924523
0.49924487
0.49924535
0.49924606
0.499245
0.49924487
0.499245
0.4992454
0.49924517
0.499245
0.49924463
0.49924445
0.49924523
0.49924487
0.4992451
0.49924523
0.49924558
0.4992451
0.49924517
0.49924475
0.49924085
0.49924487
0.49924523
0.49924535
0.49924487
0.49924523
0.49924505
0.4992451
0.49924475
0.49924487
0.49924523
0.4992451
0.499245
0.49924487
0.499245
0.49924463
0.4992451
0.4992447
0.49924487
0.4992451
0.4992451
0.49924457
0.49924523
0.49924487
0.49924517
0.49924475
0.49924523
0.49924517
0.49924517
0.4992448
0.4992451
0.49924487
0.4992451
0.4992448
0.49924493
0.49924505
0.4992451
0.49924487
0.49924493
0.49924523
0.49924517
0.4992451
0.499245
0.49924523
0.4992453
0.49924546
0.49924523
0.4992451
0.4992451
0.49924457
0.49924523
0.4992451
0.49924517
0.49924475
0.49924475
0.4992453
0.499245
0.49924535
0.49924487
0.49924475
0.49924475
0.49924523
0.49924475
0.4992448
0.49924487
0.4992438
0.499245
0.49924487
0.4992451
0.4992451
0.4992453
0.49924457
0.49924487
0.49924487
0.4992451
0.49924505
0.49924523
0.499245
0.499245
0.49924487
0.4992451
0.49924487
0.49924487
0.49924546
0.49924475
0.49924505
0.4992447
0.49924535
0.49924523
0.4992451
0.4992453
0.4992453
0.4992451
0.49924523
0.4992447
0.49924535
0.49924523
0.49924487
0.49924552
0.499245
0.49924487
0.49924535
0.49924523
0.49924487
0.4992451
0.4992451
0.499245
0.4992453
0.49924475
0.49924517
0.49924487
0.49924487
0.499245
0.4992448
0.4992451
0.499245
0.49924517
0.499245
0.499245
0.49924475
0.49924487
0.49924535
0.49924523
0.49924535
0.49924535
0.499245
0.49924475
0.49924475
0.49924475
0.49924535
0.49924463
0.49924326
0.49924523
0.4992451
0.4992451
0.49924505
0.499245
0.4992448
0.49924517
0.4992451
0.49924475
0.49924517
0.49924487
0.4992453
0.49924523
0.49924535
0.49924523
0.49924517
0.49924517
0.49924475
0.49924433
0.49924487
0.4992451
0.49924493
0.4992453
0.49924535
0.49924487
0.49924475
0.4992444
0.4992451
0.49924517
0.499245
0.49924517
0.49924487
0.49924487
0.4992457
0.4992451
0.49924403
0.49924487
0.499245
0.4992451
0.49924475
0.499245
0.49924505
0.49924517
0.4992451
0.499245
0.49924523
0.49924475
0.4992451
0.499245
0.4992451
0.4992448
0.49924463
0.49924523
0.49924487
0.499245
0.499245
0.4992454
0.49924523
0.4992451
0.49924487
0.49924475
0.49924523
0.4992453
0.49924523
0.49924475
0.49924475
0.49924523
0.499245
0.49924487
0.499245
0.49924535
0.49924493
0.4992448
0.49924463
0.4992451
0.49924505
0.49924523
0.49924546
0.49924523
0.49924535
0.49924487
0.4992453
0.4992453
0.49924523
0.49924493
0.49924493
0.4992448
0.49924475
0.49924523
0.4992451
0.4992454
0.49924523
0.49924564
0.49924505
0.49924546
0.4992451
0.49924535
0.49924493
0.49924523
0.49924493
0.4992451
0.499245
0.49924457
0.49924535
0.499245
0.49924517
0.49924523
0.49924517
0.49924523
0.49924552
0.499245
0.49924505
0.4992451
0.49924493
0.49924523
0.49924505
0.49924493
0.49924487
0.499245
0.4992454
0.49924523
0.499245
0.4992448
0.49924517
0.4992448
0.4992451
0.4992451
0.49924493
0.4992451
0.4992451
0.4992457
0.499245
0.4992451
0.49924475
0.499245
0.499245
0.4992444
0.49924523
0.4992445
0.49924523
0.49924523
0.499245
0.499245
0.49924546
0.49924523
0.49924487
0.49924523
0.49924487
0.499245
0.49924535
0.49924535
0.499245
0.49924535
0.4992451
0.49924487
0.49924517
0.49924487
0.4992451
0.49924487
0.49924523
0.49924523
0.49924505
0.49924487
0.49924487
0.49924535
0.499245
0.4992448
0.49924487
0.49924475
0.49924475
0.49924546
0.499245
0.49924487
0.49924475
0.4992451
0.4992448
0.4992448
0.49924487
0.49924523
0.49924505
0.4992451
0.49924487
0.49924517
0.4992451
0.49924546
0.4992451
0.49924463
0.49924523
0.499245
0.49924493
0.49924475
0.499245
0.49924517
0.49924535
0.499245
0.49924523
0.499245
0.4992451
0.49924493
0.499245
0.4992448
0.49924463
0.49924475
0.49924523
0.4992444
0.4992451
0.49924535
0.49924487
0.49924523
0.4992451
0.49924487
0.49924487
0.49924523
0.499245
0.49924487
0.49924535
0.49924517
0.49924535
0.4992453
0.49924505
0.4992453
0.499245
0.49924475
0.4992451
0.49924487
0.49924493
0.4992451
0.499245
0.49924523
0.4992453
0.49924505
0.4992451
0.499245
0.49924517
0.49924487
0.49924493
0.4992448
0.49924475
0.49924493
0.49924487
0.4992451
0.49924493
0.49924475
0.49924487
0.49924523
0.49924487
0.49924463
0.49924517
0.49924517
0.49924445
0.499245
0.49924487
0.49924487
0.49924535
0.4992451
0.49924523
0.499245
0.4992448
0.49924582
0.49924523
0.4992451
0.49924463
0.4992448
0.49924505
0.49924505
0.4992451
0.499245
0.4992445
0.49924487
0.49924493
0.49924517
0.499245
0.49924493
0.49924523
0.49924487
0.4992442
0.49924475
0.4992451
0.4992453
0.49924517
0.49924558
0.499245
0.49924475
0.4992448
0.499245
0.4992451
0.49924505
0.49924487
0.49924487
0.4992451
0.49924475
0.49924523
0.499245
0.4992451
0.49924517
0.49924505
0.49924475
0.4992451
0.49924463
0.49924463
0.49924523
0.499245
0.4992451
0.49924463
0.4992444
0.49924475
0.49924475
0.49924475
0.49924523
0.4992448
0.49924487
0.4992453
0.49924546
0.49924463
0.49924546
0.49924517
0.49924535
0.4992451
0.49924487
0.499245
0.49924523
0.4992451
0.49924475
0.4992453
0.49924433
0.49924535
0.49924523
0.49924463
0.49924523
0.499245
0.499245
0.49924475
0.4992448
0.4992454
0.4992448
0.49924487
0.499245
0.49924487
0.49924517
0.49924487
0.49924415
0.49924487
0.49924523
0.4992451
0.4992451
0.4992451
0.4992448
0.49924487
0.49924493
0.49924517
0.49924523
0.49924517
0.49924493
0.49924523
0.49924523
0.49924505
0.49924546
0.499245
0.499245
0.49924487
0.4992453
0.4992451
0.49924487
0.49924487
0.49924523
0.49924475
0.49924523
0.49924487
0.49924535
0.49924535
0.4992451
0.49924493
0.49924535
0.49924487
0.49924523
0.4992453
0.499245
0.49924475
0.49924475
0.49924505
0.49924487
0.49924517
0.49924523
0.49924493
0.49924487
0.49924523
0.4992451
0.4992451
0.49924517
0.49924517
0.4992448
0.4992451
0.4992445
0.49924535
0.49924535
0.49924487
0.49924505
0.499245
0.499245
0.49924487
0.499245
0.49924535
0.49924475
0.49924558
0.49924487
0.49924523
0.49924487
0.4992451
0.49924523
0.499245
0.4992451
0.4992453
0.49924564
0.4992453
0.49924487
0.49924517
0.4992445
0.49924523
0.499245
0.49924487
0.499245
0.4992451
0.4992451
0.49924517
0.49924487
0.49924487
0.49924487
0.49924475
0.499245
0.49924487
0.499245
0.499245
0.49924487
0.499245
0.4992451
0.49924594
0.49924475
0.49924535
0.49924487
0.49924445
0.49924487
0.49924493
0.49924523
0.49924475
0.499245
0.499245
0.49924535
0.49924487
0.49924523
0.49924523
0.49924487
0.499245
0.49924505
0.49924487
0.49924523
0.4992451
0.4992448
0.49924523
0.49924493
0.49924523
0.49924523
0.499245
0.4992451
0.49924463
0.49924487
0.4992447
0.49924517
0.49924523
0.49924517
0.4992447
0.49924523
0.49924505
0.4992451
0.49924463
0.49924546
0.499245
0.4992448
0.4992451
0.49924487
0.49924535
0.49924523
0.4992425
0.4992444
0.49924475
0.499245
0.49924517
0.4992451
0.49924505
0.4992453
0.4992453
0.4992451
0.49924546
0.49924523
0.4992451
0.49924505
0.49924487
0.4992451
0.49924386
0.4992454
0.49924493
0.49924523
0.49924463
0.49924493
0.4992445
0.49924475
0.4992451
0.49924535
0.4992445
0.49924546
0.49924505
0.4992451
0.49924475
0.49924487
0.49924523
0.49924487
0.49924487
0.49924535
0.4992453
0.49924493
0.499245
0.4992451
0.49924463
0.499245
0.49924564
0.4992451
0.49924535
0.49924523
0.49924493
0.49924523
0.49924487
0.49924517
0.4992453
0.49924523
0.49924546
0.4992454
0.49924523
0.49924535
0.49924487
0.499245
0.4992451
0.49924493
0.4992451
0.49924505
0.499245
0.499245
0.49924427
0.49924535
0.49924523
0.4992453
0.49924493
0.49924523
0.49924523
0.4992451
0.499245
0.4992447
0.499245
0.49924546
0.49924487
0.49924523
0.4992451
0.49924535
0.49924535
0.49924493
0.49924535
0.4992453
0.49924535
0.4992451
0.49924505
0.49924505
0.49924523
0.49924523
0.49924535
0.49924517
0.499245
0.499245
0.4992451
0.49924517
0.4992451
0.49924487
0.49924523
0.49924517
0.4992444
0.49924463
0.49924487
0.499245
0.49924487
0.49924505
0.49924523
0.499245
0.49924475
0.499245
0.49924493
0.49924463
0.49924475
0.499245
0.49924487
0.49924517
0.49924487
0.499245
0.49924487
0.49924475
0.49924487
0.49924487
0.49924535
0.4992448
0.4992451
0.499245
0.499245
0.49924505
0.4992451
0.49924517
0.499245
0.49924517
0.49924546
0.4992453
0.4992453
0.49924487
0.4992445
0.49924475
0.499245
0.49924523
0.4992451
0.4992453
0.499245
0.49924457
0.49924487
0.49924505
0.499245
0.49924475
0.4992453
0.49924475
0.4992453
0.49924558
0.499245
0.49924487
0.49924487
0.49924517
0.499245
0.4992451
0.49924487
0.49924523
0.4992453
0.49924463
0.4992451
0.49924487
0.49924535
0.49924517
0.49924427
0.49924493
0.49924463
0.49924487
0.49924487
0.49924546
0.49924523
0.49924257
0.49924546
0.499245
0.49924523
0.4992448
0.499245
0.4992447
0.4992451
0.49924517
0.49924463
0.49924523
0.49924487
0.49924487
0.49924535
0.499245
0.49924487
0.49924475
0.49924505
0.49924463
0.49924523
0.49924475
0.4992451
0.49924362
0.49924487
0.49924523
0.4992451
0.499245
0.4992451
0.499245
0.49924487
0.49924523
0.4992447
0.49924487
0.49924475
0.4992451
0.49924517
0.49924487
0.49924535
0.49924475
0.4992451
0.4992454
0.499245
0.49924487
0.49924487
0.49924487
0.4992451
0.49924487
0.49924505
0.499245
0.49924463
0.4992451
0.49924487
0.4992451
0.4992448
0.49924523
0.4992451
0.49924463
0.4992448
0.49924523
0.49924445
0.49924523
0.499245
0.49924517
0.49924475
0.49924487
0.4992453
0.49924505
0.49924523
0.49924535
0.4992451
0.499245
0.49924493
0.499245
0.4992457
0.499245
0.49924523
0.49924487
0.49924415
0.4992444
0.4992448
0.49924475
0.4992451
0.499245
0.49924558
0.4992454
0.49924487
0.49924487
0.49924517
0.4992448
0.49924493
0.49924523
0.49924487
0.49924505
0.4992451
0.4992453
0.49924487
0.49924558
0.49924487
0.49924535
0.499245
0.4992451
0.49924475
0.4992451
0.49924517
0.49924523
0.4992451
0.4992444
0.49924427
0.49924523
0.49924493
0.499245
0.4992447
0.49924475
0.49924523
0.49924558
0.4992448
0.49924487
0.499245
0.49924403
0.49924403
0.4992451
0.49924475
0.49924523
0.49924487
0.49924523
0.4992447
0.49924475
0.49924535
0.49924487
0.49924475
0.49924523
0.4992451
0.499245
0.49924517
0.4992451
0.49924493
0.499245
0.49924487
0.49924463
0.49924475
0.4992457
0.49924576
0.4992451
0.49924475
0.49924487
0.499245
0.49924487
0.49924433
0.49924487
0.49924535
0.49924523
0.499245
0.49924493
0.4992451
0.49924475
0.49924463
0.49924535
0.49924535
0.4992448
0.49924523
0.4992421
0.499245
0.49924493
0.49924535
0.49924487
0.499245
0.49924523
0.49924546
0.4992447
0.49924493
0.4992451
0.49924517
0.499245
0.49924445
0.49924505
0.4992451
0.4992451
0.49924517
0.499245
0.4992444
0.4992451
0.49924523
0.4992444
0.49924505
0.49924564
0.49924487
0.49924523
0.4992448
0.4992451
0.49924487
0.4992451
0.49924505
0.499245
0.49924487
0.49924535
0.4992451
0.49924487
0.4992453
0.4992451
0.4992447
0.49924523
0.49924475
0.499245
0.49924517
0.49924487
0.4992451
0.4992453
0.49924523
0.4992445
0.49924487
0.4992448
0.49924523
0.499245
0.49924582
0.49924517
0.49924505
0.49924487
0.4992448
0.4992447
0.4992453
0.49924487
0.49924493
0.49924487
0.4992451
0.49924517
0.4992451
0.49924523
0.49924523
0.49924487
0.4992451
0.49924487
0.499245
0.49924564
0.49924493
0.49924487
0.49924517
0.499245
0.49924523
0.49924487
0.499245
0.49924535
0.49924505
0.49924493
0.4992451
0.49924517
0.4992447
0.499245
0.49924487
0.499245
0.49924475
0.49924558
0.499245
0.49924505
0.49924475
0.49924517
0.499245
0.49924523
0.4992451
0.49924493
0.499245
0.499245
0.49924505
0.49924457
0.49924517
0.49924463
0.499245
0.49924475
0.49924487
0.49924487
0.49924463
0.499245
0.49924523
0.49924517
0.49924523
0.49924487
0.49924403
0.4992454
0.4992445
0.49924475
0.49924505
0.49924523
0.499245
0.49924475
0.49924523
0.49924487
0.49924487
0.4992451
0.49924493
0.4992451
0.49924523
0.4992448
0.49924487
0.499245
0.4992451
0.49924517
0.49924487
0.49924517
0.4992451
0.49924487
0.49924493
0.49924523
0.49924487
0.49924546
0.49924505
0.4992451
0.49924535
0.4992451
0.49924523
0.499245
0.49924517
0.499245
0.49924535
0.4992438
0.49924487
0.49924487
0.49924505
0.49924523
0.4992445
0.49924475
0.49924397
0.49924523
0.49924493
0.4992451
0.4992451
0.4992448
0.49924487
0.4992451
0.49924487
0.499245
0.49924475
0.4992451
0.49924475
0.499245
0.49924475
0.499245
0.49924487
0.4992444
0.4992445
0.4992453
0.49924475
0.4992451
0.49924523
0.49924487
0.499245
0.49924493
0.4992451
0.49924523
0.49924457
0.49924535
0.499245
0.4992448
0.499245
0.49924487
0.49924535
0.49924517
0.499245
0.49924475
0.49924535
0.499245
0.49924487
0.4992441
0.49924487
0.4992448
0.49924475
0.499245
0.4992445
0.499245
0.49924523
0.499245
0.49924487
0.49924523
0.4992447
0.4992453
0.4992444
0.4992441
0.49924505
0.49924505
0.49924523
0.4992454
0.4992454
0.49924487
0.4992453
0.499245
0.49924523
0.4992451
0.49924535
0.499245
0.4992448
0.4992453
0.4992451
0.49924487
0.49924523
0.49924523
0.49924475
0.499245
0.49924523
0.49924493
0.49924523
0.49924493
0.499245
0.49924564
0.4992447
0.49924475
0.49924517
0.499245
0.49924523
0.49924457
0.49924487
0.49924517
0.4992451
0.49924535
0.49924493
0.4992451
0.49924523
0.499245
0.49924487
0.49924487
0.4992451
0.4992451
0.4992451
0.49924523
0.49924523
0.4992451
0.4992454
0.49924487
0.49924463
0.49924523
0.499245
0.49924523
0.4992451
0.49924505
0.49924487
0.49924475
0.499245
0.499245
0.49924487
0.49924517
0.49924487
0.49924517
0.49924487
0.4992451
0.49924505
0.49924487
0.499245
0.499245
0.499245
0.4992451
0.49924535
0.49924463
0.4992448
0.49924523
0.4992451
0.49924487
0.4992451
0.49924368
0.4992451
0.49924535
0.49924487
0.49924517
0.49924594
0.4992447
0.49924487
0.49924427
0.499245
0.49924487
0.4992451
0.4992444
0.4992451
0.49924535
0.49924517
0.49924546
0.49924546
0.49924457
0.4992451
0.49924535
0.499245
0.499245
0.4992448
0.49924535
0.49924546
0.4992451
0.4992451
0.49924523
0.49924493
0.49924487
0.4992448
0.49924517
0.4992451
0.49924475
0.4992445
0.4992453
0.49924523
0.4992453
0.49924475
0.49924505
0.49924523
0.49924392
0.499245
0.499245
0.4992451
0.4992451
0.4992451
0.49924487
0.49924487
0.49924463
0.49924558
0.49924517
0.49924517
0.4992451
0.499245
0.4992451
0.49924475
0.49924445
0.49924475
0.499245
0.499245
0.49924523
0.49924523
0.49924487
0.499245
0.49924487
0.49924415
0.4992451
0.4992447
0.49924415
0.49924523
0.4992451
0.49924558
0.499245
0.49924487
0.49924523
0.49924487
0.49924523
0.49924523
0.49924535
0.49924487
0.49924546
0.499245
0.4992444
0.4992451
0.49924523
0.49924505
0.4992451
0.49924487
0.49924493
0.49924487
0.49924463
0.4992451
0.49924535
0.4992451
0.49924475
0.499243
0.49924427
0.49924487
0.49924475
0.4992447
0.499245
0.49924856
0.4992451
0.49924523
0.499245
0.499245
0.49924487
0.49924523
0.4992451
0.4992451
0.49924523
0.4992451
0.4992451
0.4992448
0.499245
0.499245
0.499245
0.49924487
0.49924493
0.49924505
0.499245
0.49924487
0.49924493
0.49924505
0.4992451
0.49924487
0.49924523
0.4992444
0.49924493
0.49924463
0.499245
0.49924475
0.4992451
0.4992451
0.4992448
0.4992451
0.49924523
0.49924415
0.499245
0.49924517
0.49924505
0.49924445
0.49924493
0.49924463
0.49924535
0.49924505
0.4992451
0.4992448
0.49924487
0.49924523
0.49924517
0.49924493
0.49924535
0.49924618
0.4992451
0.49924487
0.49924487
0.49924517
0.49924517
0.49924523
0.4992448
0.499245
0.49924505
0.499245
0.49924535
0.49924487
0.4992454
0.49924332
0.499245
0.49924517
0.49924523
0.49924487
0.49924523
0.49924523
0.49924517
0.49924487
0.4992451
0.49924487
0.4992453
0.4992454
0.49924517
0.49924493
0.49924523
0.49924415
0.49924505
0.499245
0.49924368
0.49924517
0.4992451
0.4992451
0.49924487
0.4992448
0.49924505
0.49924523
0.499245
0.49924487
0.49924535
0.49924517
0.49924517
0.49924535
0.4992451
0.4992451
0.49924487
0.49924493
0.4992451
0.49924523
0.49924475
0.499245
0.4992451
0.49924487
0.4992441
0.499245
0.49924517
0.49924558
0.49924487
0.49924487
0.49924523
0.49924535
0.499245
0.4992447
0.49924487
0.49924475
0.4992453
0.4992451
0.4992451
0.4992451
0.49924487
0.499245
0.4992444
0.4992451
0.4992453
0.49924475
0.49924523
0.49924487
0.49924523
0.49924523
0.49924517
0.499245
0.49924487
0.49924505
0.499245
0.4992453
0.49924487
0.49924517
0.4992451
0.499245
0.4992447
0.499245
0.49924493
0.4992445
0.49924505
0.4992451
0.49924523
0.49924487
0.4992451
0.49924493
0.49924523
0.49924517
0.49924523
0.4992451
0.4992451
0.4992451
0.49924523
0.499245
0.49924463
0.49924505
0.49924523
0.49924535
0.4992448
0.49924552
0.49924487
0.49924535
0.49924463
0.499245
0.49924487
0.49924523
0.49924517
0.499245
0.49924517
0.49924415
0.4992453
0.49924487
0.49924517
0.499245
0.49924535
0.499245
0.49924535
0.4992447
0.49924517
0.499245
0.4992445
0.49924535
0.49924457
0.49924523
0.499245
0.49924487
0.4992451
0.4992451
0.49924523
0.49924475
0.499245
0.49924427
0.49924523
0.49924463
0.499245
0.49924487
0.4992454
0.49924517
0.49924535
0.49924535
0.49924475
0.49924487
0.49924517
0.4992447
0.49924475
0.4992451
0.49924523
0.49924493
0.49924523
0.499245
0.499245
0.49924523
0.49924517
0.4992451
0.4992451
0.49924403
0.4992445
0.4992451
0.49924475
0.499245
0.499245
0.49924487
0.499245
0.49924445
0.4992444
0.4992453
0.4992447
0.49924475
0.499245
0.4992453
0.49924517
0.49924463
0.49924546
0.4992451
0.49924517
0.49924546
0.4992454
0.49924475
0.49924535
0.4992453
0.4992457
0.4992445
0.49924487
0.4992451
0.499245
0.49924517
0.49924493
0.499245
0.49924517
0.49924487
0.49924523
0.4992451
0.4992447
0.49924487
0.49924517
0.499245
0.4992451
0.49924535
0.49924517
0.4992453
0.49924594
0.49924475
0.49924517
0.4992453
0.49924487
0.49924523
0.4992451
0.49924463
0.49924475
0.4992448
0.49924505
0.49924546
0.4992445
0.49924475
0.4992451
0.4992451
0.49924505
0.49924463
0.49924594
0.49924463
0.49924493
0.4992451
0.49924493
0.49924523
0.49924487
0.499245
0.4992451
0.49924475
0.4992451
0.49924523
0.49924487
0.49924463
0.49924487
0.49924505
0.49924535
0.499245
0.4992451
0.4992444
0.49924523
0.49924523
0.49924523
0.49924475
0.49924517
0.4992451
0.49924475
0.4992451
0.499245
0.49924487
0.4992453
0.49924487
0.49924463
0.499245
0.499245
0.49924493
0.49924505
0.49924475
0.4992445
0.49924487
0.49924487
0.4992445
0.49924487
0.49924493
0.4992451
0.49924523
0.4992451
0.4992453
0.4992451
0.49924535
0.4992451
0.499245
0.4992451
0.4992451
0.49924523
0.49924493
0.49924487
0.49924523
0.49924523
0.4992454
0.49924523
0.49924505
0.4992445
0.49924505
0.4992451
0.49924517
0.4992445
0.49924487
0.49924493
0.499245
0.4992445
0.499245
0.49924505
0.499245
0.49924535
0.49924535
0.49924475
0.4992453
0.49924487
0.49924523
0.49924517
0.49924475
0.49924487
0.49924535
0.4992451
0.49924493
0.4992445
0.4992453
0.49924523
0.49924433
0.4992451
0.4992454
0.4992451
0.49924517
0.49924523
0.4992451
0.499245
0.4992453
0.499245
0.49924523
0.4992451
0.4992445
0.499245
0.49924523
0.4992451
0.49924517
0.49924523
0.49924517
0.499245
0.49924463
0.4992448
0.49924463
0.49924475
0.499245
0.49924493
0.49924523
0.49924505
0.49924546
0.4992451
0.49924535
0.499245
0.49924493
0.49924523
0.49924505
0.49924505
0.4992451
0.4992448
0.49924523
0.49924517
0.4992447
0.499245
0.49924558
0.4992451
0.49924523
0.49924475
0.49924493
0.4992453
0.49924582
0.49924546
0.49924523
0.4992448
0.499245
0.4992451
0.49924523
0.49924582
0.4992451
0.4992451
0.49924523
0.49924523
0.4992451
0.49924475
0.49924523
0.4992451
0.4992451
0.49924457
0.499245
0.4992451
0.49924523
0.4992447
0.49924487
0.499245
0.49924487
0.49924463
0.499245
0.4992448
0.499245
0.49924517
0.49924493
0.4992451
0.4992451
0.49924505
0.49924505
0.49924517
0.49924505
0.49924487
0.49924487
0.4992453
0.49924546
0.49924546
0.49924505
0.49924523
0.49924523
0.49924535
0.4992448
0.49924487
0.49924487
0.4992451
0.49924475
0.499245
0.49924493
0.49924523
0.499245
0.49924535
0.49924445
0.49924475
0.49924523
0.4992451
0.499245
0.49924523
0.49924523
0.499245
0.4992451
0.4992451
0.49924546
0.4992451
0.49924535
0.49924463
0.49924517
0.49924475
0.4992451
0.499245
0.49924523
0.4992451
0.499245
0.499245
0.49924475
0.49924535
0.49924546
0.4992453
0.49924487
0.49924523
0.49924487
0.49924535
0.4992447
0.499245
0.49924493
0.49924326
0.4992447
0.4992453
0.4992451
0.4992447
0.4992451
0.49924535
0.49924463
0.49924403
0.499245
0.49924487
0.4992451
0.49924523
0.499245
0.4992451
0.49924523
0.49924415
0.49924523
0.49924487
0.49924523
0.4992451
0.49924493
0.4992451
0.49924493
0.49924493
0.49924535
0.4992451
0.49924523
0.49924535
0.49924475
0.4992451
0.49924523
0.49924523
0.499245
0.499245
0.49924535
0.49924487
0.4992451
0.49924475
0.49924475
0.49924427
0.49924487
0.4992447
0.49924487
0.4992444
0.49924558
0.49924487
0.49924487
0.4992451
0.49924523
0.49924523
0.49924535
0.4992445
0.49924487
0.4992451
0.49924475
0.49924517
0.499245
0.49924523
0.499245
0.49924523
0.4992447
0.49924546
0.49924535
0.49924535
0.49924493
0.499245
0.49924487
0.49924523
0.499245
0.499245
0.49924517
0.49924546
0.4992451
0.49924523
0.49924523
0.49924523
0.4992451
0.49924535
0.49924523
0.49924523
0.49924415
0.4992451
0.499245
0.4992451
0.4992451
0.49924487
0.49924523
0.499245
0.4992451
0.49924517
0.49924475
0.49924546
0.49924493
0.4992451
0.49924523
0.49924293
0.4992451
0.49924523
0.49924517
0.49924475
0.499245
0.4992451
0.49924493
0.49924487
0.49924523
0.499245
0.49924487
0.49924517
0.49924487
0.49924475
0.49924493
0.499245
0.49924487
0.49924487
0.49924463
0.49924535
0.49924546
0.49924475
0.49924523
0.4992453
0.49924457
0.49924415
0.4992444
0.49924517
0.49924505
0.49924535
0.499245
0.49924523
0.49924493
0.4992451
0.499245
0.4992451
0.4992451
0.4992451
0.499245
0.49924487
0.49924487
0.49924487
0.4992451
0.49924523
0.49924517
0.49924517
0.4992445
0.49924535
0.49924463
0.4992451
0.49924487
0.49924487
0.49924463
0.4992451
0.49924523
0.499245
0.49924517
0.4992451
0.49924487
0.49924523
0.4992451
0.4992451
0.4992451
0.4992451
0.49924546
0.49924505
0.499245
0.49924523
0.4992451
0.4992448
0.49924517
0.4992444
0.4992453
0.499245
0.49924433
0.49924558
0.49924487
0.499245
0.4992438
0.49924475
0.499245
0.49924558
0.49924523
0.499245
0.4992451
0.49924517
0.49924487
0.49924493
0.4992453
0.499245
0.4992451
0.49924523
0.499245
0.4992448
0.49924475
0.49924487
0.49924487
0.49924523
0.4992448
0.49924558
0.49924487
0.499245
0.4992448
0.4992447
0.4992451
0.4992445
0.49924487
0.499245
0.49924487
0.49924475
0.49924523
0.49924523
0.49924517
0.4992451
0.4992457
0.49924505
0.49924678
0.49924523
0.49924487
0.4992453
0.4992444
0.49924523
0.4992451
0.49924535
0.49924475
0.49924505
0.49924523
0.499245
0.4992457
0.49924487
0.4992448
0.49924487
0.49924517
0.4992451
0.49924493
0.499245
0.4992451
0.499245
0.49924487
0.49924535
0.49924564
0.49924493
0.49924487
0.4992451
0.49924487
0.4992451
0.499245
0.499245
0.49924535
0.4992451
0.49924535
0.49924505
0.49924463
0.49924505
0.49924475
0.499243
0.49924487
0.49924475
0.49924523
0.4992451
0.4992451
0.499245
0.4992448
0.49924523
0.4992448
0.4992453
0.49924463
0.4992451
0.4992448
0.49924475
0.49924505
0.49924517
0.499245
0.4992451
0.4992451
0.49924475
0.4992451
0.49924505
0.49924535
0.499245
0.499245
0.49924517
0.4992453
0.4992451
0.49924517
0.4992451
0.49924463
0.49924505
0.49924505
0.49924535
0.499245
0.4992451
0.4992451
0.49924487
0.49924523
0.49924535
0.49924523
0.49924475
0.499245
0.49924523
0.49924487
0.499245
0.49924505
0.4992451
0.49924487
0.49924457
0.49924517
0.49924487
0.4992451
0.499245
0.49924523
0.49924505
0.4992451
0.4992445
0.4992451
0.49924523
0.49924523
0.49924505
0.4992451
0.49924517
0.49924487
0.4992451
0.4992451
0.49924558
0.49924487
0.499245
0.499245
0.4992453
0.499245
0.4992451
0.4992445
0.4992451
0.4992454
0.49924487
0.4992451
0.49924487
0.49924475
0.4992451
0.4992451
0.49924475
0.49924523
0.49924505
0.49924493
0.49924523
0.4992451
0.49924517
0.49924517
0.49924535
0.4992448
0.49924517
0.499245
0.4992451
0.49924523
0.49924493
0.49924517
0.49924487
0.49924523
0.499245
0.4992451
0.49924523
0.49924505
0.4992451
0.49924523
0.4992451
0.49924546
0.4992451
0.49924493
0.4992453
0.49924487
0.4992451
0.499245
0.49924493
0.499245
0.49924535
0.4992451
0.49924487
0.4992444
0.49924505
0.49924523
0.49924487
0.49924517
0.49924517
0.499245
0.49924523
0.499245
0.4992451
0.49924517
0.49924445
0.49924475
0.4992451
0.49924535
0.499245
0.49924523
0.49924523
0.4992451
0.49924463
0.49924564
0.4992451
0.49924517
0.49924523
0.49924487
0.4992447
0.49924523
0.499245
0.49924517
0.499245
0.49924493
0.49924475
0.4992451
0.49924493
0.49924487
0.4992451
0.49924475
0.49924475
0.49924463
0.49924475
0.499245
0.4992451
0.49924475
0.49924523
0.4992451
0.49924487
0.4992451
0.49924475
0.49924517
0.4992448
0.49924535
0.49924523
0.499245
0.4992448
0.49924517
0.4992451
0.49924535
0.49924523
0.499245
0.499245
0.499245
0.49924606
0.49924606
0.4992448
0.49924493
0.499245
0.49924487
0.49924475
0.49924523
0.49924427
0.499245
0.499245
0.49924523
0.49924475
0.4992451
0.499245
0.49924487
0.499245
0.49924487
0.4992451
0.49924487
0.4992451
0.49924487
0.499245
0.4992453
0.499245
0.49924487
0.4992451
0.49924505
0.499245
0.49924487
0.49924475
0.4992438
0.49924505
0.49924517
0.49924475
0.4992451
0.4992454
0.49924475
0.49924523
0.49924487
0.49924487
0.49924523
0.49924487
0.49924475
0.4992451
0.49924523
0.4992451
0.499245
0.4992451
0.499245
0.49924523
0.49924523
0.499246
0.499245
0.49924505
0.49924517
0.49924523
0.4992451
0.4992451
0.49924475
0.49924517
0.4992448
0.499245
0.49924487
0.49924415
0.49924487
0.49924487
0.49924517
0.49924487
0.49924463
0.49924517
0.499245
0.49924487
0.49924487
0.4992451
0.49924517
0.4992453
0.49924487
0.49924487
0.4992444
0.4992451
0.499245
0.49924535
0.49924463
0.49924523
0.4992454
0.49924457
0.49924523
0.49924523
0.499245
0.4992451
0.499245
0.499245
0.49924487
0.49924517
0.49924535
0.49924505
0.4992453
0.49924487
0.49924535
0.49924546
0.49924558
0.49924487
0.4992453
0.49924517
0.49924535
0.49924517
0.49924523
0.49924523
0.49924487
0.4992451
0.4992451
0.49924487
0.4992451
0.49924517
0.49924475
0.49924475
0.4992451
0.49924463
0.4992451
0.49924493
0.49924523
0.49924487
0.49924475
0.4992451
0.49924487
0.49924487
0.49924487
0.49924517
0.4992451
0.49924463
0.4992448
0.49924487
0.4992444
0.49924523
0.49924475
0.4992451
0.49924475
0.4992451
0.49924487
0.49924523
0.49924523
0.49924475
0.49924523
0.499245
0.49924523
0.4992451
0.49924523
0.499245
0.4992451
0.49924546
0.49924523
0.49924463
0.4992451
0.4992435
0.49924457
0.49924523
0.4992451
0.499245
0.4992451
0.49924463
0.49924523
0.4992448
0.49924523
0.4992451
0.499245
0.49924535
0.499245
0.4992451
0.4992442
0.49924546
0.49924523
0.49924463
0.4992453
0.49924535
0.4992447
0.49924505
0.499245
0.49924535
0.49924427
0.4992447
0.49924523
0.4992448
0.49924493
0.49924505
0.49924523
0.49924576
0.49924535
0.499245
0.49924523
0.4992451
0.49924517
0.49924487
0.49924523
0.49924487
0.4992451
0.4992451
0.499245
0.4992451
0.49924576
0.49924523
0.499245
0.4992454
0.499245
0.49924523
0.49924368
0.49924505
0.4992445
0.49924493
0.49924576
0.49924475
0.49924463
0.4992451
0.4992451
0.49924523
0.499245
0.49924535
0.49924475
0.49924505
0.49924552
0.4992448
0.49924523
0.49924463
0.49924475
0.49924517
0.499245
0.49924463
0.499245
0.49924505
0.4992454
0.49924523
0.49924523
0.4992448
0.4992445
0.49924487
0.4992451
0.4992453
0.49924546
0.49924523
0.49924487
0.49924523
0.49924493
0.49924523
0.49924517
0.4992451
0.49924505
0.49924493
0.4992448
0.49924517
0.4992451
0.49924523
0.4992451
0.49924475
0.49924475
0.49924487
0.4992454
0.49924523
0.49924523
0.4992451
0.49924535
0.49924523
0.4992453
0.49924487
0.49924493
0.4992451
0.49924523
0.49924523
0.4992451
0.49924487
0.4992451
0.4992451
0.49924523
0.49924475
0.49924487
0.4992451
0.4992451
0.49924487
0.499245
0.499245
0.4992445
0.49924457
0.4992451
0.4992451
0.49924523
0.49924493
0.49924546
0.499245
0.4992448
0.49924523
0.49924523
0.4992453
0.49924493
0.49924535
0.49924505
0.4992448
0.4992451
0.4992445
0.49924493
0.4992457
0.4992453
0.49924487
0.49924523
0.49924564
0.499245
0.49924523
0.4992453
0.49924487
0.49924523
0.499245
0.49924493
0.49924493
0.4992454
0.49924535
0.4992448
0.49924487
0.49924505
0.49924523
0.49924517
0.499245
0.499245
0.499245
0.49924457
0.49924535
0.499245
0.49924493
0.4992451
0.499245
0.49924487
0.4992451
0.4992448
0.49924475
0.4992451
0.49924493
0.49924517
0.4992451
0.499245
0.49924487
0.4992451
0.49924523
0.49924523
0.499245
0.49924493
0.49924523
0.49924475
0.4992451
0.49924487
0.49924523
0.49924523
0.499245
0.499245
0.4992451
0.4992451
0.499245
0.49924558
0.49924475
0.4992451
0.499245
0.49924505
0.49924523
0.4992451
0.49924505
0.49924535
0.49924487
0.49924505
0.4992448
0.4992451
0.4992451
0.49924523
0.49924427
0.499245
0.4992448
0.49924475
0.49924463
0.49924517
0.4992451
0.49924535
0.49924487
0.4992442
0.4992447
0.4992451
0.49924487
0.49924487
0.499245
0.4992451
0.4992451
0.49924505
0.49924368
0.49924487
0.4992445
0.4992451
0.49924517
0.49924523
0.49924463
0.49924517
0.4992451
0.49924487
0.49924535
0.4992451
0.49924517
0.499245
0.49924535
0.49924487
0.49924487
0.49924523
0.49924403
0.4992451
0.4992451
0.499245
0.49924487
0.499245
0.49924457
0.499245
0.4992447
0.49924535
0.49924487
0.499245
0.49924535
0.49924463
0.4992451
0.49924517
0.49924523
0.4992447
0.499245
0.49924505
0.49924493
0.4992448
0.49924475
0.4992451
0.49924487
0.499245
0.49924523
0.49924475
0.49924487
0.49924487
0.49924517
0.49924523
0.49924523
0.4992448
0.49924505
0.4992451
0.4992451
0.4992451
0.49924517
0.49924487
0.499245
0.4992451
0.49924475
0.49924523
0.4992451
0.49924523
0.499245
0.4992453
0.4992448
0.49924546
0.49924535
0.49924487
0.49924487
0.49924487
0.4992451
0.49924475
0.49924487
0.49924427
0.499245
0.4992451
0.499245
0.49924505
0.49924523
0.49924523
0.49924487
0.49924517
0.4992454
0.4992451
0.49924463
0.4992451
0.49924505
0.49924552
0.49924523
0.49924487
0.499245
0.49924505
0.49924505
0.49924517
0.499245
0.4992451
0.49924487
0.49924493
0.4992451
0.49924523
0.49924517
0.49924517
0.499245
0.49924487
0.49924487
0.49924505
0.49924523
0.4992451
0.499245
0.499245
0.49924535
0.49924523
0.49924475
0.49924517
0.499245
0.49924475
0.4992448
0.49924314
0.4992451
0.4992451
0.49924475
0.499245
0.499245
0.49924517
0.49924487
0.49924463
0.499245
0.499245
0.49924487
0.49924463
0.49924487
0.49924517
0.49924475
0.49924487
0.49924463
0.49924487
0.49924487
0.4992457
0.49924535
0.4992451
0.49924523
0.49924493
0.4992451
0.49924505
0.4992451
0.49924523
0.4992448
0.4992448
0.49924493
0.49924505
0.499245
0.4992451
0.499245
0.49924535
0.49924487
0.49924415
0.4992451
0.4992451
0.49924505
0.4992451
0.49924517
0.49924505
0.49924487
0.49924463
0.499245
0.49924475
0.49924517
0.49924517
0.4992448
0.499245
0.499245
0.49924523
0.49924475
0.49924523
0.49924475
0.499245
0.499245
0.49924493
0.49924487
0.49924517
0.49924535
0.49924523
0.49924463
0.49924505
0.4992453
0.4992448
0.4992454
0.49924487
0.49924517
0.499245
0.49924564
0.4992451
0.49924517
0.49924523
0.49924517
0.49924523
0.49924487
0.49924523
0.49924493
0.49924517
0.499245
0.4992451
0.4992448
0.49924463
0.49924517
0.49924535
0.49924463
0.4992454
0.4992451
0.49924546
0.49924505
0.49924457
0.49924523
0.49924535
0.49924487
0.49924487
0.49924487
0.49924493
0.4992447
0.49924523
0.49924523
0.49924523
0.49924487
0.49924475
0.49924475
0.49924523
0.49924487
0.49924535
0.499245
0.499245
0.4992451
0.49924505
0.4992451
0.49924475
0.49924475
0.49924505
0.4992454
0.49924487
0.4992451
0.4992451
0.49924475
0.4992451
0.49924487
0.49924386
0.49924523
0.499245
0.499245
0.49924517
0.4992451
0.49924523
0.4992451
0.4992448
0.4992454
0.49924517
0.49924487
0.49924535
0.499245
0.499245
0.4992453
0.49924523
0.49924546
0.4992451
0.49924505
0.49924487
0.49924475
0.49924535
0.499245
0.49924535
0.49924475
0.49924535
0.4992451
0.49924475
0.49924505
0.49924505
0.49924517
0.49924505
0.4992451
0.49924606
0.499245
0.49924523
0.49924535
0.49924493
0.49924517
0.49924523
0.49924487
0.49924487
0.49924463
0.4992451
0.49924475
0.4992445
0.49924493
0.499245
0.49924523
0.49924517
0.49924523
0.49924523
0.49924523
0.49924505
0.49924535
0.4992451
0.4992451
0.499245
0.499245
0.4992451
0.49924546
0.4992453
0.49924487
0.4992454
0.49924487
0.49924475
0.499245
0.49924463
0.49924487
0.4992448
0.4992457
0.4992451
0.4992453
0.4992445
0.49924487
0.4992451
0.49924523
0.49924415
0.499245
0.499245
0.49924523
0.49924427
0.49924523
0.49924517
0.4992451
0.49924475
0.49924517
0.49924487
0.49924517
0.499245
0.49924523
0.4992448
0.49924487
0.499245
0.49924505
0.49924487
0.49924523
0.49924487
0.499245
0.499245
0.499245
0.4992451
0.49924487
0.499245
0.499245
0.49924523
0.49924487
0.499245
0.49924517
0.49924523
0.49924546
0.49924415
0.49924523
0.49924546
0.4992454
0.49924493
0.4992451
0.499245
0.49924493
0.49924487
0.499245
0.49924463
0.499245
0.49924523
0.49924505
0.49924505
0.49924535
0.49924517
0.4992451
0.49924487
0.49924487
0.4992451
0.49924475
0.499245
0.49924523
0.49924487
0.49924475
0.4992451
0.4992448
0.49924558
0.49924535
0.49924475
0.499245
0.4992438
0.49924475
0.499245
0.499245
0.49924487
0.49924523
0.4992454
0.499245
0.49924505
0.4992451
0.49924433
0.49924523
0.49924487
0.4992451
0.4992453
0.4992451
0.49924505
0.4992451
0.4992451
0.49924475
0.49924523
0.49924505
0.49924517
0.49924475
0.49924493
0.499245
0.49924445
0.49924487
0.49924517
0.499245
0.49924517
0.4992451
0.49924517
0.4992451
0.4992453
0.4992447
0.49924475
0.499245
0.4992448
0.49924523
0.499245
0.49924546
0.49924475
0.4992444
0.4992451
0.4992453
0.499245
0.49924517
0.49924523
0.499245
0.4992448
0.499245
0.49924487
0.49924535
0.49924523
0.49924505
0.4992451
0.49924523
0.4992432
0.4992451
0.4992451
0.49924535
0.4992438
0.4992453
0.49924517
0.49924487
0.4992451
0.4992447
0.49924546
0.499245
0.49924487
0.49924505
0.49924523
0.49924517
0.49924517
0.499245
0.49924505
0.49924487
0.4992451
0.49924505
0.499245
0.49924487
0.49924415
0.49924457
0.49924493
0.49924475
0.49924287
0.499245
0.49924523
0.4992445
0.4992451
0.49924523
0.49924582
0.499245
0.499245
0.499245
0.49924523
0.49924523
0.49924487
0.4992451
0.49924523
0.4992453
0.49924374
0.49924505
0.49924475
0.4992451
0.499245
0.4992445
0.49924523
0.49924475
0.4992453
0.49924505
0.4992451
0.49924487
0.4992451
0.499245
0.49924463
0.49924463
0.4992451
0.4992451
0.49924493
0.4992445
0.49924523
0.4992451
0.499245
0.4992448
0.49924523
0.4992453
0.499245
0.4992447
0.49924475
0.49924487
0.499245
0.4992451
0.49924517
0.49924517
0.49924517
0.49924475
0.49924517
0.49924505
0.49924523
0.49924487
0.4992451
0.49924517
0.49924523
0.499245
0.4992448
0.499245
0.49924535
0.49924493
0.49924487
0.4992451
0.49924445
0.49924523
0.4992451
0.49924457
0.49924487
0.499245
0.49924517
0.49924493
0.4992441
0.4992447
0.4992448
0.49924624
0.49924433
0.4992457
0.49924487
0.499245
0.4992451
0.49924535
0.49924487
0.49924493
0.499245
0.49924517
0.49924487
0.499245
0.49924415
0.49924517
0.4992451
0.49924535
0.49924487
0.49924523
0.49924523
0.49924487
0.4992451
0.49924493
0.49924523
0.4992451
0.49924463
0.49924523
0.49924505
0.4992431
0.49924493
0.49924475
0.49924546
0.4992451
0.499245
0.49924487
0.4992448
0.49924517
0.49924535
0.49924493
0.499245
0.49924487
0.499245
0.49924523
0.4992451
0.499245
0.4992451
0.499245
0.4992451
0.4992451
0.499245
0.49924523
0.4992451
0.4992451
0.4992451
0.4992451
0.499245
0.49924487
0.49924535
0.49924535
0.49924493
0.499245
0.4992451
0.4992451
0.499245
0.49924517
0.4992448
0.49924517
0.499245
0.499245
0.49924493
0.49924475
0.49924564
0.49924463
0.4992451
0.49924535
0.49924523
0.4992451
0.4992451
0.4992451
0.49924523
0.4992448
0.4992447
0.4992451
0.49924546
0.49924517
0.499245
0.49924493
0.49924487
0.49924517
0.4992453
0.49924535
0.49924505
0.49924487
0.4992445
0.499245
0.49924535
0.4992447
0.49924546
0.49924523
0.4992451
0.49924505
0.4992448
0.4992448
0.49924463
0.4992451
0.49924535
0.4992451
0.49924487
0.49924487
0.49924487
0.499245
0.49924558
0.499245
0.4992453
0.49924505
0.4992451
0.4992451
0.49924475
0.49924415
0.49924517
0.49924535
0.49924487
0.49924463
0.49924445
0.49924475
0.4992448
0.4992444
0.49924523
0.49924475
0.499245
0.499245
0.49924517
0.49924433
0.4992445
0.49924523
0.49924523
0.49924475
0.49924487
0.49924535
0.4992445
0.4992451
0.49924487
0.499245
0.4992453
0.49924493
0.49924535
0.49924463
0.4992453
0.49924463
0.49924505
0.49924487
0.499245
0.49924523
0.49924487
0.499245
0.4992451
0.4992451
0.49924517
0.499245
0.49924487
0.4992448
0.49924546
0.4992448
0.49924487
0.49924487
0.49924505
0.49924523
0.4992453
0.49924493
0.49924546
0.49924523
0.499245
0.4992447
0.49924517
0.49924505
0.49924505
0.4992445
0.49924487
0.49924523
0.49924487
0.499245
0.499245
0.49924523
0.4992451
0.499245
0.49924535
0.49924403
0.49924487
0.49924517
0.49924546
0.49924487
0.49924487
0.49924487
0.49924558
0.49924517
0.4992454
0.49924487
0.49924505
0.49924535
0.49924475
0.4992447
0.4992445
0.49924475
0.4992451
0.49924487
0.49924487
0.49924517
0.4992451
0.49924505
0.49924487
0.49924523
0.49924523
0.49924475
0.4992453
0.49924535
0.49924475
0.4992451
0.49924487
0.4992448
0.499245
0.4992448
0.49924487
0.499245
0.49924487
0.4992451
0.49924517
0.49924403
0.4992448
0.4992445
0.49924523
0.499245
0.49924487
0.499245
0.4992454
0.499245
0.4992451
0.49924487
0.49924535
0.49924475
0.49924535
0.4992445
0.49924517
0.4992451
0.49924505
0.49924487
0.49924523
0.499245
0.49924475
0.4992451
0.49924523
0.499245
0.49924475
0.499245
0.4992454
0.4992447
0.49924487
0.49924517
0.49924487
0.4992451
0.49924523
0.49924517
0.4992451
0.49924475
0.49924463
0.49924475
0.49924517
0.499245
0.49924403
0.499245
0.4992451
0.49924475
0.49924523
0.49924523
0.49924523
0.49924493
0.49924535
0.49924493
0.49924445
0.49924463
0.49924517
0.49924523
0.4992451
0.49924523
0.49924546
0.499245
0.499245
0.49924475
0.499245
0.4992447
0.49924558
0.49924475
0.49924523
0.4992451
0.4992453
0.49924475
0.49924535
0.49924475
0.49924505
0.49924487
0.49924517
0.49924433
0.49924523
0.4992451
0.49924517
0.49924487
0.49924517
0.4992451
0.49924487
0.4992445
0.49924487
0.49924517
0.4992451
0.4992448
0.49924535
0.4992451
0.499245
0.4992451
0.4992451
0.499245
0.49924546
0.4992451
0.4992451
0.49924505
0.4992451
0.49924475
0.499245
0.49924463
0.49924505
0.49924517
0.49924505
0.49924523
0.49924517
0.49924517
0.4992451
0.49924487
0.4992451
0.499245
0.49924517
0.49924546
0.49924505
0.49924505
0.4992453
0.4992451
0.49924517
0.4992447
0.49924523
0.4992453
0.4992451
0.49924523
0.49924314
0.4992451
0.49924523
0.49924493
0.499245
0.4992453
0.499245
0.49924505
0.49924475
0.4992451
0.49924487
0.49924493
0.499245
0.4992451
0.499245
0.49924535
0.49924523
0.49924535
0.499245
0.499245
0.49924523
0.499245
0.49924517
0.4992445
0.499245
0.49924487
0.49924487
0.49924475
0.4992451
0.4992448
0.49924487
0.49924487
0.49924475
0.49924523
0.499245
0.49924523
0.49924505
0.49924487
0.49924487
0.49924487
0.49924475
0.49924535
0.4992451
0.4992451
0.49924493
0.49924523
0.49924487
0.499245
0.49924523
0.4992447
0.4992451
0.499245
0.4992453
0.49924558
0.4992451
0.49924535
0.49924487
0.49924487
0.49924517
0.49924487
0.499245
0.49924493
0.49924523
0.4992451
0.499245
0.4992438
0.49924475
0.49924487
0.49924552
0.49924523
0.49924475
0.4992463
0.4992448
0.49924505
0.49924517
0.4992448
0.499245
0.49924535
0.49924487
0.49924535
0.49924487
0.49924523
0.49924523
0.49924463
0.4992451
0.49924558
0.49924535
0.4992453
0.49924517
0.49924487
0.49924487
0.4992453
0.4992451
0.4992451
0.4992451
0.49924505
0.49924392
0.499245
0.49924517
0.4992451
0.4992451
0.4992445
0.49924487
0.49924517
0.4992448
0.49924487
0.49924487
0.4992447
0.49924445
0.49924487
0.49924523
0.49924487
0.49924523
0.4992453
0.49924487
0.49924487
0.499245
0.49924558
0.4992451
0.4992457
0.49924493
0.49924475
0.49924517
0.4992451
0.4992451
0.49924475
0.4992453
0.4992447
0.499245
0.4992445
0.49924487
0.4992447
0.49924535
0.4992454
0.49924487
0.49924505
0.499245
0.49924487
0.49924517
0.49924475
0.499245
0.49924517
0.49924523
0.499245
0.49924523
0.4992451
0.49924487
0.49924523
0.49924487
0.49924487
0.49924535
0.49924546
0.4992438
0.499245
0.49924463
0.49924487
0.499245
0.49924475
0.49924487
0.49924493
0.499245
0.49924517
0.49924523
0.499245
0.499245
0.4992451
0.4992451
0.4992451
0.499245
0.49924523
0.499245
0.499245
0.499245
0.49924487
0.4992448
0.4992451
0.4992451
0.4992451
0.49924463
0.499245
0.4992448
0.499245
0.49924523
0.4992451
0.49924535
0.49924493
0.49924487
0.49924457
0.49924463
0.49924463
0.49924487
0.4992442
0.4992451
0.49924487
0.49924487
0.49924493
0.4992447
0.49924475
0.49924475
0.49924535
0.49924517
0.4992451
0.499245
0.49924475
0.49924487
0.4992451
0.499245
0.49924487
0.499245
0.49924475
0.49924523
0.49924487
0.49924505
0.499245
0.499245
0.4992453
0.49924475
0.499245
0.499245
0.4992451
0.499245
0.49924475
0.4992445
0.49924487
0.49924475
0.49924505
0.4992451
0.4992451
0.49924463
0.4992442
0.499245
0.49924523
0.4992451
0.49924487
0.49924505
0.49924523
0.4992448
0.4992451
0.49924523
0.499245
0.49924475
0.499245
0.49924517
0.49924523
0.49924505
0.4992448
0.49924505
0.49924523
0.49924535
0.49924475
0.499245
0.4992451
0.49924517
0.49924487
0.4992448
0.49924517
0.49924535
0.49924552
0.49924505
0.49924523
0.49924523
0.499245
0.49924523
0.49924558
0.49924558
0.49924523
0.499245
0.49924475
0.49924475
0.499245
0.4992451
0.49924535
0.4992451
0.49924523
0.49924493
0.49924463
0.49924517
0.49924505
0.49924487
0.49924505
0.4992451
0.49924487
0.49924517
0.4992453
0.49924523
0.49924517
0.49924517
0.49924517
0.49924517
0.49924505
0.499245
0.4992451
0.49924523
0.49924517
0.49924487
0.4992441
0.49924523
0.499245
0.49924535
0.4992451
0.49924475
0.49924523
0.49924523
0.49924505
0.499245
0.49924546
0.49924487
0.49924463
0.49924475
0.4992451
0.49924487
0.49924493
0.499245
0.49924368
0.499245
0.49924517
0.4992451
0.49924493
0.49924487
0.49924493
0.49924487
0.49924487
0.4992451
0.49924523
0.499245
0.4992447
0.4992447
0.4992451
0.49924558
0.49924552
0.49924487
0.49924523
0.49924535
0.49924487
0.4992447
0.4992451
0.499245
0.4992448
0.499245
0.49924505
0.4992451
0.49924523
0.49924546
0.49924475
0.49924582
0.4992448
0.49924487
0.49924487
0.49924535
0.49924493
0.4992451
0.49924475
0.49924493
0.49924523
0.4992447
0.49924463
0.49924582
0.49924666
0.49924487
0.49924475
0.499245
0.4992448
0.49924487
0.49924535
0.4992453
0.499245
0.499245
0.49924463
0.49924523
0.49924505
0.49924535
0.4992451
0.4992451
0.49924523
0.49924517
0.49924487
0.4992451
0.4992451
0.4992447
0.49924535
0.49924523
0.49924523
0.49924523
0.49924493
0.49924517
0.49924505
0.4992453
0.4992448
0.4992451
0.49924523
0.49924535
0.49924505
0.4992451
0.49924594
0.49924535
0.49924517
0.49924487
0.4992451
0.4992451
0.49924523
0.49924487
0.4992451
0.4992445
0.49924487
0.49924517
0.49924475
0.49924463
0.49924475
0.49924517
0.4992451
0.4992451
0.49924505
0.4992453
0.4992445
0.49924505
0.49924517
0.49924487
0.499245
0.49924517
0.49924523
0.49924505
0.4992454
0.49924505
0.49924487
0.49924505
0.4992453
0.499245
0.49924546
0.49924487
0.4992447
0.49924487
0.49924475
0.49924523
0.49924517
0.49924546
0.49924475
0.4992447
0.49924523
0.49924487
0.49924523
0.49924475
0.4992453
0.49924475
0.49924505
0.4992444
0.49924517
0.49924523
0.499245
0.49924523
0.499245
0.4992451
0.49924546
0.49924475
0.499245
0.49924523
0.4992451
0.499245
0.4992451
0.49924487
0.4992451
0.49924517
0.49924493
0.49924493
0.49924517
0.4992451
0.49924263
0.49924546
0.4992451
0.4992451
0.49924487
0.4992457
0.49924487
0.4992457
0.499245
0.49924475
0.49924523
0.4992448
0.49924487
0.4992448
0.4992445
0.4992451
0.49924535
0.49924517
0.49924523
0.4992453
0.499245
0.4992451
0.4992454
0.49924487
0.49924505
0.49924475
0.49924505
0.4992451
0.49924523
0.4992451
0.49924523
0.49924523
0.499245
0.49924535
0.49924368
0.4992453
0.4992451
0.49924493
0.499245
0.49924523
0.49924546
0.49924523
0.499245
0.49924517
0.49924338
0.49924475
0.4992451
0.4992451
0.4992451
0.49924505
0.49924487
0.4992445
0.49924558
0.49924487
0.49924487
0.49924475
0.49924475
0.4992451
0.4992453
0.4992451
0.4992451
0.49924475
0.49924487
0.499245
0.49924523
0.499245
0.4992451
0.49924535
0.4992451
0.4992451
0.4992451
0.49924475
0.49924487
0.49924475
0.49924517
0.4992448
0.49924558
0.4992453
0.49924463
0.49924517
0.49924487
0.49924487
0.4992451
0.49924487
0.4992451
0.49924487
0.4992451
0.4992451
0.4992451
0.499245
0.49924505
0.4992448
0.4992453
0.49924505
0.499245
0.49924475
0.49924535
0.49924487
0.499245
0.49924523
0.499245
0.49924505
0.49924517
0.49924487
0.49924463
0.49924546
0.49924523
0.49924517
0.499245
0.49924505
0.49924523
0.49924546
0.4992447
0.49924487
0.49924487
0.49924517
0.49924523
0.4992451
0.4992451
0.49924523
0.49924475
0.4992451
0.49924505
0.49924457
0.499245
0.49924523
0.49924368
0.49924535
0.49924523
0.4992451
0.49924493
0.49924535
0.49924505
0.49924487
0.49924493
0.49924523
0.49924523
0.49924475
0.4992451
0.49924487
0.49924523
0.499245
0.4992454
0.49924487
0.49924505
0.4992451
0.499245
0.49924487
0.499245
0.49924517
0.4992445
0.49924427
0.499245
0.49924505
0.49924427
0.49924487
0.49924463
0.49924487
0.49924487
0.49924535
0.49924475
0.49924475
0.49924487
0.49924505
0.4992451
0.49924535
0.49924392
0.49924505
0.49924535
0.4992445
0.499245
0.49924523
0.4992451
0.49924606
0.4992451
0.49924475
0.49924523
0.4992451
0.49924493
0.49924475
0.4992453
0.49924487
0.49924505
0.4992451
0.4992448
0.499245
0.4992448
0.49924487
0.49924523
0.4992451
0.49924493
0.4992447
0.49924487
0.49924505
0.49924517
0.499245
0.49924517
0.49924475
0.4992444
0.49924493
0.49924487
0.49924546
0.49924535
0.49924535
0.4992451
0.49924487
0.49924523
0.49924332
0.49924493
0.49924487
0.49924523
0.49924505
0.49924487
0.49924487
0.49924505
0.4992448
0.499245
0.49924487
0.49924535
0.49924487
0.49924535
0.4992451
0.499245
0.4992444
0.49924493
0.49924523
0.4992451
0.49924523
0.49924535
0.4992448
0.49924386
0.49924487
0.4992451
0.49924493
0.49924523
0.49924535
0.4992451
0.49924523
0.49924523
0.4992451
0.49924487
0.49924505
0.4992448
0.49924523
0.4992451
0.4992451
0.49924487
0.4992448
0.49924475
0.49924445
0.49924487
0.49924493
0.49924487
0.4992453
0.49924475
0.4992451
0.4992451
0.499245
0.499245
0.4992451
0.49924493
0.499245
0.4992453
0.4992448
0.4992451
0.4992451
0.4992451
0.49924517
0.4992451
0.499245
0.49924535
0.499245
0.49924535
0.49924475
0.49924487
0.4992451
0.49924427
0.499245
0.4992451
0.4992451
0.4992451
0.49924535
0.4992454
0.49924535
0.49924475
0.4992451
0.49924523
0.499245
0.49924487
0.4992451
0.49924517
0.4992451
0.4992453
0.49924523
0.4992451
0.49924463
0.49924558
0.4992451
0.49924523
0.4992448
0.4992451
0.4992453
0.49924523
0.499245
0.49924487
0.49924487
0.4992425
0.4992453
0.49924475
0.49924487
0.49924523
0.499245
0.4992451
0.49924463
0.49924487
0.49924475
0.49924487
0.49924475
0.4992451
0.4992445
0.49924523
0.49924523
0.49924517
0.499245
0.49924523
0.4992453
0.4992444
0.49924487
0.49924523
0.4992451
0.49924445
0.4992451
0.49924505
0.49924487
0.49924535
0.4992451
0.49924535
0.49924523
0.49924523
0.4992441
0.499245
0.499245
0.49924487
0.499245
0.49924487
0.49924523
0.49924475
0.4992448
0.499243
0.49924517
0.49924523
0.4992448
0.4992451
0.4992451
0.49924523
0.49924505
0.499245
0.49924427
0.49924475
0.4992451
0.49924523
0.4992448
0.49924493
0.49924535
0.49924463
0.49924505
0.49924475
0.49924493
0.4992451
0.49924558
0.49924523
0.499245
0.4992451
0.499245
0.49924523
0.49924487
0.499245
0.499245
0.49924445
0.499245
0.49924487
0.49924523
0.4992451
0.49924523
0.49924517
0.49924475
0.49924535
0.49924487
0.49924523
0.49924487
0.49924535
0.49924475
0.49924487
0.49924493
0.49924523
0.49924546
0.499245
0.499245
0.49924493
0.4992451
0.49924487
0.4992451
0.49924487
0.4992451
0.49924487
0.49924523
0.49924546
0.49924517
0.499245
0.4992451
0.49924523
0.49924684
0.49924535
0.499245
0.4992448
0.49924517
0.49924487
0.499245
0.499245
0.49924523
0.49924517
0.499245
0.4992451
0.49924535
0.49924523
0.4992453
0.4992451
0.49924487
0.499245
0.49924487
0.49924487
0.499245
0.49924487
0.49924523
0.499245
0.49924475
0.49924475
0.49924642
0.49924487
0.49924475
0.499245
0.49924535
0.49924523
0.49924463
0.49924487
0.49924505
0.49924612
0.49924523
0.49924535
0.499245
0.49924505
0.49924263
0.49924517
0.49924487
0.4992448
0.4992451
0.49924523
0.49924523
0.4992451
0.499245
0.49924505
0.499245
0.499245
0.49924523
0.49924505
0.49924487
0.49924487
0.49924457
0.49924493
0.4992451
0.49924523
0.49924475
0.49924535
0.49924517
0.49924493
0.49924505
0.4992451
0.499245
0.4992454
0.49924523
0.49924523
0.49924523
0.49924487
0.49924463
0.49924517
0.49924505
0.49924523
0.4992451
0.49924523
0.499245
0.49924487
0.499245
0.4992451
0.4992451
0.49924463
0.4992457
0.4992451
0.49924523
0.49924475
0.49924487
0.49924475
0.4992447
0.49924493
0.49924475
0.49924505
0.49924523
0.49924475
0.49924487
0.4992451
0.49924517
0.4992451
0.49924558
0.49924487
0.4992444
0.49924535
0.49924505
0.49924475
0.49924463
0.4992447
0.49924487
0.4992451
0.4992451
0.49924535
0.49924517
0.49924493
0.4992453
0.4992444
0.4992453
0.4992453
0.49924535
0.499245
0.49924517
0.4992453
0.49924475
0.49924487
0.49924475
0.49924457
0.4992451
0.4992447
0.4992448
0.499245
0.49924535
0.4992445
0.49924523
0.499245
0.4992451
0.49924493
0.4992451
0.4992441
0.49924505
0.49924535
0.49924487
0.4992453
0.4992451
0.49924463
0.4992451
0.49924487
0.49924403
0.49924475
0.4992445
0.49924523
0.49924457
0.49924475
0.49924523
0.4992451
0.4992447
0.499245
0.49924487
0.49924546
0.49924493
0.4992451
0.49924487
0.4992445
0.49924445
0.49924487
0.49924535
0.49924493
0.4992418
0.49924493
0.49924463
0.49924493
0.49924535
0.49924463
0.49924493
0.4992451
0.49924433
0.4992451
0.49924505
0.49924457
0.499245
0.49924487
0.49924463
0.4992451
0.4992447
0.4992451
0.49924487
0.49924487
0.49924475
0.49924487
0.499245
0.49924493
0.49924523
0.4992453
0.4992453
0.4992451
0.49924475
0.49924564
0.499245
0.49924523
0.49924523
0.4992453
0.49924523
0.49924493
0.49924493
0.499245
0.49924546
0.49924523
0.49924505
0.49924487
0.499245
0.49924475
0.49924517
0.49924487
0.49924523
0.49924475
0.4992444
0.49924487
0.49924523
0.49924487
0.499245
0.49924427
0.49924535
0.4992451
0.4992447
0.49924517
0.4992453
0.49924463
0.49924475
0.49924487
0.49924463
0.4992448
0.49924517
0.49924475
0.49924523
0.49924523
0.49924505
0.49924475
0.49924487
0.49924523
0.4992451
0.49924487
0.499245
0.4992451
0.49924535
0.49924487
0.4992451
0.49924523
0.49924535
0.49924487
0.49924415
0.49924463
0.49924475
0.4992451
0.4992451
0.49924535
0.499245
0.49924523
0.49924523
0.4992451
0.49924487
0.4992445
0.49924475
0.4992451
0.49924493
0.49924487
0.49924493
0.4992451
0.499245
0.49924523
0.4992448
0.499245
0.49924505
0.4992451
0.4992448
0.49924487
0.49924517
0.4992451
0.4992451
0.4992451
0.4992451
0.49924648
0.4992451
0.499245
0.49924523
0.499245
0.49924487
0.4992453
0.499245
0.49924517
0.49924523
0.49924445
0.49924475
0.49924523
0.49924487
0.4992451
0.499245
0.4992445
0.49924517
0.49924463
0.4992451
0.4992451
0.499245
0.49924523
0.49924517
0.49924535
0.49924487
0.49924487
0.499245
0.49924535
0.49924487
0.49924523
0.49924475
0.4992453
0.499245
0.49924523
0.49924517
0.4992451
0.49924535
0.49924487
0.49924487
0.4992453
0.499245
0.499245
0.4992451
0.4992451
0.49924523
0.49924523
0.49924487
0.49924493
0.499245
0.4992453
0.49924493
0.49924487
0.4992451
0.4992454
0.4992444
0.49924582
0.499245
0.49924475
0.49924487
0.4992448
0.49924487
0.499245
0.4992451
0.49924558
0.49924523
0.4992451
0.49924475
0.49924487
0.49924487
0.49924487
0.49924475
0.49924493
0.49924535
0.499245
0.4992453
0.499245
0.4992444
0.49924475
0.4992451
0.49924487
0.49924487
0.49924487
0.49924523
0.49924505
0.49924487
0.4992453
0.49924463
0.499245
0.49924523
0.49924463
0.49924487
0.49924487
0.4992444
0.4992453
0.4992454
0.49924535
0.49924475
0.4992451
0.49924427
0.49924523
0.49924523
0.49924475
0.49924523
0.4992451
0.4992448
0.499245
0.4992448
0.49924487
0.4992451
0.49924487
0.4992451
0.499245
0.49924517
0.49924487
0.49924517
0.49924535
0.49924475
0.4992453
0.49924475
0.4992451
0.499245
0.49924487
0.499245
0.49924517
0.4992448
0.499245
0.49924475
0.499245
0.4992451
0.49924523
0.49924505
0.4992451
0.49924463
0.4992447
0.4992451
0.4992453
0.49924487
0.49924523
0.49924517
0.49924505
0.4992451
0.49924493
0.49924523
0.499245
0.49924487
0.4992451
0.49924523
0.49924475
0.4992448
0.49924475
0.4992451
0.49924487
0.49924475
0.49924487
0.49924523
0.4992453
0.49924523
0.4992447
0.49924517
0.49924475
0.49924523
0.49924523
0.49924487
0.49924505
0.49924475
0.4992451
0.49924505
0.49924517
0.49924427
0.4992451
0.49924487
0.499245
0.49924535
0.4992451
0.49924523
0.499245
0.4992451
0.49924487
0.49924493
0.4992451
0.4992451
0.49924517
0.499245
0.49924475
0.49924487
0.49924523
0.49924517
0.4992448
0.4992451
0.499245
0.49924493
0.49924487
0.4992451
0.4992451
0.49924505
0.499245
0.49924546
0.49924493
0.49924523
0.49924535
0.49924487
0.4992451
0.4992451
0.49924523
0.49924517
0.49924535
0.4992451
0.4992451
0.49924475
0.49924427
0.49924523
0.4992457
0.49924523
0.49924487
0.49924535
0.49924505
0.49924487
0.49924487
0.4992451
0.499245
0.4992451
0.49924546
0.4992445
0.49924523
0.49924582
0.49924546
0.4992451
0.4992451
0.49924523
0.499245
0.4992451
0.49924505
0.499245
0.49924535
0.499245
0.49924463
0.49924487
0.499245
0.4992451
0.49924535
0.49924523
0.49924493
0.49924505
0.4992453
0.49924523
0.499245
0.499245
0.49924517
0.49924523
0.4992447
0.49924487
0.49924493
0.49924523
0.49924546
0.49924523
0.49924517
0.49924535
0.4992451
0.49924546
0.49924517
0.4992453
0.49924517
0.49924505
0.49924523
0.49924493
0.49924457
0.49924463
0.49924523
0.499245
0.49924546
0.49924487
0.4992451
0.49924463
0.49924493
0.4992451
0.4992453
0.49924523
0.4992442
0.49924487
0.49924523
0.4992451
0.49924463
0.4992453
0.49924523
0.49924523
0.49924487
0.49924493
0.4992451
0.499245
0.49924463
0.49924475
0.49924427
0.49924523
0.49924487
0.49924487
0.49924523
0.49924475
0.49924487
0.49924517
0.49924493
0.499245
0.49924523
0.49924517
0.4992451
0.4992451
0.4992451
0.49924463
0.49924487
0.499245
0.4992448
0.49924493
0.49924487
0.499245
0.49924463
0.499245
0.49924505
0.4992451
0.49924523
0.4992451
0.499245
0.49924576
0.499245
0.4992453
0.4992451
0.499245
0.49924517
0.49924487
0.4992451
0.499245
0.49924493
0.4992453
0.49924427
0.4992448
0.49924523
0.49924558
0.4992451
0.4992445
0.49924523
0.4992448
0.49924517
0.49924505
0.4992451
0.49924487
0.4992448
0.499245
0.4992451
0.49924475
0.49924523
0.49924558
0.4992451
0.499245
0.499245
0.49924493
0.499245
0.49924523
0.49924505
0.49924463
0.49924523
0.49924487
0.4992451
0.4992447
0.49924505
0.49924535
0.49924475
0.4992451
0.49924493
0.49924487
0.49924517
0.499245
0.49924517
0.49924517
0.4992447
0.4992451
0.49924546
0.4992447
0.49924523
0.4992445
0.49924505
0.4992451
0.4992451
0.49924487
0.49924523
0.49924523
0.49924523
0.49924487
0.49924475
0.4992451
0.49924475
0.49924535
0.499245
0.49924487
0.49924487
0.49924487
0.49924535
0.4992451
0.49924523
0.49924403
0.4992451
0.49924493
0.49924493
0.49924523
0.4992451
0.4992444
0.49924523
0.49924523
0.49924463
0.4992451
0.49924546
0.49924523
0.499245
0.4992447
0.49924487
0.4992448
0.49924475
0.499245
0.4992451
0.4992448
0.49924517
0.499245
0.49924517
0.499245
0.499245
0.49924535
0.49924463
0.49924487
0.49924493
0.49924523
0.4992453
0.49924535
0.49924475
0.49924493
0.49924535
0.4992447
0.499245
0.499245
0.49924487
0.499245
0.499245
0.49924523
0.4992451
0.499245
0.4992451
0.499245
0.49924493
0.49924475
0.499245
0.49924517
0.499245
0.49924475
0.49924487
0.49924475
0.49924523
0.4992447
0.49924463
0.49924475
0.49924463
0.49924523
0.4992453
0.4992453
0.49924505
0.49924552
0.49924487
0.49924523
0.49924475
0.499245
0.49924517
0.49924505
0.4992451
0.4992445
0.49924463
0.4992451
0.499245
0.49924618
0.499245
0.4992451
0.49924546
0.4992448
0.4992451
0.49924535
0.49924523
0.49924523
0.49924535
0.49924582
0.49924523
0.49924427
0.4992447
0.4992448
0.4992451
0.499245
0.49924493
0.49924535
0.49924523
0.49924475
0.4992451
0.4992451
0.499245
0.4992451
0.49924505
0.49924517
0.49924487
0.4992451
0.49924535
0.49924523
0.49924493
0.499245
0.4992451
0.49924517
0.49924523
0.49924487
0.49924505
0.4992451
0.4992451
0.49924523
0.49924487
0.49924523
0.4992453
0.499245
0.4992453
0.49924392
0.4992453
0.49924487
0.49924535
0.49924517
0.4992451
0.4992454
0.4992442
0.49924475
0.49924523
0.49924517
0.499245
0.4992451
0.49924588
0.49924427
0.49924523
0.4992453
0.499245
0.49924558
0.49924487
0.49924427
0.49924523
0.4992451
0.4992451
0.49924487
0.499245
0.49924535
0.49924487
0.49924523
0.49924505
0.49924487
0.4992448
0.49924535
0.49924487
0.4992453
0.4992448
0.49924594
0.49924523
0.4992453
0.499245
0.49924523
0.49924535
0.4992445
0.4992451
0.49924487
0.49924487
0.49924475
0.49924505
0.49924475
0.49924475
0.49924505
0.49924475
0.49924535
0.49924487
0.4992451
0.49924535
0.49924505
0.49924475
0.49924487
0.4992453
0.49924523
0.4992451
0.4992444
0.49924487
0.49924475
0.499245
0.49924487
0.499245
0.49924493
0.49924475
0.4992451
0.49924475
0.49924487
0.49924517
0.499245
0.49924475
0.4992451
0.4992451
0.49924523
0.49924445
0.49924403
0.49924487
0.49924505
0.49924505
0.49924523
0.4992451
0.49924487
0.49924463
0.4992451
0.4992451
0.4992454
0.4992451
0.49924523
0.4992447
0.49924523
0.49924523
0.49924523
0.49924523
0.49924487
0.4992451
0.499245
0.4992453
0.4992448
0.49924523
0.499245
0.49924487
0.4992442
0.499245
0.4992451
0.49924487
0.49924505
0.49924463
0.49924558
0.49924505
0.49924523
0.49924487
0.4992448
0.499245
0.49924487
0.49924505
0.499245
0.4992451
0.4992451
0.49924403
0.49924493
0.49924535
0.4992448
0.49924463
0.49924493
0.4992451
0.49924487
0.49924505
0.49924535
0.4992451
0.4992451
0.49924487
0.49924523
0.4992451
0.49924523
0.499245
0.49924487
0.49924517
0.49924487
0.49924475
0.49924487
0.499245
0.4992451
0.49924475
0.4992451
0.49924475
0.4992453
0.49924487
0.49924487
0.49924523
0.4992448
0.499245
0.499245
0.49924487
0.4992451
0.49924505
0.49924535
0.499245
0.4992453
0.4992454
0.49924523
0.4992451
0.4992445
0.49924505
0.49924487
0.4992445
0.49924523
0.49924535
0.499245
0.49924487
0.49924493
0.4992451
0.49924487
0.49924517
0.49924523
0.49924487
0.49924517
0.49924517
0.49924493
0.49924487
0.4992451
0.49924463
0.4992451
0.4992451
0.4992451
0.499245
0.4992451
0.49924523
0.4992453
0.4992453
0.49924493
0.49924523
0.49924463
0.49924523
0.49924505
0.499245
0.49924517
0.4992451
0.49924523
0.49924505
0.4992445
0.49924535
0.499245
0.49924487
0.49924505
0.49924475
0.4992451
0.49924523
0.4992445
0.49924523
0.49924487
0.49924487
0.4992451
0.49924493
0.49924475
0.4992448
0.49924463
0.49924505
0.4992453
0.49924546
0.49924546
0.49924535
0.49924487
0.49924475
0.49924487
0.4992451
0.49924475
0.4992451
0.49924517
0.49924505
0.49924463
0.49924487
0.499245
0.49924535
0.49924487
0.4992451
0.4992448
0.499245
0.49924487
0.4992444
0.4992451
0.49924463
0.49924505
0.4992451
0.49924523
0.49924475
0.4992453
0.49924535
0.49924487
0.49924487
0.49924535
0.49924475
0.49924517
0.49924475
0.49924487
0.49924517
0.49924403
0.49924493
0.499245
0.49924535
0.499245
0.4992445
0.49924487
0.4992451
0.499245
0.49924517
0.49924523
0.499245
0.49924606
0.499245
0.49924523
0.49924523
0.499245
0.49924493
0.49924493
0.49924546
0.49924535
0.499245
0.49924546
0.499245
0.499245
0.49924463
0.4992451
0.49924487
0.4992451
0.49924392
0.4992451
0.49924487
0.4992451
0.49924535
0.49924487
0.49924487
0.49924552
0.49924523
0.49924505
0.499245
0.49924487
0.49924505
0.499245
0.49924517
0.49924505
0.49924493
0.49924487
0.49924487
0.49924487
0.4992447
0.49924463
0.4992448
0.49924475
0.4992451
0.49924487
0.4992451
0.499245
0.499245
0.49924463
0.49924487
0.49924535
0.499245
0.49924487
0.49924487
0.499245
0.499245
0.4992451
0.4992447
0.49924517
0.49924523
0.49924487
0.4992445
0.49924475
0.4992451
0.49924517
0.4992445
0.4992451
0.499245
0.49924487
0.49924523
0.49924523
0.49924487
0.49924475
0.49924535
0.4992451
0.4992451
0.4992451
0.49924487
0.49924535
0.49924487
0.49924523
0.49924487
0.49924493
0.49924517
0.49924505
0.4992451
0.49924463
0.4992454
0.4992451
0.49924517
0.49924517
0.49924546
0.49924523
0.49924475
0.49924475
0.4992457
0.499245
0.49924487
0.4992451
0.49924523
0.49924487
0.4992451
0.4992445
0.49924523
0.49924505
0.49924475
0.4992445
0.499245
0.49924493
0.49924517
0.49924523
0.4992448
0.4992451
0.4992453
0.4992451
0.49924505
0.499245
0.4992451
0.49924523
0.49924487
0.49924487
0.499245
0.49924505
0.49924493
0.4992451
0.4992451
0.4992453
0.49924475
0.49924546
0.49924487
0.49924457
0.49924523
0.49924535
0.499245
0.49924558
0.49924523
0.49924505
0.49924505
0.49924558
0.49924678
0.49924523
0.4992448
0.49924535
0.49924487
0.49924475
0.4992451
0.49924535
0.49924535
0.49924475
0.499245
0.49924475
0.499245
0.499245
0.4992454
0.4992445
0.499245
0.4992453
0.49924493
0.49924523
0.49924546
0.49924204
0.49924517
0.49924523
0.4992451
0.49924487
0.49924535
0.49924487
0.49924493
0.49924487
0.49924487
0.49924475
0.499245
0.4992451
0.4992451
0.49924487
0.4992451
0.49924427
0.4992451
0.4992451
0.49924487
0.49924487
0.49924463
0.49924523
0.49924558
0.49924356
0.4992448
0.4992451
0.4992451
0.49924487
0.49924493
0.49924487
0.49924523
0.49924523
0.4992454
0.49924505
0.49924523
0.49924523
0.49924535
0.4992453
0.4992445
0.49924463
0.4992451
0.49924523
0.49924505
0.4992451
0.49924487
0.4992453
0.499245
0.49924523
0.49924475
0.49924505
0.49924523
0.49924517
0.49924487
0.49924427
0.49924523
0.49924517
0.49924535
0.49924287
0.49924487
0.4992448
0.499245
0.499245
0.4992451
0.4992451
0.49924517
0.4992451
0.49924523
0.49924475
0.4992451
0.49924475
0.49924475
0.49924397
0.49924463
0.49924535
0.49924487
0.49924487
0.49924487
0.49924517
0.49924523
0.49924475
0.49924523
0.49924505
0.499245
0.4992448
0.49924493
0.49924487
0.4992451
0.49924475
0.4992454
0.49924487
0.49924517
0.4992453
0.49924493
0.49924517
0.49924523
0.4992448
0.49924457
0.4992448
0.49924505
0.4992451
0.499245
0.4992448
0.49924487
0.4992451
0.49924523
0.499245
0.49924487
0.49924523
0.49924487
0.4992451
0.49924475
0.4992447
0.49924582
0.49924487
0.4992444
0.49924475
0.49924487
0.499245
0.4992448
0.49924493
0.49924535
0.49924493
0.49924487
0.499245
0.49924505
0.4992453
0.49924535
0.49924427
0.49924487
0.49924487
0.49924505
0.49924523
0.49924582
0.49924523
0.49924517
0.49924487
0.499245
0.49924517
0.499245
0.4992453
0.49924523
0.4992453
0.49924517
0.4992448
0.4992451
0.4992445
0.49924505
0.49924493
0.4992447
0.49924546
0.4992448
0.49924523
0.49924487
0.499245
0.49924487
0.4992451
0.499245
0.49924487
0.49924523
0.499245
0.49924493
0.49924487
0.499245
0.49924535
0.49924523
0.49924463
0.49924487
0.49924487
0.49924517
0.499245
0.49924487
0.49924392
0.4992451
0.4992451
0.49924475
0.49924523
0.49924505
0.4992448
0.49924517
0.4992451
0.49924523
0.49924648
0.499245
0.49924487
0.4992457
0.49924535
0.49924517
0.4992451
0.499245
0.49924535
0.49924505
0.49924216
0.4992448
0.49924487
0.4992451
0.4992448
0.49924475
0.4992451
0.499245
0.499245
0.499245
0.49924475
0.4992453
0.49924487
0.49924523
0.499245
0.499245
0.49924505
0.4992451
0.49924535
0.4992453
0.49924487
0.49924487
0.4992448
0.49924475
0.49924463
0.4992445
0.49924517
0.4992453
0.49924558
0.4992451
0.49924216
0.4992451
0.49924523
0.4992451
0.499245
0.49924487
0.49924576
0.4992448
0.4992451
0.49924493
0.49924505
0.49924487
0.499245
0.4992453
0.49924523
0.4992445
0.49924487
0.499245
0.4992453
0.49924487
0.499245
0.49924505
0.49924475
0.49924505
0.49924487
0.4992451
0.499245
0.4992444
0.49924487
0.49924517
0.49924487
0.49924487
0.4992448
0.49924535
0.499245
0.4992451
0.4992451
0.4992451
0.49924523
0.49924487
0.49924463
0.499245
0.499245
0.4992451
0.499245
0.4992451
0.49924546
0.49924493
0.49924493
0.49924487
0.49924475
0.4992447
0.49924505
0.4992447
0.49924487
0.49924457
0.49924517
0.49924517
0.49924523
0.49924487
0.4992451
0.49924493
0.49924475
0.499245
0.4992457
0.49924487
0.4992453
0.4992451
0.49924487
0.49924523
0.499245
0.49924487
0.49924523
0.49924523
0.49924487
0.4992451
0.4992451
0.49924463
0.49924517
0.499245
0.49924582
0.49924475
0.4992451
0.4992447
0.4992451
0.49924487
0.4992451
0.4992451
0.499245
0.49924523
0.4992451
0.4992451
0.4992451
0.4992451
0.4992445
0.49924475
0.4992451
0.49924463
0.49924505
0.49924487
0.49924487
0.4992453
0.49924523
0.49924487
0.4992448
0.4992451
0.49924523
0.499245
0.49924517
0.49924523
0.499245
0.4992448
0.499245
0.49924487
0.49924487
0.49924523
0.499245
0.49924505
0.49924457
0.4992453
0.499245
0.49924487
0.49924523
0.49924475
0.49924517
0.49924535
0.49924463
0.499245
0.49924433
0.49924463
0.4992454
0.49924505
0.4992445
0.49924523
0.49924487
0.4992453
0.49924505
0.49924487
0.499245
0.49924523
0.49924517
0.4992445
0.499245
0.49924523
0.49924505
0.49924487
0.49924487
0.49924523
0.499245
0.49924523
0.49924493
0.49924523
0.49924487
0.49924505
0.49924523
0.4992451
0.499245
0.49924487
0.499245
0.4992448
0.4992451
0.49924505
0.49924463
0.49924505
0.49924523
0.49924487
0.49924523
0.49924517
0.49924487
0.4992448
0.49924523
0.49924463
0.49924493
0.4992441
0.49924523
0.49924523
0.49924257
0.49924493
0.49924475
0.49924535
0.49924535
0.499246
0.4992451
0.49924505
0.49924487
0.49924505
0.49924415
0.49924546
0.4992451
0.499245
0.49924523
0.49924523
0.49924475
0.49924517
0.49924517
0.4992448
0.499245
0.49924463
0.49924523
0.4992451
0.499245
0.4992451
0.49924523
0.49924517
0.4992457
0.4992453
0.49924493
0.49924427
0.4992451
0.4992451
0.49924523
0.499245
0.4992451
0.4992445
0.49924523
0.49924523
0.49924535
0.49924487
0.49924523
0.49924535
0.4992451
0.49924487
0.49924505
0.499245
0.49924505
0.49924517
0.4992451
0.49924505
0.49924487
0.49924463
0.49924463
0.4992448
0.49924505
0.4992448
0.4992451
0.4992451
0.4992451
0.49924487
0.4992445
0.49924487
0.4992451
0.499245
0.49924523
0.49924523
0.49924487
0.49924463
0.49924505
0.49924546
0.499245
0.49924523
0.49924505
0.49924493
0.499245
0.49924523
0.49924523
0.49924475
0.4992451
0.499245
0.4992453
0.49924487
0.49924487
0.499245
0.49924493
0.49924523
0.4992445
0.49924427
0.4992451
0.4992451
0.49924517
0.499245
0.49924535
0.499245
0.4992448
0.49924505
0.4992451
0.4992453
0.4992451
0.49924535
0.4992453
0.49924493
0.4992451
0.49924517
0.49924523
0.49924517
0.49924517
0.4992451
0.49924487
0.4992453
0.4992451
0.49924487
0.499245
0.49924475
0.49924523
0.499245
0.499245
0.49924535
0.4992451
0.49924463
0.4992453
0.49924487
0.49924487
0.499245
0.4992451
0.4992451
0.49924493
0.49924523
0.49924505
0.49924457
0.49924487
0.4992453
0.49924457
0.49924493
0.4992451
0.49924487
0.49924517
0.4992448
0.4992451
0.4992451
0.4992445
0.49924523
0.4992451
0.49924535
0.49924475
0.49924487
0.49924475
0.49924487
0.49924505
0.4992451
0.49924523
0.49924523
0.4992451
0.499245
0.499245
0.49924523
0.49924558
0.4992451
0.49924475
0.49924487
0.49924487
0.49924493
0.49924505
0.4992451
0.4992451
0.49924517
0.499245
0.49924493
0.499245
0.499245
0.49924487
0.49924487
0.4992451
0.49924487
0.49924487
0.4992451
0.49924505
0.4992438
0.499245
0.4992454
0.4992451
0.4992451
0.49924523
0.499245
0.49924487
0.49924505
0.49924475
0.4992451
0.49924487
0.49924523
0.49924487
0.49924523
0.49924523
0.49924475
0.49924487
0.49924487
0.4992451
0.49924523
0.49924535
0.4992448
0.49924523
0.49924487
0.49924487
0.4992451
0.4992445
0.4992451
0.49924487
0.49924487
0.499245
0.49924487
0.49924523
0.499245
0.49924523
0.4992453
0.49924475
0.49924505
0.4992454
0.499245
0.49924493
0.49924487
0.49924475
0.49924588
0.49924523
0.499245
0.49924427
0.49924505
0.4992451
0.4992453
0.4992451
0.499245
0.49924475
0.49924517
0.49924475
0.49924487
0.49924523
0.4992451
0.49924523
0.49924535
0.49924493
0.49924523
0.49924463
0.49924475
0.4992451
0.499245
0.4992451
0.49924487
0.49924517
0.4992448
0.49924487
0.4992444
0.4992451
0.49924535
0.49924552
0.49924523
0.499245
0.49924487
0.49924523
0.49924487
0.4992448
0.4992451
0.49924487
0.49924535
0.49924487
0.49924487
0.49924535
0.4992451
0.49924493
0.49924487
0.49924487
0.4992451
0.4992457
0.49924523
0.49924493
0.49924275
0.4992448
0.4992451
0.499245
0.499245
0.49924505
0.4992447
0.49924517
0.4992451
0.49924505
0.49924523
0.4992451
0.49924505
0.49924475
0.49924523
0.4992454
0.49924487
0.49924487
0.499245
0.49924475
0.49924505
0.499245
0.4992444
0.49924505
0.49924475
0.49924535
0.49924558
0.4992451
0.49924487
0.49924505
0.49924493
0.49924487
0.49924487
0.49924475
0.49924558
0.499245
0.49924487
0.49924493
0.4992451
0.49924523
0.49924457
0.4992448
0.4992451
0.49924505
0.49924517
0.49924535
0.49924487
0.49924487
0.499245
0.49924487
0.49924487
0.49924535
0.49924445
0.49924475
0.49924505
0.499245
0.4992451
0.49924487
0.49924523
0.49924523
0.49924457
0.49924356
0.49924487
0.4992451
0.499245
0.499245
0.499245
0.4992451
0.49924517
0.49924535
0.49924168
0.499245
0.49924487
0.4992451
0.4992451
0.49924517
0.49924445
0.49924463
0.49924415
0.49924535
0.4992448
0.4992451
0.49924523
0.49924475
0.49924523
0.49924487
0.4992451
0.49924493
0.49924487
0.49924576
0.49924487
0.49924535
0.49924487
0.49924493
0.49924487
0.499245
0.49924523
0.49924463
0.49924517
0.4992451
0.4992451
0.4992447
0.499245
0.499245
0.499245
0.49924475
0.499245
0.4992445
0.49924493
0.4992451
0.49924487
0.4992447
0.49924505
0.49924505
0.49924487
0.49924517
0.4992451
0.49924487
0.49924535
0.4992451
0.49924487
0.4992451
0.49924517
0.49924463
0.49924523
0.49924505
0.49924487
0.49924475
0.49924487
0.49924523
0.4992451
0.499245
0.49924487
0.4992454
0.49924517
0.4992451
0.49924505
0.49924475
0.499245
0.49924517
0.49924523
0.49924523
0.49924487
0.499245
0.49924535
0.49924517
0.49924558
0.49924535
0.49924487
0.499245
0.49924475
0.49924517
0.49924475
0.4992451
0.49924475
0.49924523
0.499245
0.49924523
0.499245
0.49924546
0.49924505
0.4992451
0.49924552
0.499245
0.49924517
0.499245
0.49924487
0.4992451
0.4992451
0.49924487
0.49924487
0.4992451
0.49924487
0.4992448
0.4992451
0.49924523
0.499245
0.49924517
0.4992451
0.4992453
0.49924523
0.49924487
0.4992447
0.499245
0.4992451
0.499245
0.49924523
0.49924505
0.49924487
0.4992451
0.4992451
0.4992448
0.49924505
0.499245
0.49924475
0.49924487
0.4992453
0.49924523
0.499245
0.49924487
0.4992451
0.49924523
0.49924487
0.49924523
0.49924523
0.49924475
0.49924517
0.4992451
0.4992447
0.49924535
0.4992451
0.49924505
0.49924475
0.4992451
0.49924487
0.49924523
0.49924535
0.49924487
0.49924505
0.49924493
0.4992451
0.49924523
0.49924505
0.49924523
0.49924535
0.49924487
0.499245
0.49924487
0.499245
0.49924475
0.499245
0.499245
0.49924475
0.49924523
0.4992454
0.49924535
0.49924517
0.49924505
0.49924517
0.49924487
0.49924487
0.49924487
0.49924523
0.49924475
0.499245
0.49924487
0.4992448
0.49924523
0.49924475
0.49924523
0.49924487
0.4992445
0.4992451
0.49924523
0.499245
0.49924493
0.49924427
0.49924493
0.49924535
0.499245
0.49924475
0.4992451
0.49924517
0.49924535
0.4992451
0.4992451
0.49924487
0.499245
0.49924523
0.499245
0.49924505
0.49924487
0.4992448
0.49924552
0.49924487
0.49924517
0.49924505
0.49924558
0.49924523
0.49924517
0.49924517
0.49924445
0.49924523
0.4992451
0.4992448
0.49924535
0.49924463
0.4992453
0.4992451
0.49924517
0.4992453
0.49924487
0.4992451
0.49924517
0.49924517
0.49924487
0.49924517
0.499245
0.49924523
0.49924475
0.49924487
0.49924487
0.49924558
0.49924535
0.499245
0.49924535
0.49924445
0.499245
0.49924505
0.49924517
0.4992448
0.4992444
0.49924487
0.499245
0.49924475
0.49924523
0.49924487
0.49924463
0.49924535
0.4992448
0.4992451
0.49924487
0.49924505
0.4992448
0.49924523
0.49924493
0.4992451
0.49924493
0.49924475
0.4992448
0.49924487
0.49924546
0.49924493
0.4992451
0.499245
0.4992453
0.4992448
0.49924457
0.4992454
0.49924493
0.49924487
0.499245
0.4992448
0.499245
0.499245
0.49924517
0.4992448
0.49924523
0.49924523
0.499245
0.499245
0.499245
0.49924523
0.49924523
0.4992451
0.4992451
0.4992451
0.49924535
0.49924517
0.49924487
0.49924487
0.49924523
0.49924535
0.49924493
0.49924535
0.49924517
0.49924493
0.49924487
0.4992444
0.49924523
0.49924475
0.49924523
0.4992451
0.49924493
0.4992442
0.49924403
0.49924475
0.49924487
0.499245
0.4992451
0.49924487
0.49924487
0.4992447
0.4992451
0.49924493
0.49924487
0.49924475
0.49924517
0.49924523
0.499245
0.499245
0.4992457
0.49924493
0.49924493
0.49924546
0.49924487
0.49924475
0.49924493
0.499245
0.4992438
0.49924535
0.4992453
0.49924523
0.49924517
0.49924523
0.49924505
0.49924487
0.49924505
0.49924463
0.4992451
0.49924523
0.49924558
0.49924487
0.49924523
0.49924523
0.49924505
0.499245
0.49924475
0.499245
0.49924463
0.4992451
0.4992453
0.4992448
0.49924523
0.49924487
0.49924505
0.49924487
0.499245
0.49924505
0.49924487
0.49924487
0.49924523
0.49924505
0.49924487
0.49924493
0.49924535
0.49924493
0.49924523
0.49924517
0.49924487
0.49924505
0.49924517
0.49924487
0.49924523
0.49924523
0.4992451
0.49924773
0.499245
0.499245
0.49924463
0.4992448
0.49924487
0.49924487
0.4992451
0.4992451
0.49924487
0.4992448
0.49924523
0.49924505
0.499245
0.49924523
0.4992451
0.49924535
0.49924523
0.49924475
0.49924535
0.499245
0.49924523
0.49924487
0.49924487
0.49924523
0.4992451
0.4992445
0.499245
0.4992445
0.49924517
0.499245
0.49924523
0.4992451
0.49924523
0.49924475
0.49924487
0.49924475
0.4992451
0.49924505
0.49924475
0.49924535
0.499245
0.49924475
0.4992451
0.4992448
0.4992453
0.49924493
0.49924523
0.49924445
0.499245
0.49924505
0.49924523
0.49924463
0.49924475
0.499245
0.4992453
0.49924546
0.4992448
0.49924475
0.499245
0.49924487
0.49924493
0.4992451
0.49924487
0.49924487
0.49924493
0.49924523
0.49924475
0.499245
0.49924487
0.49924463
0.499245
0.4992451
0.4992451
0.49924505
0.49924493
0.4992451
0.4992451
0.49924523
0.49924487
0.49924487
0.49924463
0.4992451
0.4992448
0.49924546
0.49924344
0.49924487
0.49924523
0.49924487
0.4992451
0.49924427
0.49924576
0.4992451
0.49924493
0.49924523
0.4992451
0.4992447
0.49924523
0.49924487
0.499245
0.49924487
0.4992451
0.49924487
0.499245
0.49924523
0.49924487
0.4992453
0.49924475
0.49924505
0.49924487
0.4992451
0.49924463
0.4992453
0.49924487
0.4992451
0.4992451
0.499245
0.49924475
0.49924475
0.49924523
0.49924535
0.4992451
0.49924487
0.4992451
0.49924523
0.49924493
0.49924433
0.49924517
0.49924523
0.499245
0.499245
0.49924505
0.49924457
0.49924487
0.49924523
0.49924487
0.49924487
0.49924487
0.49924475
0.49924523
0.49924487
0.49924523
0.4992451
0.4992448
0.4992453
0.4992448
0.49924487
0.4992451
0.4992453
0.49924487
0.49924517
0.4992448
0.49924523
0.49924487
0.499245
0.49924505
0.499245
0.49924535
0.49924523
0.49924445
0.49924564
0.4992445
0.49924487
0.4992453
0.499245
0.49924457
0.49924487
0.49924505
0.49924666
0.49924517
0.4992451
0.49924487
0.499245
0.4992451
0.49924475
0.499245
0.499245
0.49924463
0.49924487
0.499245
0.499245
0.4992444
0.4992448
0.4992454
0.49924523
0.499245
0.49924523
0.49924493
0.49924517
0.4992448
0.49924517
0.49924517
0.49924535
0.499245
0.49924523
0.4992453
0.49924535
0.49924523
0.49924493
0.4992451
0.4992451
0.499245
0.49924487
0.4992448
0.49924523
0.49924487
0.4992451
0.499245
0.49924517
0.49924487
0.4992451
0.49924523
0.49924475
0.49924523
0.49924564
0.4992451
0.499245
0.4992451
0.499245
0.49924463
0.49924517
0.49924463
0.499245
0.4992451
0.49924523
0.49924457
0.4992451
0.49924523
0.499245
0.49924475
0.49924523
0.499245
0.49924523
0.499245
0.4992451
0.49924493
0.49924332
0.49924487
0.4992444
0.49924523
0.4992451
0.49924523
0.4992448
0.499245
0.49924487
0.49924487
0.49924475
0.49924427
0.49924517
0.4992447
0.49924475
0.49924505
0.499245
0.49924523
0.49924487
0.49924493
0.49924535
0.49924523
0.49924517
0.49924517
0.4992451
0.4992453
0.499245
0.4992451
0.49924493
0.49924523
0.499245
0.49924487
0.49924558
0.49924493
0.499245
0.499245
0.49924505
0.49924487
0.4992451
0.4992448
0.4992451
0.4992448
0.49924535
0.49924487
0.4992451
0.49924487
0.49924546
0.49924493
0.49924493
0.4992451
0.49924517
0.499245
0.49924517
0.49924505
0.499245
0.49924523
0.49924517
0.4992451
0.49924546
0.49924523
0.49924523
0.49924517
0.4992451
0.49924588
0.49924523
0.49924517
0.499245
0.4992448
0.49924535
0.49924523
0.499245
0.49924517
0.49924427
0.49924463
0.49924475
0.49924523
0.4992454
0.4992445
0.4992451
0.49924517
0.49924487
0.49924523
0.4992447
0.4992451
0.4992451
0.49924475
0.49924487
0.49924487
0.49924487
0.49924433
0.4992451
0.49924487
0.49924523
0.49924505
0.49924493
0.49924415
0.49924523
0.4992451
0.49924475
0.49924535
0.49924517
0.49924475
0.49924546
0.49924487
0.49924487
0.4992451
0.4992451
0.49924463
0.499245
0.49924517
0.49924487
0.499245
0.49924535
0.499245
0.49924487
0.49924535
0.49924493
0.49924493
0.4992451
0.499245
0.49924523
0.49924487
0.4992448
0.499245
0.49924457
0.499245
0.49924475
0.49924487
0.499245
0.49924523
0.499245
0.4992451
0.499245
0.49924523
0.4992451
0.49924505
0.49924505
0.4992453
0.499245
0.49924523
0.49924463
0.4992451
0.49924487
0.4992451
0.49924487
0.49924487
0.49924523
0.49924523
0.4992451
0.499245
0.49924487
0.499245
0.49924493
0.4992451
0.49924487
0.4992451
0.4992448
0.49924487
0.499245
0.4992451
0.49924523
0.49924517
0.49924487
0.49924487
0.49924475
0.49924523
0.499245
0.4992453
0.49924463
0.49924535
0.49924487
0.49924463
0.49924475
0.49924487
0.4992451
0.49924517
0.4992451
0.49924463
0.49924487
0.49924487
0.49924517
0.4992451
0.49924463
0.4992451
0.49924535
0.49924523
0.499245
0.499245
0.49924606
0.499245
0.499245
0.49924475
0.49924487
0.499245
0.49924558
0.49924487
0.49924487
0.49924517
0.49924463
0.4992447
0.49924523
0.49924523
0.4992451
0.49924523
0.49924487
0.499245
0.4992451
0.49924505
0.49924487
0.49924517
0.49924517
0.49924523
0.49924493
0.4992451
0.49924505
0.49924505
0.49924487
0.4992451
0.49924457
0.4992445
0.49924505
0.4992453
0.49924463
0.499245
0.499245
0.49924487
0.49924535
0.4992451
0.49924463
0.4992451
0.49924523
0.4992453
0.49924457
0.49924475
0.499245
0.4992447
0.49924487
0.4992451
0.4992451
0.49924475
0.49924433
0.49924445
0.4992451
0.4992451
0.499245
0.49924368
0.49924517
0.4992448
0.49924505
0.49924523
0.49924487
0.4992451
0.49924475
0.4992451
0.49924505
0.49924505
0.49924475
0.49924517
0.49924558
0.4992451
0.49924523
0.499245
0.49924463
0.499245
0.499245
0.49924493
0.4992451
0.49924523
0.49924505
0.49924523
0.49924523
0.49924487
0.4992448
0.499245
0.49924475
0.49924475
0.49924517
0.49924475
0.49924475
0.49924535
0.49924523
0.49924523
0.499245
0.49924487
0.49924487
0.4992451
0.499245
0.49924487
0.4992457
0.49924487
0.49924523
0.499245
0.49924475
0.49924523
0.49924523
0.4992451
0.49924517
0.49924475
0.49924487
0.49924493
0.499245
0.49924517
0.49924523
0.49924493
0.49924523
0.4992453
0.49924505
0.4992451
0.49924535
0.49924517
0.499245
0.49924475
0.4992454
0.49924487
0.49924463
0.4992451
0.49924487
0.4992451
0.49924505
0.49924505
0.4992445
0.49924523
0.4992451
0.49924487
0.4992451
0.49924523
0.499245
0.4992451
0.49924523
0.4992451
0.49924517
0.49924535
0.49924523
0.49924523
0.4992451
0.499245
0.49924493
0.49924505
0.4992451
0.4992457
0.49924535
0.4992451
0.49924493
0.4992451
0.499245
0.49924487
0.49924523
0.49924535
0.49924487
0.499245
0.49924505
0.4992453
0.49924535
0.49924523
0.49924523
0.49924487
0.49924558
0.49924475
0.49924487
0.49924505
0.4992448
0.49924475
0.49924523
0.49924523
0.49924517
0.4992453
0.4992451
0.49924463
0.49924463
0.4992451
0.49924523
0.4992451
0.49924558
0.49924546
0.49924517
0.49924475
0.4992451
0.49924535
0.4992451
0.49924475
0.49924535
0.49924535
0.49924523
0.4992451
0.49924493
0.49924487
0.4992451
0.49924487
0.49924523
0.4992454
0.49924505
0.4992445
0.49924475
0.49924457
0.49924517
0.49924493
0.49924487
0.49924493
0.49924475
0.49924517
0.49924427
0.49924546
0.49924517
0.499245
0.49924505
0.4992451
0.49924475
0.49924487
0.49924475
0.49924535
0.49924475
0.499245
0.49924505
0.49924487
0.49924475
0.4992451
0.49924517
0.4992451
0.49924493
0.499245
0.49924475
0.49924505
0.4992454
0.49924535
0.49924546
0.49924445
0.4992442
0.49924523
0.49924523
0.499245
0.49924535
0.499245
0.49924445
0.49924493
0.4992448
0.499245
0.4992444
0.49924523
0.499245
0.49924487
0.49924523
0.499245
0.49924535
0.499245
0.49924493
0.49924493
0.49924475
0.499245
0.49924523
0.4992451
0.499245
0.49924475
0.499245
0.4992453
0.49924523
0.4992451
0.49924493
0.49924523
0.49924535
0.49924523
0.499245
0.49924523
0.4992448
0.499245
0.499245
0.49924487
0.49924487
0.499245
0.4992448
0.4992451
0.49924463
0.49924487
0.4992451
0.499245
0.499245
0.49924505
0.49924517
0.49924523
0.49924493
0.49924487
0.49924493
0.4992451
0.49924493
0.49924523
0.499245
0.499245
0.4992451
0.499245
0.49924487
0.49924523
0.49924517
0.49924523
0.49924493
0.49924475
0.49924523
0.49924564
0.49924505
0.4992451
0.49924505
0.49924487
0.4992451
0.49924523
0.49924517
0.4992451
0.49924463
0.49924475
0.499245
0.49924505
0.49924535
0.49924523
0.49924517
0.499245
0.49924487
0.499245
0.499245
0.49924493
0.49924493
0.49924523
0.49924487
0.49924535
0.499245
0.4992451
0.49924535
0.49924523
0.499245
0.4992451
0.49924523
0.499245
0.49924487
0.49924505
0.49924487
0.499245
0.49924457
0.49924523
0.49924552
0.49924457
0.49924487
0.49924606
0.49924505
0.499245
0.49924463
0.49924523
0.49924517
0.49924487
0.49924523
0.49924523
0.49924523
0.4992451
0.49924475
0.499245
0.499245
0.49924523
0.499245
0.49924535
0.49924463
0.4992448
0.4992453
0.49924517
0.4992451
0.49924487
0.49924523
0.49924493
0.49924523
0.499245
0.49924535
0.4992451
0.499245
0.49924546
0.49924546
0.499245
0.49924475
0.49924523
0.49924517
0.49924487
0.499245
0.4992451
0.49924487
0.4992448
0.4992451
0.49924517
0.49924487
0.49924535
0.4992448
0.49924505
0.4992451
0.49924457
0.49924487
0.4992451
0.4992453
0.49924535
0.4992451
0.49924415
0.49924523
0.49924493
0.49924475
0.49924487
0.49924463
0.49924505
0.4992453
0.49924517
0.49924493
0.49924505
0.49924523
0.49924523
0.4992451
0.49924505
0.49924487
0.49924475
0.49924487
0.49924487
0.4992451
0.4992451
0.49924505
0.499245
0.49924523
0.4992447
0.499245
0.4992451
0.49924558
0.499245
0.49924535
0.4992445
0.49924523
0.49924523
0.49924505
0.499245
0.49924493
0.4992448
0.49924558
0.499245
0.49924487
0.4992451
0.4992457
0.4992451
0.49924487
0.49924517
0.4992451
0.4992451
0.4992447
0.4992445
0.4992451
0.499245
0.49924487
0.499245
0.4992447
0.4992451
0.49924517
0.49924523
0.49924523
0.49924475
0.49924523
0.49924517
0.49924523
0.499245
0.49924523
0.4992451
0.49924475
0.49924558
0.49924523
0.499245
0.49924487
0.49924505
0.49924493
0.49924487
0.49924523
0.49924463
0.499245
0.4992453
0.4992453
0.49924487
0.49924523
0.49924535
0.49924523
0.49924487
0.49924523
0.499245
0.499245
0.49924493
0.49924475
0.49924463
0.4992451
0.49924523
0.49924523
0.49924475
0.49924505
0.49924523
0.49924505
0.4992451
0.49924475
0.49924487
0.49924552
0.499245
0.4992451
0.49924517
0.49924427
0.49924493
0.49924535
0.49924487
0.49924493
0.499245
0.49924535
0.4992451
0.49924457
0.49924546
0.499245
0.49924523
0.4992451
0.49924475
0.499245
0.4992451
0.49924505
0.499245
0.4992445
0.4992451
0.49924594
0.4992451
0.49924463
0.4992451
0.49924505
0.49924475
0.49924558
0.4992451
0.499245
0.49924475
0.49924493
0.49924535
0.49924505
0.4992451
0.49924487
0.49924546
0.49924505
0.499245
0.4992451
0.49924517
0.49924487
0.49924475
0.4992453
0.49924487
0.499245
0.4992451
0.4992457
0.4992451
0.4992451
0.499245
0.4992445
0.49924523
0.49924505
0.49924368
0.4992451
0.49924487
0.49924463
0.4992451
0.49924493
0.499245
0.49924475
0.4992448
0.49924523
0.49924487
0.4992438
0.49924475
0.49924523
0.49924523
0.4992451
0.4992451
0.49924505
0.49924505
0.49924535
0.4992454
0.49924487
0.49924487
0.499245
0.49924487
0.49924475
0.499245
0.49924535
0.4992448
0.4992451
0.499245
0.4992451
0.4992451
0.49924475
0.49924487
0.4992448
0.49924535
0.49924523
0.49924487
0.49924523
0.499245
0.49924517
0.4992447
0.499245
0.49924463
0.49924487
0.49924427
0.49924475
0.49924517
0.49924505
0.49924535
0.49924523
0.49924517
0.49924505
0.49924475
0.49924493
0.49924493
0.49924517
0.499245
0.49924475
0.4992453
0.49924457
0.49924546
0.4992451
0.4992448
0.49924487
0.49924487
0.49924523
0.49924523
0.499245
0.49924493
0.49924535
0.499245
0.499245
0.4992451
0.4992454
0.49924487
0.49924558
0.4992454
0.49924475
0.49924487
0.4992451
0.4992451
0.49924487
0.49924487
0.4992448
0.49924487
0.4992453
0.4992451
0.49924517
0.49924493
0.4992451
0.4992451
0.4992451
0.4992451
0.499245
0.49924475
0.499245
0.49924505
0.49924535
0.49924523
0.49924493
0.499245
0.49924493
0.49924487
0.49924487
0.499245
0.49924523
0.499245
0.4992454
0.49924487
0.49924517
0.4992451
0.4992451
0.4992451
0.4992418
0.49924517
0.49924517
0.499245
0.49924487
0.4992445
0.49924463
0.4992447
0.49924523
0.4992451
0.4992451
0.49924475
0.49924368
0.49924517
0.4992451
0.499245
0.4992453
0.49924463
0.49924505
0.4992447
0.49924475
0.4992451
0.4992451
0.49924523
0.49924517
0.499245
0.4992448
0.49924535
0.49924487
0.49924493
0.49924463
0.4992445
0.4992453
0.49924546
0.49924517
0.499245
0.49924505
0.49924487
0.4992451
0.49924475
0.49924493
0.49924517
0.4992445
0.4992448
0.49924523
0.49924523
0.49924487
0.49924427
0.499245
0.49924517
0.49924475
0.499245
0.4992451
0.49924487
0.499245
0.49924493
0.49924463
0.49924523
0.49924517
0.4992451
0.4992451
0.49924546
0.4992448
0.49924535
0.49924505
0.499245
0.49924463
0.499245
0.49924487
0.4992451
0.49924487
0.49924487
0.4992451
0.49924505
0.49924517
0.49924523
0.49924487
0.49924505
0.49924493
0.499245
0.49924517
0.4992453
0.49924487
0.4992451
0.49924523
0.49924463
0.49924475
0.49924523
0.49924505
0.49924487
0.4992451
0.49924523
0.49924505
0.49924523
0.4992453
0.499245
0.49924487
0.4992451
0.49924493
0.49924535
0.4992448
0.499245
0.49924517
0.49924517
0.49924487
0.49924487
0.49924487
0.4992445
0.4992457
0.49924517
0.49924535
0.49924487
0.49924505
0.49924487
0.4992448
0.49924475
0.4992451
0.4992451
0.49924523
0.49924493
0.4992451
0.49924535
0.499245
0.499245
0.499245
0.4992451
0.4992453
0.4992448
0.4992451
0.499245
0.49924535
0.49924475
0.4992447
0.49924523
0.49924505
0.4992451
0.49924457
0.49924493
0.49924523
0.49924487
0.4992451
0.499245
0.49924505
0.4992451
0.499245
0.49924535
0.49924493
0.499245
0.49924475
0.4992444
0.49924493
0.49924517
0.49924517
0.4992453
0.49924505
0.4992448
0.4992447
0.49924463
0.4992447
0.49924487
0.4992448
0.49924523
0.4992451
0.4992451
0.49924535
0.49924517
0.49924493
0.49924505
0.49924523
0.49924535
0.499245
0.49924523
0.49924475
0.4992448
0.49924475
0.49924487
0.4992451
0.49924523
0.499245
0.499245
0.49924487
0.49924523
0.49924493
0.49924475
0.49924523
0.4992453
0.4992448
0.49924523
0.49924517
0.499245
0.49924487
0.49924475
0.499245
0.499245
0.49924487
0.49924517
0.499245
0.499245
0.49924475
0.49924493
0.49924517
0.4992451
0.4992451
0.499245
0.49924535
0.49924523
0.4992448
0.49924493
0.499245
0.49924487
0.49924558
0.49924475
0.499245
0.499245
0.49924505
0.49924463
0.49924475
0.4992447
0.49924517
0.49924493
0.49924523
0.49924463
0.4992448
0.49924475
0.49924475
0.4992451
0.49924517
0.499245
0.4992445
0.49924558
0.49924523
0.49924546
0.49924523
0.4992451
0.49924415
0.49924493
0.49924475
0.4992448
0.49924535
0.4992448
0.49924546
0.49924517
0.49924523
0.4992453
0.4992451
0.49924523
0.49924517
0.49924493
0.49924558
0.49924487
0.4992451
0.49924535
0.49924493
0.4992453
0.4992444
0.49924523
0.49924475
0.49924535
0.4992451
0.4992445
0.4992451
0.49924523
0.4992448
0.4992451
0.49924487
0.4992451
0.49924487
0.49924487
0.4992451
0.4992451
0.499245
0.49924523
0.49924523
0.4992448
0.49924487
0.499245
0.499245
0.499245
0.4992451
0.4992451
0.49924505
0.49924463
0.49924487
0.4992453
0.49924475
0.49924523
0.49924505
0.49924523
0.49924487
0.4992451
0.4992445
0.49924517
0.49924493
0.49924523
0.49924487
0.49924493
0.49924463
0.49924475
0.49924493
0.49924493
0.4992451
0.49924433
0.499245
0.4992448
0.49924362
0.49924475
0.49924523
0.49924475
0.49924523
0.499245
0.499245
0.49924487
0.49924523
0.49924505
0.49924558
0.4992451
0.49924487
0.49924523
0.49924487
0.4992448
0.49924487
0.4992447
0.49924493
0.4992447
0.4992451
0.4992448
0.49924493
0.49924505
0.499245
0.4992451
0.49924487
0.49924463
0.49924523
0.49924517
0.49924427
0.499245
0.49924523
0.49924523
0.4992457
0.49924523
0.499245
0.4992451
0.49924523
0.49924445
0.4992453
0.49924523
0.4992451
0.4992457
0.49924523
0.499245
0.49924475
0.4992448
0.49924487
0.49924487
0.4992451
0.49924505
0.499245
0.4992451
0.4992451
0.49924487
0.49924463
0.49924475
0.49924487
0.49924487
0.49924546
0.499245
0.49924523
0.4992451
0.4992451
0.4992454
0.499245
0.49924517
0.49924523
0.49924475
0.4992454
0.4992451
0.4992447
0.499245
0.49924493
0.49924493
0.49924493
0.49924475
0.4992445
0.49924535
0.4992451
0.499245
0.49924535
0.49924517
0.49924487
0.4992451
0.49924475
0.49924415
0.499245
0.49924517
0.499245
0.4992451
0.49924475
0.4992451
0.499245
0.499245
0.49924505
0.49924493
0.49924344
0.4992451
0.4992444
0.49924505
0.4992451
0.49924493
0.49924535
0.4992451
0.49924558
0.4992451
0.4992451
0.4992451
0.4992447
0.49924475
0.4992451
0.4992451
0.4992457
0.4992451
0.4992451
0.4992451
0.49924493
0.49924463
0.49924535
0.4992451
0.4992447
0.49924487
0.49924475
0.49924487
0.49924517
0.49924517
0.49924546
0.49924558
0.4992451
0.499245
0.499245
0.4992451
0.4992445
0.49924427
0.4992451
0.499245
0.499245
0.49924475
0.49924445
0.49924517
0.49924517
0.49924487
0.49924493
0.49924535
0.49924493
0.49924487
0.49924487
0.49924487
0.49924517
0.49924535
0.49924493
0.49924523
0.499245
0.49924505
0.49924546
0.499245
0.4992451
0.49924493
0.4992451
0.499245
0.4992453
0.49924493
0.49924475
0.499245
0.49924546
0.49924523
0.499245
0.49924535
0.499245
0.49924487
0.499245
0.499245
0.499245
0.49924517
0.49924523
0.4992451
0.49924487
0.4992451
0.49924552
0.49924463
0.4992454
0.49924487
0.49924487
0.49924505
0.49924535
0.4992447
0.49924403
0.4992451
0.499245
0.49924487
0.49924505
0.49924523
0.49924487
0.4992451
0.4992451
0.499245
0.4992451
0.49924523
0.499245
0.49924392
0.499245
0.499245
0.49924487
0.4992453
0.4992451
0.49924493
0.4992454
0.49924487
0.49924546
0.49924523
0.4992444
0.49924523
0.49924523
0.49924463
0.49924523
0.4992453
0.49924463
0.49924517
0.49924535
0.49924487
0.49924487
0.49924338
0.49924517
0.49924463
0.49924582
0.49924517
0.4992451
0.49924523
0.49924463
0.49924523
0.49924517
0.49924523
0.4992453
0.49924523
0.49924535
0.49924493
0.4992444
0.499245
0.49924523
0.49924475
0.4992453
0.4992451
0.49924475
0.4992451
0.4992451
0.4992451
0.4992451
0.4992451
0.4992451
0.4992451
0.49924493
0.499245
0.499245
0.49924463
0.49924487
0.49924487
0.49924487
0.499245
0.4992453
0.4992451
0.49924487
0.49924487
0.49924523
0.49924487
0.4992451
0.49924535
0.49924487
0.49924523
0.4992451
0.49924523
0.4992448
0.49924493
0.4992451
0.49924523
0.4992453
0.49924487
0.49924475
0.49924487
0.499245
0.4992451
0.49924505
0.4992451
0.499245
0.4992451
0.49924487
0.49924517
0.499245
0.49924487
0.49924487
0.49924523
0.4992451
0.49924487
0.49924517
0.49924523
0.4992451
0.4992445
0.49924463
0.499245
0.49924523
0.4992451
0.49924475
0.4992451
0.49924487
0.49924392
0.49924487
0.499245
0.49924487
0.49924505
0.49924475
0.49924523
0.4992451
0.49924493
0.49924475
0.49924523
0.4992448
0.49924463
0.4992451
0.49924475
0.4992448
0.49924505
0.49924523
0.49924487
0.4992451
0.4992451
0.499245
0.49924487
0.49924535
0.499245
0.4992441
0.49924523
0.4992451
0.49924523
0.49924487
0.49924523
0.49924475
0.49924558
0.49924475
0.49924505
0.49924535
0.49924523
0.49924487
0.49924517
0.49924523
0.49924523
0.49924356
0.49924505
0.49924487
0.49924523
0.49924594
0.49924487
0.4992448
0.49924523
0.499245
0.49924487
0.4992451
0.4992451
0.49924487
0.4992451
0.4992451
0.4992438
0.49924523
0.49924523
0.4992445
0.49924475
0.4992451
0.49924487
0.49924523
0.4992451
0.4992451
0.49924463
0.49924594
0.4992453
0.49924523
0.49924523
0.49924487
0.4992447
0.49924487
0.49924493
0.49924523
0.49924487
0.49924487
0.4992451
0.4992451
0.49924487
0.4992451
0.49924487
0.4992454
0.4992451
0.49924487
0.4992451
0.49924475
0.49924487
0.4992453
0.49924487
0.4992451
0.4992451
0.49924487
0.499245
0.499245
0.4992451
0.4992451
0.49924523
0.499245
0.49924505
0.49924505
0.49924523
0.49924505
0.49924523
0.49924523
0.49924487
0.49924487
0.4992448
0.49924523
0.4992451
0.49924487
0.4992451
0.4992451
0.49924535
0.49924523
0.4992451
0.49924618
0.499245
0.49924475
0.49924552
0.49924517
0.4992451
0.49924505
0.49924576
0.49924523
0.49924487
0.49924493
0.49924475
0.499245
0.49924463
0.49924523
0.49924523
0.49924523
0.49924523
0.4992451
0.4992453
0.49924517
0.4992451
0.49924505
0.49924535
0.49924523
0.4992445
0.49924487
0.49924505
0.499245
0.49924487
0.4992453
0.49924552
0.49924505
0.499245
0.49924505
0.49924523
0.49924517
0.4992457
0.49924493
0.499245
0.49924594
0.49924332
0.499245
0.499245
0.49924523
0.49924433
0.499245
0.499245
0.49924576
0.49924535
0.4992451
0.49924475
0.499245
0.499245
0.49924517
0.49924487
0.49924487
0.499245
0.49924463
0.4992448
0.49924517
0.49924493
0.49924457
0.49924523
0.49924493
0.499245
0.49924463
0.499245
0.49924475
0.49924523
0.4992451
0.499245
0.4992448
0.4992432
0.49924493
0.49924493
0.49924523
0.49924523
0.49924523
0.49924415
0.499245
0.49924487
0.49924523
0.49924493
0.499245
0.49924493
0.4992451
0.499245
0.4992451
0.4992448
0.4992451
0.49924475
0.49924523
0.499245
0.49924475
0.4992451
0.4992445
0.49924523
0.49924487
0.49924493
0.49924493
0.4992451
0.4992451
0.49924588
0.49924517
0.499245
0.49924558
0.49924487
0.49924475
0.49924505
0.4992451
0.49924523
0.49924344
0.4992451
0.49924523
0.4992453
0.49924493
0.49924475
0.4992451
0.49924487
0.4992451
0.4992451
0.49924493
0.49924475
0.49924487
0.49924487
0.49924523
0.49924487
0.4992451
0.49924523
0.4992451
0.49924523
0.4992454
0.49924523
0.49924487
0.49924475
0.49924487
0.49924523
0.49924517
0.49924535
0.499245
0.49924505
0.4992448
0.49924487
0.49924535
0.4992451
0.49924505
0.49924517
0.49924463
0.49924523
0.499245
0.499245
0.49924463
0.499245
0.4992448
0.49924535
0.49924493
0.4992451
0.4992451
0.4992451
0.499245
0.49924535
0.49924535
0.49924487
0.4992448
0.499245
0.49924535
0.4992451
0.499245
0.49924493
0.4992451
0.49924487
0.49924523
0.4992448
0.499245
0.49924517
0.4992448
0.49924487
0.49924475
0.49924517
0.49924523
0.499245
0.4992451
0.49924505
0.49924487
0.49924493
0.499245
0.49924433
0.4992451
0.49924523
0.49924487
0.4992445
0.49924487
0.49924523
0.49924415
0.499245
0.4992451
0.4992451
0.4992451
0.499245
0.4992454
0.49924535
0.49924493
0.4992451
0.49924368
0.49924517
0.49924493
0.49924463
0.49924523
0.49924523
0.49924487
0.49924523
0.49924517
0.49924505
0.49924487
0.49924535
0.49924535
0.4992451
0.49924523
0.49924523
0.49924487
0.49924487
0.49924654
0.49924463
0.49924505
0.4992442
0.49924493
0.49924487
0.49924487
0.49924487
0.49924517
0.49924535
0.49924463
0.499245
0.49924463
0.49924517
0.49924475
0.49924487
0.49924463
0.499245
0.49924493
0.49924493
0.4992451
0.4992451
0.49924475
0.499245
0.49924517
0.49924475
0.49924487
0.49924517
0.49924475
0.49924493
0.49924463
0.4992447
0.49924523
0.4992451
0.49924517
0.49924493
0.4992451
0.49924475
0.49924552
0.49924546
0.49924493
0.49924487
0.49924457
0.4992453
0.4992448
0.499245
0.49924475
0.499245
0.49924523
0.49924487
0.49924523
0.49924523
0.4992453
0.49924517
0.4992453
0.499245
0.4992447
0.49924523
0.49924487
0.49924475
0.4992451
0.4992448
0.49924505
0.499245
0.49924546
0.4992445
0.49924546
0.4992451
0.49924523
0.49924475
0.49924535
0.4992448
0.49924487
0.49924505
0.4992451
0.49924523
0.49924487
0.499245
0.499245
0.4992451
0.499245
0.49924445
0.4992448
0.49924523
0.499245
0.49924386
0.49924475
0.4992451
0.49924523
0.49924523
0.49924523
0.49924487
0.49924487
0.49924475
0.4992453
0.49924535
0.4992451
0.499245
0.49924487
0.4992447
0.49924463
0.499245
0.49924535
0.49924535
0.49924558
0.4992451
0.4992457
0.4992451
0.4992448
0.49924535
0.49924487
0.49924505
0.49924487
0.49924487
0.49924535
0.49924475
0.49924523
0.4992451
0.49924523
0.49924487
0.49924517
0.4992451
0.49924487
0.49924505
0.499245
0.49924475
0.49924505
0.4992451
0.4992451
0.4992451
0.49924463
0.49924487
0.49924487
0.49924487
0.49924475
0.49924487
0.4992447
0.499245
0.499245
0.4992448
0.49924546
0.49924505
0.49924523
0.49924517
0.49924535
0.4992451
0.4992451
0.49924475
0.4992451
0.49924487
0.49924487
0.49924523
0.49924523
0.4992447
0.4992448
0.4992451
0.49924523
0.499245
0.499245
0.499245
0.49924523
0.49924487
0.4992453
0.49924535
0.49924535
0.49924463
0.4992451
0.4992451
0.4992453
0.49924475
0.4992453
0.4992451
0.49924523
0.4992447
0.49924517
0.49924487
0.49924493
0.49924517
0.49924487
0.4992451
0.49924523
0.4992451
0.499245
0.4992451
0.499245
0.499245
0.49924487
0.49924517
0.49924475
0.49924535
0.49924517
0.499245
0.49924487
0.4992448
0.49924678
0.4992451
0.49924546
0.49924523
0.499245
0.49924523
0.49924505
0.49924493
0.49924475
0.4992451
0.4992451
0.49924487
0.49924487
0.4992451
0.49924517
0.49924475
0.49924475
0.49924505
0.49924517
0.49924493
0.49924475
0.49924487
0.4992448
0.499245
0.49924475
0.49924475
0.4992451
0.499245
0.49924546
0.49924493
0.49924535
0.49924487
0.499245
0.4992447
0.49924517
0.49924523
0.49924594
0.4992451
0.4992448
0.499245
0.4992451
0.49924487
0.4992447
0.4992447
0.49924493
0.49924523
0.49924415
0.4992451
0.4992451
0.49924493
0.499245
0.49924523
0.4992451
0.49924523
0.49924546
0.49924493
0.499245
0.49924523
0.49924517
0.499245
0.49924523
0.49924487
0.49924523
0.49924523
0.49924475
0.4992448
0.49924517
0.49924517
0.49924493
0.49924487
0.4992451
0.4992447
0.49924523
0.49924493
0.49924487
0.49924487
0.4992451
0.499245
0.4992451
0.499245
0.49924463
0.49924535
0.49924475
0.49924535
0.49924505
0.49924517
0.4992447
0.49924493
0.49924475
0.49924493
0.49924475
0.499245
0.49924666
0.49924505
0.49924523
0.49924487
0.499245
0.49924493
0.4992447
0.49924552
0.49924493
0.499245
0.49924487
0.49924487
0.49924523
0.4992451
0.499245
0.4992451
0.49924535
0.49924487
0.49924523
0.49924487
0.4992451
0.49924475
0.49924517
0.4992448
0.4992451
0.49924523
0.4992447
0.49924517
0.499245
0.499245
0.4992451
0.49924523
0.49924535
0.49924493
0.49924487
0.49924523
0.49924523
0.49924493
0.49924475
0.49924535
0.49924475
0.49924523
0.49924487
0.499245
0.4992451
0.4992451
0.4992451
0.49924523
0.49924535
0.49924487
0.49924475
0.499245
0.499245
0.49924487
0.49924546
0.49924523
0.4992454
0.49924523
0.49924487
0.499245
0.49924493
0.499245
0.49924475
0.49924427
0.49924475
0.49924523
0.499245
0.4992451
0.49924535
0.4992447
0.4992451
0.49924475
0.49924517
0.49924546
0.49924517
0.49924487
0.4992451
0.4992445
0.4992451
0.49924475
0.49924523
0.49924535
0.499245
0.4992451
0.4992448
0.49924535
0.49924523
0.49924523
0.4992438
0.49924505
0.49924517
0.49924475
0.4992447
0.49924475
0.4992448
0.49924505
0.49924523
0.4992453
0.49924487
0.49924523
0.49924487
0.49924523
0.49924487
0.4992451
0.4992451
0.49924475
0.49924487
0.4992448
0.49924523
0.49924505
0.4992453
0.49924463
0.49924487
0.4992445
0.49924523
0.4992451
0.49924535
0.4992448
0.499245
0.49924487
0.49924523
0.499245
0.49924475
0.4992451
0.4992453
0.49924546
0.49924332
0.49924487
0.49924564
0.499245
0.49924523
0.49924493
0.499245
0.49924487
0.49924523
0.4992448
0.499245
0.4992451
0.49924523
0.49924493
0.499245
0.49924517
0.49924523
0.49924487
0.49924523
0.49924505
0.49924523
0.49924475
0.49924487
0.49924517
0.4992448
0.49924523
0.4992448
0.4992445
0.49924523
0.49924475
0.49924493
0.49924546
0.49924505
0.49924487
0.4992451
0.4992451
0.49924546
0.4992451
0.49924523
0.499245
0.49924487
0.4992445
0.4992447
0.4992451
0.49924433
0.49924523
0.4992451
0.49924523
0.49924523
0.49924523
0.49924523
0.49924523
0.49924523
0.4992451
0.49924463
0.4992451
0.4992451
0.49924457
0.49924517
0.4992447
0.49924493
0.49924433
0.49924523
0.49924558
0.49924558
0.499245
0.499245
0.49924475
0.49924505
0.4992445
0.49924523
0.49924517
0.4992448
0.49924523
0.49924517
0.4992451
0.49924505
0.49924523
0.49924535
0.499245
0.49924523
0.49924487
0.4992448
0.499245
0.4992451
0.4992453
0.4992451
0.49924493
0.49924535
0.4992451
0.49924493
0.49924493
0.4992453
0.499245
0.4992448
0.4992451
0.4992451
0.49924505
0.4992451
0.49924493
0.49924493
0.49924535
0.499245
0.499245
0.49924487
0.49924517
0.49924546
0.4992451
0.49924475
0.49924523
0.49924493
0.49924523
0.49924475
0.49924475
0.49924523
0.49924517
0.4992457
0.49924487
0.49924546
0.49924487
0.499245
0.4992451
0.49924517
0.4992453
0.49924487
0.49924475
0.4992451
0.49924493
0.49924523
0.4992447
0.4992451
0.499245
0.49924475
0.49924192
0.49924594
0.49924487
0.499245
0.4992451
0.4992451
0.49924475
0.4992451
0.499245
0.4992453
0.49924523
0.49924546
0.499245
0.49924523
0.49924487
0.49924523
0.4992451
0.49924523
0.49924487
0.49924487
0.4992448
0.499245
0.49924493
0.4992457
0.49924523
0.49924505
0.49924535
0.49924517
0.49924487
0.4992444
0.4992451
0.4992448
0.49924475
0.49924487
0.499245
0.49924487
0.49924535
0.4992451
0.49924564
0.49924523
0.49924517
0.4992453
0.49924493
0.49924523
0.499245
0.49924475
0.49924517
0.49924523
0.499245
0.49924487
0.49924487
0.49924463
0.49924475
0.4992447
0.49924487
0.499245
0.49924463
0.49924517
0.49924505
0.49924523
0.499245
0.49924552
0.49924475
0.49924523
0.49924487
0.4992448
0.49924594
0.4992451
0.49924523
0.49924517
0.49924487
0.4992451
0.4992451
0.49924523
0.4992453
0.49924216
0.49924517
0.4992447
0.4992451
0.4992451
0.499245
0.49924475
0.4992448
0.4992451
0.49924475
0.49924493
0.49924505
0.499245
0.4992453
0.49924487
0.49924517
0.4992445
0.49924487
0.49924487
0.4992451
0.49924487
0.49924582
0.49924535
0.49924475
0.4992447
0.499245
0.49924493
0.49924558
0.4992451
0.49924487
0.499245
0.49924523
0.49924475
0.49924523
0.4992444
0.49924487
0.499245
0.49924523
0.499245
0.4992447
0.49924523
0.4992451
0.49924535
0.499245
0.49924505
0.499245
0.4992448
0.49924487
0.499245
0.49924505
0.49924487
0.4992447
0.49924523
0.49924535
0.4992447
0.49924517
0.49924505
0.49924475
0.49924487
0.49924505
0.4992454
0.4992451
0.49924517
0.4992448
0.4992447
0.49924475
0.49924433
0.4992451
0.499245
0.499245
0.49924517
0.4992451
0.49924493
0.49924523
0.49924523
0.49924535
0.49924523
0.49924505
0.49924475
0.49924523
0.49924487
0.49924475
0.4992451
0.49924487
0.4992453
0.49924463
0.49924535
0.4992451
0.499245
0.49924505
0.4992451
0.499245
0.49924505
0.4992451
0.49924487
0.49924523
0.49924523
0.4992451
0.499245
0.499245
0.499245
0.49924523
0.49924546
0.4992451
0.49924523
0.49924487
0.49924487
0.49924475
0.49924463
0.49924487
0.49924517
0.49924505
0.49924505
0.4992447
0.49924535
0.49924517
0.49924463
0.4992453
0.49924552
0.4992451
0.4992451
0.4992451
0.4992448
0.49924493
0.49924463
0.4992451
0.49924505
0.4992445
0.4992454
0.49924505
0.4992448
0.49924517
0.49924493
0.49924475
0.4992451
0.4992451
0.4992451
0.49924523
0.499245
0.49924493
0.49924523
0.49924523
0.49924487
0.499245
0.4992453
0.49924487
0.4992451
0.49924523
0.49924487
0.49924535
0.49924523
0.49924463
0.499245
0.49924505
0.49924523
0.49924546
0.4992451
0.4992448
0.499245
0.49924523
0.4992448
0.49924535
0.49924523
0.499245
0.499245
0.49924427
0.4992451
0.49924523
0.49924523
0.49924487
0.4992451
0.499245
0.49924475
0.49924523
0.49924523
0.4992444
0.49924523
0.499245
0.4992451
0.4992448
0.499245
0.49924487
0.49924535
0.4992463
0.49924505
0.49924523
0.49924475
0.4992451
0.49924463
0.4992448
0.49924523
0.49924487
0.49924475
0.49924535
0.49924535
0.49924505
0.499245
0.4992447
0.49924487
0.49924463
0.4992451
0.4992451
0.4992451
0.4992451
0.49924487
0.499245
0.49924487
0.4992451
0.49924517
0.49924475
0.4992451
0.4992451
0.49924517
0.49924517
0.49924523
0.49924493
0.49924427
0.499245
0.4992451
0.49924535
0.49924487
0.4992447
0.4992453
0.49924475
0.49924493
0.499245
0.4992451
0.499245
0.49924517
0.4992445
0.499245
0.49924493
0.4992451
0.49924523
0.4992451
0.4992451
0.49924523
0.49924487
0.49924463
0.49924463
0.4992453
0.49924517
0.49924487
0.49924505
0.49924487
0.4992451
0.49924523
0.49924523
0.49924523
0.4992448
0.49924487
0.49924487
0.49924523
0.49924487
0.4992451
0.49924487
0.4992451
0.4992448
0.49924475
0.49924487
0.49924505
0.49924493
0.49924463
0.49924463
0.49924523
0.499245
0.49924546
0.49924523
0.49924505
0.49924523
0.49924487
0.49924517
0.49924392
0.49924487
0.4992451
0.49924523
0.4992451
0.49924356
0.49924487
0.499245
0.4992451
0.4992451
0.49924535
0.49924517
0.49924493
0.49924475
0.49924463
0.49924523
0.49924493
0.4992454
0.4992451
0.499245
0.499245
0.49924505
0.4992451
0.4992448
0.49924517
0.4992451
0.499245
0.49924475
0.499245
0.49924517
0.4992447
0.49924487
0.49924523
0.4992451
0.49924505
0.4992451
0.49924535
0.499245
0.49924403
0.49924523
0.49924457
0.49924523
0.49924487
0.499245
0.49924523
0.4992451
0.4992447
0.49924487
0.49924523
0.49924493
0.49924475
0.499245
0.499245
0.49924535
0.49924487
0.49924463
0.4992451
0.49924517
0.49924523
0.499245
0.4992451
0.49924546
0.49924517
0.4992454
0.49924487
0.49924523
0.4992448
0.49924493
0.499245
0.49924517
0.49924523
0.4992451
0.49924517
0.499245
0.49924126
0.4992445
0.49924487
0.49924523
0.499245
0.4992451
0.49924487
0.49924505
0.4992451
0.49924487
0.49924523
0.49924487
0.4992451
0.49924505
0.4992451
0.49924535
0.49924517
0.49924523
0.49924487
0.4992451
0.4992451
0.49924517
0.49924475
0.49924648
0.49924463
0.49924475
0.49924535
0.4992453
0.49924517
0.49924505
0.4992451
0.49924463
0.4992451
0.4992451
0.49924505
0.499245
0.4992453
0.49924505
0.4992445
0.4992451
0.49924475
0.49924487
0.49924535
0.49924535
0.499245
0.49924523
0.4992451
0.49924523
0.4992453
0.4992451
0.4992451
0.49924487
0.4992451
0.49924433
0.49924487
0.49924535
0.4992444
0.49924517
0.49924487
0.49924558
0.49924505
0.4992451
0.49924535
0.49924535
0.499245
0.49924475
0.49924523
0.49924487
0.49924493
0.49924475
0.49924582
0.49924505
0.4992448
0.499245
0.499245
0.4992451
0.499245
0.49924505
0.49924475
0.49924523
0.49924535
0.49924475
0.49924535
0.4992451
0.49924517
0.49924493
0.49924475
0.49924517
0.49924487
0.49924493
0.49924552
0.4992451
0.49924457
0.49924517
0.49924535
0.49924535
0.49924463
0.4992445
0.49924487
0.4992444
0.49924487
0.49924523
0.49924374
0.4992447
0.49924487
0.49924517
0.499245
0.49924493
0.49924475
0.49924403
0.4992451
0.49924523
0.4992451
0.4992451
0.49924523
0.49924487
0.49924493
0.4992451
0.49924517
0.49924487
0.49924505
0.49924535
0.499245
0.49924487
0.4992448
0.49924463
0.49924523
0.49924445
0.49924517
0.49924475
0.49924517
0.499245
0.4992454
0.49924493
0.499245
0.49924475
0.4992445
0.49924517
0.4992451
0.49924475
0.4992451
0.49924487
0.49924523
0.4992451
0.4992451
0.49924493
0.4992451
0.49924493
0.49924505
0.4992451
0.49924493
0.499245
0.4992445
0.49924523
0.49924517
0.49924523
0.49924523
0.49924487
0.49924463
0.49924487
0.49924523
0.4992451
0.49924475
0.4992445
0.499245
0.4992451
0.49924487
0.49924487
0.4992451
0.49924535
0.49924505
0.4992444
0.49924487
0.49924523
0.49924523
0.49924487
0.49924517
0.4992451
0.49924475
0.49924535
0.499245
0.49924493
0.4992453
0.4992451
0.4992451
0.4992448
0.4992448
0.49924493
0.4992451
0.49924487
0.4992466
0.49924487
0.49924523
0.4992451
0.49924517
0.4992445
0.4992453
0.49924523
0.49924523
0.4992451
0.4992412
0.4992451
0.49924487
0.4992451
0.4992451
0.49924523
0.4992448
0.499245
0.4992451
0.49924415
0.499245
0.49924535
0.49924368
0.4992451
0.49924535
0.4992444
0.49924505
0.49924517
0.499245
0.49924535
0.49924493
0.4992444
0.499245
0.49924523
0.49924475
0.49924463
0.49924475
0.49924475
0.49924487
0.49924517
0.49924535
0.49924517
0.4992451
0.49924505
0.49924523
0.4992448
0.499245
0.49924535
0.49924487
0.49924523
0.49924535
0.4992448
0.49924487
0.49924517
0.49924487
0.49924487
0.4992445
0.49924535
0.49924535
0.49924523
0.49924463
0.49924552
0.49924487
0.4992451
0.49924487
0.49924463
0.49924463
0.4992454
0.49924546
0.49924475
0.49924487
0.499245
0.49924487
0.49924517
0.4992438
0.4992445
0.49924505
0.49924535
0.4992451
0.49924415
0.49924463
0.49924517
0.49924487
0.499245
0.49924523
0.4992451
0.499245
0.49924523
0.49924487
0.49924487
0.4992457
0.4992448
0.4992451
0.49924517
0.49924523
0.49924433
0.49924487
0.499245
0.4992432
0.49924523
0.49924523
0.49924523
0.499245
0.49924493
0.49924523
0.49924457
0.49924523
0.4992453
0.499245
0.499245
0.4992451
0.49924523
0.49924505
0.49924517
0.4992447
0.49924475
0.4992451
0.4992447
0.49924475
0.49924523
0.49924463
0.49924523
0.49924535
0.499245
0.49924523
0.49924535
0.49924505
0.49924463
0.49924487
0.4992451
0.4992451
0.49924576
0.499245
0.49924487
0.4992451
0.49924487
0.49924552
0.49924463
0.49924505
0.49924523
0.49924487
0.49924517
0.49924463
0.49924475
0.49924493
0.49924463
0.4992451
0.499245
0.4992451
0.49924523
0.4992451
0.49924546
0.4992451
0.4992451
0.4992451
0.4992451
0.49924505
0.499245
0.49924523
0.499245
0.4992451
0.49924487
0.49924517
0.499245
0.49924523
0.499245
0.49924517
0.49924493
0.49924487
0.499245
0.499245
0.4992448
0.49924475
0.49924415
0.499245
0.49924517
0.4992453
0.49924487
0.49924487
0.4992451
0.49924535
0.49924505
0.49924535
0.499245
0.49924558
0.49924523
0.499245
0.49924535
0.49924523
0.4992445
0.49924487
0.49924487
0.49924523
0.49924493
0.499245
0.49924392
0.49924523
0.49924517
0.49924487
0.49924523
0.499245
0.499245
0.4992451
0.49924523
0.49924546
0.499245
0.49924427
0.49924523
0.49924487
0.49924523
0.4992448
0.4992451
0.49924517
0.4992451
0.49924523
0.49924517
0.4992444
0.4992451
0.49924523
0.49924463
0.4992451
0.4992451
0.49924523
0.499245
0.49924493
0.49924523
0.499245
0.49924505
0.49924493
0.499245
0.4992451
0.4992451
0.49924487
0.4992451
0.49924517
0.49924487
0.49924487
0.4992445
0.49924517
0.49924505
0.4992448
0.49924487
0.49924487
0.4992447
0.49924523
0.499245
0.49924505
0.49924535
0.49924487
0.49924523
0.49924523
0.49924505
0.49924487
0.499245
0.49924523
0.4992451
0.49924487
0.49924487
0.4992451
0.499245
0.49924517
0.49924392
0.49924475
0.49924505
0.49924487
0.499245
0.49924493
0.49924505
0.49924475
0.49924487
0.49924523
0.4992451
0.49924523
0.499245
0.49924475
0.499245
0.49924535
0.4992451
0.49924517
0.4992444
0.4992451
0.49924487
0.49924523
0.49924546
0.499245
0.499245
0.49924505
0.4992451
0.49924487
0.4992453
0.49924517
0.49924463
0.49924505
0.4992448
0.49924523
0.49924487
0.499245
0.4992451
0.49924463
0.4992451
0.49924535
0.4992451
0.49924535
0.4992453
0.49924487
0.49924493
0.49924505
0.4992451
0.49924523
0.4992448
0.49924493
0.49924487
0.4992451
0.499245
0.499245
0.4992448
0.49924487
0.499245
0.499245
0.49924487
0.49924523
0.49924386
0.499245
0.49924517
0.4992453
0.4992453
0.49924535
0.49924463
0.49924487
0.49924546
0.49924523
0.49924517
0.49924475
0.4992451
0.49924463
0.49924487
0.49924535
0.4992451
0.49924457
0.4992451
0.4992451
0.49924523
0.49924517
0.49924487
0.49924493
0.49924332
0.49924475
0.49924493
0.49924517
0.49924475
0.4992454
0.49924487
0.4992451
0.499245
0.49924493
0.49924487
0.49924487
0.49924505
0.499245
0.49924487
0.49924475
0.49924493
0.49924493
0.49924487
0.49924523
0.49924546
0.49924523
0.49924523
0.49924546
0.49924523
0.49924487
0.49924517
0.49924487
0.49924523
0.499245
0.49924487
0.49924523
0.4992454
0.49924517
0.4992445
0.49924487
0.49924487
0.49924523
0.49924487
0.4992451
0.49924487
0.49924505
0.4992447
0.49924535
0.49924487
0.4992451
0.4992451
0.4992451
0.49924475
0.4992451
0.499245
0.4992451
0.49924576
0.4992447
0.49924475
0.49924487
0.49924493
0.49924415
0.499245
0.4992447
0.49924517
0.49924463
0.499245
0.499245
0.49924356
0.49924493
0.49924523
0.499245
0.499245
0.49924493
0.4992451
0.499245
0.4992444
0.4992445
0.49924523
0.49924487
0.49924535
0.4992451
0.4992451
0.499245
0.49924487
0.49924517
0.4992451
0.49924523
0.49924487
0.49924523
0.49924475
0.49924487
0.49924535
0.4992451
0.49924475
0.49924535
0.49924427
0.4992451
0.499245
0.4992451
0.4992451
0.49924487
0.49924517
0.49924487
0.4992451
0.49924546
0.49924523
0.4992451
0.4992451
0.49924487
0.499245
0.49924558
0.49924487
0.4992445
0.49924523
0.499245
0.4992451
0.49924493
0.49924463
0.4992451
0.499245
0.4992453
0.49924505
0.49924487
0.4992448
0.499245
0.49924487
0.49924535
0.499245
0.4992453
0.49924487
0.4992451
0.49924523
0.49924487
0.49924535
0.4992451
0.49924505
0.49924487
0.4992451
0.49924505
0.49924475
0.49924523
0.49924487
0.4992451
0.49924517
0.49924523
0.49924523
0.4992445
0.49924463
0.49924517
0.49924523
0.49924463
0.49924463
0.49924523
0.49924475
0.4992454
0.49924546
0.49924487
0.49924487
0.49924493
0.49924517
0.49924535
0.4992451
0.49924558
0.49924505
0.4992451
0.4992453
0.49924523
0.49924493
0.49924523
0.49924487
0.49924493
0.49924487
0.499245
0.4992447
0.49924505
0.49924487
0.49924505
0.49924487
0.49924493
0.49924523
0.4992451
0.4992451
0.49924475
0.49924505
0.4992451
0.49924517
0.49924523
0.499245
0.4992451
0.4992451
0.4992451
0.49924427
0.49924505
0.4992451
0.49924523
0.4992454
0.4992451
0.49924558
0.49924535
0.499245
0.49924475
0.49924523
0.4992451
0.4992451
0.4992451
0.4992451
0.499245
0.499245
0.49924505
0.49924487
0.49924493
0.49924523
0.4992451
0.49924517
0.49924475
0.49924487
0.499245
0.4992454
0.49924487
0.49924523
0.49924493
0.499245
0.499245
0.49924505
0.4992451
0.49924487
0.49924535
0.49924475
0.49924523
0.4992451
0.4992451
0.49924523
0.4992451
0.49924487
0.49924535
0.49924523
0.49924487
0.4992444
0.49924463
0.499243
0.49924535
0.499245
0.49924487
0.4992451
0.49924517
0.49924493
0.49924475
0.4992451
0.49924523
0.49924493
0.49924463
0.49924487
0.49924535
0.49924517
0.49924493
0.49924487
0.49924487
0.49924505
0.49924535
0.49924487
0.49924487
0.499245
0.49924493
0.49924487
0.49924535
0.49924523
0.49924517
0.4992448
0.49924487
0.4992453
0.49924487
0.4992453
0.4992453
0.49924475
0.49924463
0.49924493
0.49924523
0.4992448
0.49924487
0.4992453
0.499245
0.4992451
0.49924517
0.49924475
0.49924487
0.49924475
0.499245
0.4992451
0.49924546
0.499245
0.4992451
0.49924523
0.4992451
0.49924487
0.49924487
0.49924487
0.49924523
0.49924505
0.49924535
0.4992451
0.4992448
0.49924505
0.49924487
0.499245
0.4992445
0.49924427
0.49924487
0.49924487
0.4992448
0.499245
0.49924517
0.4992445
0.49924475
0.4992451
0.49924558
0.49924487
0.49924463
0.49924487
0.4992451
0.49924523
0.4992451
0.49924487
0.49924505
0.499245
0.49924505
0.49924463
0.49924546
0.49924517
0.4992451
0.49924505
0.49924546
0.4992451
0.49924487
0.4992448
0.49924517
0.49924517
0.49924546
0.49924263
0.4992453
0.49924546
0.49924505
0.499245
0.49924523
0.49924463
0.4992457
0.49924487
0.4992451
0.49924487
0.4992451
0.4992457
0.49924546
0.4992451
0.49924523
0.4992451
0.499245
0.499245
0.4992448
0.4992444
0.49924487
0.4992451
0.4992448
0.499245
0.49924427
0.49924475
0.499245
0.499245
0.499245
0.49924487
0.4992454
0.4992451
0.4992451
0.49924535
0.499245
0.499245
0.49924487
0.49924505
0.499245
0.49924523
0.499245
0.4992451
0.49924475
0.4992453
0.4992451
0.49924505
0.49924475
0.49924535
0.499245
0.49924517
0.499245
0.49924475
0.49924457
0.49924505
0.4992453
0.4992451
0.49924523
0.49924487
0.4992447
0.4992447
0.4992451
0.49924505
0.49924487
0.49924546
0.49924505
0.4992453
0.49924546
0.49924535
0.4992451
0.4992451
0.4992451
0.49924546
0.49924523
0.49924517
0.4992451
0.49924475
0.49924505
0.49924523
0.4992447
0.49924505
0.4992447
0.4992451
0.49924487
0.4992451
0.49924523
0.4992451
0.4992451
0.499245
0.499245
0.4992444
0.49924487
0.49924475
0.49924535
0.49924535
0.49924523
0.49924487
0.49924517
0.499245
0.49924505
0.49924475
0.4992451
0.49924487
0.499245
0.49924535
0.49924475
0.49924523
0.4992451
0.49924475
0.49924487
0.49924475
0.49924475
0.4992445
0.4992451
0.49924523
0.49924487
0.499245
0.49924546
0.499245
0.4992451
0.4992451
0.4992451
0.499245
0.49924517
0.49924505
0.49924523
0.4992457
0.4992445
0.499245
0.4992451
0.4992445
0.4992451
0.49924517
0.4992453
0.4992453
0.49924487
0.4992444
0.499245
0.49924493
0.49924517
0.49924523
0.49924487
0.4992448
0.4992453
0.49924523
0.499245
0.499245
0.4992451
0.4992451
0.49924463
0.49924517
0.4992451
0.4992454
0.49924493
0.49924493
0.49924487
0.4992451
0.4992451
0.49924487
0.49924475
0.49924487
0.49924493
0.4992451
0.49924487
0.49924463
0.4992451
0.49924505
0.4992451
0.4992457
0.4992445
0.4992448
0.4992451
0.4992451
0.499245
0.4992442
0.4992453
0.49924535
0.49924487
0.49924546
0.49924475
0.49924493
0.49924487
0.499245
0.49924463
0.49924523
0.49924523
0.49924487
0.4992451
0.49924463
0.499245
0.499245
0.49924517
0.49924475
0.4992453
0.49924523
0.4992451
0.49924535
0.4992453
0.49924535
0.49924463
0.4992451
0.49924523
0.49924546
0.49924523
0.49924523
0.4992451
0.4992448
0.499245
0.4992451
0.49924505
0.49924505
0.49924505
0.4992451
0.49924535
0.49924517
0.4992451
0.49924415
0.4992448
0.49924535
0.49924523
0.49924505
0.4992451
0.49924523
0.4992451
0.49924487
0.49924505
0.4992448
0.4992451
0.49924463
0.49924463
0.49924475
0.4992453
0.49924517
0.499245
0.4992444
0.49924475
0.4992453
0.4992453
0.49924487
0.49924523
0.49924523
0.49924493
0.49924523
0.49924463
0.49924487
0.499245
0.4992448
0.49924558
0.49924505
0.49924487
0.49924487
0.49924475
0.4992448
0.499245
0.49924523
0.4992451
0.4992451
0.4992451
0.49924493
0.4992453
0.4992457
0.49924487
0.49924493
0.49924523
0.49924523
0.4992448
0.4992451
0.499245
0.4992445
0.49924505
0.49924475
0.4992448
0.4992451
0.4992447
0.4992451
0.499245
0.49924523
0.49924523
0.4992451
0.49924523
0.499245
0.4992451
0.49924523
0.4992451
0.4992445
0.499245
0.4992451
0.4992453
0.49924535
0.499245
0.49924558
0.49924523
0.49924546
0.49924463
0.4992451
0.49924493
0.49924463
0.4992448
0.49924493
0.49924523
0.4992451
0.49924612
0.4992451
0.4992451
0.4992445
0.49924505
0.49924517
0.49924523
0.4992451
0.49924523
0.49924475
0.49924487
0.49924523
0.49924523
0.4992451
0.49924463
0.4992451
0.49924523
0.499245
0.49924505
0.4992447
0.4992442
0.49924475
0.49924463
0.49924505
0.49924475
0.49924475
0.49924523
0.49924475
0.49924523
0.49924487
0.499245
0.49924463
0.499245
0.4992451
0.4992451
0.49924505
0.49924517
0.499245
0.49924487
0.49924606
0.49924487
0.4992451
0.49924505
0.49924493
0.49924523
0.49924457
0.49924487
0.49924505
0.49924523
0.49924475
0.499245
0.4992457
0.49924546
0.4992451
0.49924517
0.49924487
0.4992453
0.49924523
0.49924493
0.49924463
0.49924505
0.49924463
0.49924487
0.49924523
0.4992451
0.4992451
0.49924546
0.499245
0.499245
0.4992451
0.4992451
0.4992451
0.4992451
0.49924523
0.4992451
0.49924487
0.49924487
0.49924493
0.499245
0.49924493
0.49924487
0.499245
0.4992451
0.49924487
0.49924517
0.499245
0.499245
0.49924487
0.499245
0.4992454
0.49924505
0.49924535
0.4992451
0.49924523
0.49924475
0.49924457
0.49924523
0.4992451
0.49924487
0.4992453
0.49924475
0.4992454
0.49924523
0.49924535
0.4992451
0.4992451
0.4992451
0.49924535
0.49924535
0.49924475
0.499245
0.49924487
0.49924487
0.49924535
0.4992453
0.49924463
0.49924487
0.49924523
0.4992451
0.4992451
0.4992451
0.49924517
0.49924487
0.499245
0.499245
0.499245
0.49924487
0.49924487
0.49924523
0.49924487
0.49924487
0.49924523
0.49924487
0.49924546
0.49924523
0.49924427
0.499245
0.49924523
0.49924487
0.499245
0.49924493
0.49924475
0.49924535
0.49924523
0.49924546
0.49924523
0.49924487
0.4992451
0.49924475
0.4992451
0.49924546
0.499245
0.49924487
0.49924558
0.499245
0.499245
0.4992451
0.49924445
0.49924487
0.4992451
0.49924517
0.49924475
0.49924535
0.499245
0.499245
0.49924505
0.4992454
0.4992451
0.49924463
0.4992453
0.4992445
0.499245
0.499245
0.49924487
0.4992451
0.49924463
0.49924517
0.49924523
0.49924505
0.49924487
0.49924427
0.49924475
0.4992448
0.49924523
0.4992451
0.4992451
0.49924487
0.4992451
0.4992451
0.49924475
0.49924493
0.49924523
0.49924517
0.49924546
0.49924523
0.4992447
0.49924505
0.499245
0.49924463
0.49924487
0.49924487
0.4992445
0.49924523
0.49924487
0.49924523
0.49924523
0.49924535
0.49924487
0.49924523
0.49924487
0.49924517
0.4992453
0.49924535
0.49924463
0.49924666
0.499245
0.499245
0.49924505
0.49924487
0.49924535
0.49924493
0.49924493
0.49924523
0.4992451
0.49924493
0.499245
0.4992451
0.4992451
0.4992448
0.4992448
0.4992451
0.49924523
0.499245
0.49924517
0.49924523
0.49924487
0.49924493
0.4992445
0.49924463
0.49924546
0.4992451
0.4992448
0.49924523
0.49924475
0.49924475
0.4992453
0.49924517
0.49924517
0.49924487
0.499245
0.4992451
0.4992451
0.49924546
0.4992451
0.4992451
0.49924487
0.499245
0.49924487
0.49924463
0.49924505
0.499245
0.4992451
0.4992448
0.4992451
0.49924523
0.49924463
0.49924505
0.49924487
0.4992451
0.49924558
0.49924475
0.49924493
0.49924505
0.49924475
0.499245
0.49924505
0.49924487
0.49924523
0.49924475
0.49924672
0.49924475
0.49924487
0.49924558
0.4992448
0.49924523
0.49924517
0.499245
0.4992447
0.49924493
0.49924535
0.4992451
0.4992451
0.49924618
0.49924535
0.49924463
0.4992454
0.49924487
0.499245
0.49924505
0.49924475
0.49924523
0.49924493
0.499245
0.49924505
0.499245
0.4992451
0.49924463
0.4992451
0.4992451
0.4992451
0.499245
0.49924463
0.49924487
0.49924475
0.49924487
0.49924493
0.4992451
0.499245
0.49924487
0.49924523
0.49924457
0.49924523
0.4992451
0.499245
0.499245
0.49924487
0.49924523
0.49924463
0.4992454
0.4992451
0.4992454
0.499245
0.4992445
0.49924493
0.4992451
0.49924517
0.49924493
0.49924475
0.4992451
0.49924487
0.499245
0.4992451
0.499245
0.49924475
0.499245
0.4992444
0.49924523
0.499245
0.49924493
0.499245
0.49924535
0.49924505
0.49924523
0.499245
0.4992445
0.4992451
0.49924535
0.49924493
0.49924535
0.49924487
0.499245
0.49924558
0.49924523
0.49924475
0.4992451
0.4992447
0.499245
0.49924517
0.49924517
0.499245
0.4992451
0.49924523
0.49924457
0.49924487
0.4992451
0.499245
0.4992451
0.499245
0.49924517
0.49924523
0.4992463
0.49924517
0.4992451
0.49924475
0.4992448
0.49924487
0.49924517
0.49924517
0.49924493
0.4992451
0.4992451
0.49924535
0.49924475
0.4992448
0.49924487
0.4992451
0.4992451
0.49924475
0.49924475
0.499245
0.4992448
0.49924517
0.49924475
0.4992451
0.49924487
0.499245
0.49924475
0.4992445
0.49924463
0.49924463
0.499245
0.49924457
0.49924445
0.4992451
0.499245
0.499245
0.49924493
0.4992451
0.49924493
0.4992451
0.49924546
0.49924546
0.49924487
0.49924493
0.499245
0.4992451
0.49924475
0.49924493
0.4992451
0.4992451
0.49924493
0.49924558
0.499245
0.49924487
0.4992451
0.499245
0.49924535
0.49924487
0.49924487
0.4992451
0.49924517
0.49924475
0.49924517
0.49924493
0.4992448
0.49924487
0.499245
0.499245
0.49924487
0.49924475
0.4992445
0.49924463
0.49924552
0.4992451
0.4992451
0.49924523
0.499245
0.49924487
0.4992451
0.49924475
0.49924517
0.49924517
0.499245
0.4992451
0.4992451
0.499245
0.4992448
0.499245
0.4992448
0.49924505
0.49924493
0.49924493
0.4992451
0.49924487
0.4992451
0.4992451
0.49924523
0.49924546
0.49924457
0.49924487
0.49924523
0.49924523
0.49924487
0.49924487
0.499245
0.49924517
0.49924535
0.499245
0.4992451
0.4992453
0.49924505
0.499245
0.49924523
0.49924523
0.4992451
0.4992451
0.4992445
0.4992451
0.49924517
0.49924487
0.499245
0.4992444
0.49924558
0.49924487
0.4992451
0.49924475
0.49924493
0.49924535
0.4992448
0.49924523
0.49924523
0.4992453
0.49924463
0.49924523
0.49924517
0.4992453
0.49924487
0.49924475
0.49924535
0.49924487
0.4992451
0.49924475
0.49924517
0.4992451
0.49924463
0.49924505
0.49924535
0.49924332
0.49924475
0.49924582
0.49924535
0.49924493
0.49924493
0.49924475
0.4992451
0.499245
0.49924487
0.49924505
0.49924535
0.49924517
0.499245
0.4992445
0.49924457
0.49924493
0.49924475
0.49924535
0.499245
0.4992453
0.499245
0.4992451
0.4992448
0.4992448
0.4992451
0.4992451
0.49924523
0.49924493
0.49924505
0.4992448
0.499245
0.49924546
0.4992451
0.49924475
0.49924487
0.499245
0.49924523
0.49924427
0.49924415
0.49924475
0.49924523
0.49924523
0.499245
0.4992451
0.4992457
0.4992445
0.49924475
0.49924535
0.49924546
0.4992454
0.499245
0.49924487
0.49924523
0.49924332
0.49924487
0.49924523
0.49924523
0.499245
0.499245
0.4992447
0.4992453
0.49924523
0.49924487
0.4992451
0.49924517
0.49924523
0.49924487
0.49924535
0.49924523
0.49924487
0.49924505
0.4992453
0.4992451
0.49924493
0.499245
0.4992454
0.4992453
0.49924546
0.49924523
0.4992451
0.49924505
0.49924523
0.49924487
0.499245
0.49924487
0.49924535
0.49924517
0.49924493
0.499245
0.49924535
0.49924475
0.49924523
0.49924487
0.4992451
0.49924427
0.4992448
0.49924487
0.49924523
0.49924523
0.49924475
0.499245
0.4992451
0.49924642
0.49924475
0.499245
0.49924535
0.49924523
0.499245
0.49924475
0.499245
0.49924517
0.49924523
0.49924487
0.49924523
0.49924487
0.49924523
0.4992451
0.4992451
0.49924487
0.49924475
0.49924523
0.49924523
0.4992448
0.499245
0.49924546
0.499245
0.4992451
0.4992445
0.49924523
0.4992451
0.4992453
0.49924517
0.49924523
0.49924487
0.4992454
0.4992447
0.4992444
0.4992451
0.49924487
0.499245
0.49924505
0.49924505
0.49924523
0.4992451
0.49924517
0.49924493
0.4992453
0.49924314
0.49924523
0.499245
0.4992447
0.49924487
0.4992451
0.49924487
0.49924523
0.4992451
0.49924517
0.49924535
0.49924523
0.49924487
0.49924487
0.4992451
0.4992448
0.4992451
0.49924463
0.4992445
0.49924487
0.49924487
0.49924475
0.49924523
0.49924523
0.4992451
0.49924523
0.49924487
0.49924487
0.49924475
0.4992448
0.499245
0.49924582
0.499245
0.4992451
0.49924475
0.4992451
0.49924523
0.49924475
0.4992451
0.4992451
0.49924505
0.49924517
0.49924487
0.49924523
0.49924475
0.499245
0.499245
0.49924523
0.49924487
0.49924535
0.4992451
0.499245
0.49924463
0.49924505
0.49924535
0.49924493
0.49924517
0.49924427
0.49924487
0.49924523
0.49924523
0.49924475
0.49924475
0.49924475
0.49924517
0.499245
0.49924487
0.4992453
0.49924523
0.49924523
0.49924523
0.49924487
0.49924523
0.49924463
0.49924523
0.4992451
0.499245
0.4992451
0.49924487
0.499245
0.4992448
0.499245
0.49924463
0.49924517
0.4992451
0.4992444
0.49924523
0.49924457
0.49924493
0.4992447
0.49924463
0.49924523
0.4992448
0.49924475
0.49924523
0.4992451
0.49924487
0.4992451
0.4992451
0.49924523
0.4992448
0.499245
0.499245
0.4992453
0.49924487
0.4992454
0.49924523
0.49924487
0.4992454
0.49924546
0.4992451
0.49924535
0.49924523
0.49924487
0.49924487
0.499245
0.49924487
0.49924463
0.49924535
0.49924523
0.49924487
0.499245
0.49924523
0.49924475
0.49924463
0.49924517
0.49924535
0.4992447
0.49924505
0.49924535
0.4992451
0.499245
0.49924487
0.49924493
0.49924487
0.49924487
0.49924487
0.49924523
0.49924487
0.49924546
0.49924493
0.49924535
0.49924493
0.49924505
0.49924493
0.4992451
0.49924517
0.49924523
0.49924475
0.49924535
0.49924475
0.49924535
0.4992453
0.49924523
0.499245
0.49924463
0.49924535
0.4992447
0.49924517
0.4992448
0.499245
0.4992451
0.49924523
0.49924535
0.49924487
0.49924487
0.49924517
0.4992451
0.4992451
0.4992451
0.49924487
0.49924517
0.4992451
0.49924535
0.499245
0.49924535
0.49924487
0.4992447
0.49924523
0.49924517
0.49924487
0.499245
0.49924523
0.49924523
0.49924523
0.49924505
0.499245
0.49924487
0.49924523
0.499245
0.49924523
0.49924517
0.49924535
0.4992451
0.49924535
0.49924493
0.49924523
0.49924493
0.49924463
0.49924487
0.499245
0.49924487
0.49924517
0.49924505
0.49924487
0.49924505
0.4992451
0.4992444
0.49924517
0.4992453
0.4992448
0.49924487
0.49924535
0.49924523
0.49924475
0.4992447
0.49924594
0.49924487
0.49924535
0.49924505
0.49924487
0.4992451
0.49924505
0.49924493
0.49924487
0.49924475
0.49924517
0.499245
0.499245
0.499245
0.4992451
0.499245
0.49924523
0.4992451
0.4992448
0.499245
0.499245
0.49924487
0.49924523
0.49924523
0.4992453
0.49924487
0.499245
0.49924535
0.49924517
0.4992448
0.49924487
0.49924493
0.49924523
0.49924445
0.49924517
0.49924463
0.499245
0.49924505
0.49924523
0.49924523
0.4992451
0.499245
0.49924535
0.49924517
0.49924493
0.499245
0.499245
0.49924523
0.4992451
0.499245
0.4992453
0.4992476
0.49924505
0.49924535
0.49924475
0.49924463
0.4992451
0.49924523
0.499245
0.4992453
0.4992448
0.499245
0.499245
0.49924493
0.49924493
0.499245
0.49924192
0.49924475
0.4992451
0.49924523
0.49924493
0.49924523
0.49924487
0.49924505
0.4992451
0.49924487
0.499245
0.4992457
0.49924523
0.49924487
0.4992444
0.49924487
0.49924517
0.49924523
0.49924487
0.49924487
0.4992453
0.499245
0.49924535
0.49924487
0.49924535
0.49924523
0.49924493
0.49924558
0.4992451
0.499245
0.499245
0.49924475
0.4992451
0.49924475
0.49924505
0.49924505
0.49924493
0.49924493
0.49924487
0.499245
0.49924487
0.49924535
0.49924487
0.4992448
0.49924392
0.49924523
0.49924505
0.499245
0.4992453
0.49924505
0.49924487
0.49924493
0.49924475
0.49924487
0.4992451
0.4992451
0.4992448
0.49924463
0.4992454
0.4992451
0.49924493
0.499245
0.499245
0.49924523
0.4992451
0.4992451
0.4992451
0.49924487
0.49924487
0.49924535
0.49924523
0.4992451
0.49924523
0.499245
0.49924475
0.49924487
0.4992447
0.49924535
0.49924505
0.49924493
0.499245
0.49924523
0.49924535
0.4992447
0.49924487
0.4992448
0.49924487
0.49924505
0.49924493
0.499245
0.49924403
0.49924523
0.49924487
0.49924523
0.49924517
0.4992451
0.49924475
0.49924523
0.49924535
0.4992453
0.49924517
0.4992453
0.49924523
0.4992447
0.499245
0.49924475
0.499245
0.49924475
0.49924833
0.4992454
0.4992448
0.49924475
0.49924487
0.4992451
0.49924535
0.49924505
0.499245
0.499245
0.49924535
0.4992451
0.49924487
0.49924487
0.4992447
0.49924546
0.49924535
0.49924523
0.49924487
0.4992451
0.49924463
0.49924523
0.4992428
0.49924493
0.4992451
0.499245
0.499245
0.499245
0.499245
0.49924487
0.4992451
0.49924523
0.4992451
0.49924517
0.49924475
0.49924564
0.49924523
0.49924517
0.49924487
0.49924487
0.49924535
0.49924493
0.49924487
0.49924546
0.499245
0.49924475
0.49924523
0.49924505
0.49924523
0.49924487
0.49924546
0.49924517
0.49924493
0.49924523
0.4992451
0.49924463
0.49924517
0.49924487
0.4992457
0.4992451
0.499245
0.49924487
0.49924463
0.49924517
0.49924487
0.49924487
0.49924535
0.49924523
0.49924475
0.49924535
0.4992451
0.49924523
0.49924487
0.499245
0.49924535
0.49924487
0.4992457
0.49924535
0.4992451
0.499245
0.49924523
0.49924523
0.49924475
0.49924523
0.49924505
0.49924517
0.49924457
0.49924523
0.4992451
0.49924558
0.49924487
0.499245
0.4992451
0.49924487
0.49924493
0.49924487
0.49924487
0.49924475
0.499245
0.49924523
0.4992447
0.49924523
0.49924475
0.49924475
0.49924523
0.49924457
0.499245
0.4992448
0.4992451
0.49924487
0.499245
0.49924475
0.49924517
0.49924487
0.49924523
0.49924535
0.4992451
0.49924505
0.499245
0.49924475
0.49924517
0.49924487
0.49924475
0.49924523
0.49924493
0.49924475
0.49924493
0.49924523
0.49924517
0.49924463
0.4992451
0.49924523
0.4992447
0.49924523
0.4992451
0.49924493
0.4992453
0.4992451
0.4992451
0.4992451
0.499245
0.49924427
0.49924487
0.49924535
0.49924475
0.49924463
0.49924535
0.49924505
0.49924582
0.4992453
0.499245
0.49924463
0.49924368
0.49924523
0.4992451
0.49924487
0.49924505
0.4992454
0.4992448
0.49924487
0.49924523
0.49924475
0.49924552
0.49924535
0.49924523
0.4992448
0.4992451
0.49924433
0.49924505
0.4992454
0.49924457
0.49924523
0.49924535
0.49924487
0.49924523
0.499245
0.49924505
0.49924517
0.4992453
0.49924505
0.4992451
0.4992451
0.4992451
0.49924487
0.49924505
0.49924475
0.4992451
0.49924487
0.49924523
0.4992453
0.49924475
0.4992451
0.49924487
0.4992453
0.49924463
0.49924463
0.49924487
0.49924535
0.49924493
0.49924487
0.49924487
0.4992451
0.49924535
0.4992451
0.49924427
0.4992457
0.49924523
0.4992445
0.499245
0.49924535
0.49924493
0.499245
0.49924493
0.4992451
0.49924475
0.49924487
0.49924523
0.49924493
0.49924475
0.4992453
0.49924487
0.49924523
0.49924505
0.4992448
0.49924475
0.4992451
0.49924523
0.4992448
0.4992448
0.49924505
0.49924487
0.4992444
0.4992451
0.49924546
0.499245
0.49924535
0.49924487
0.4992451
0.49924523
0.49924523
0.49924523
0.4992451
0.499245
0.49924535
0.49924487
0.499245
0.49924535
0.49924475
0.4992447
0.4992451
0.499245
0.49924493
0.49924558
0.4992451
0.4992451
0.4992451
0.4992453
0.4992454
0.49924475
0.4992448
0.499245
0.4992451
0.49924523
0.4992445
0.499245
0.4992451
0.4992451
0.4992451
0.49924517
0.49924523
0.499245
0.49924523
0.4992451
0.49924523
0.499245
0.4992454
0.49924523
0.4992453
0.49924475
0.49924463
0.49924487
0.49924523
0.49924535
0.4992453
0.49924487
0.4992451
0.4992451
0.499245
0.4992451
0.49924523
0.49924505
0.49924523
0.49924505
0.4992451
0.49924493
0.49924523
0.49924457
0.499245
0.4992451
0.49924475
0.49924487
0.49924475
0.4992453
0.499245
0.499245
0.499245
0.49924463
0.49924487
0.49924535
0.4992451
0.49924523
0.49924523
0.49924505
0.49924463
0.4992445
0.49924535
0.49924493
0.4992451
0.49924523
0.49924493
0.49924475
0.4992451
0.49924523
0.49924487
0.49924523
0.49924487
0.49924487
0.49924487
0.4992448
0.499245
0.4992448
0.4992451
0.499245
0.49924505
0.499245
0.4992453
0.49924535
0.49924523
0.49924517
0.49924517
0.49924535
0.4992451
0.49924523
0.4992451
0.4992441
0.4992451
0.499245
0.49924487
0.49924493
0.49924493
0.499245
0.4992454
0.49924517
0.49924487
0.49924523
0.49924523
0.49924535
0.49924517
0.49924475
0.49924517
0.49924487
0.49924493
0.49924517
0.499245
0.49924523
0.4992448
0.4992451
0.4992451
0.4992451
0.4992453
0.49924493
0.49924457
0.4992451
0.49924487
0.49924475
0.49924523
0.4992451
0.49924535
0.49924517
0.499245
0.49924523
0.4992445
0.4992451
0.49924427
0.49924666
0.4992451
0.49924517
0.49924505
0.499245
0.49924487
0.49924487
0.49924475
0.4992451
0.49924475
0.49924523
0.49924523
0.49924535
0.4992451
0.4992451
0.4992447
0.49924487
0.49924535
0.4992451
0.499245
0.499245
0.49924493
0.4992451
0.4992447
0.49924517
0.49924564
0.49924487
0.49924535
0.49924505
0.49924475
0.49924505
0.49924523
0.49924463
0.499245
0.49924487
0.49924606
0.49924392
0.49924475
0.499245
0.4992448
0.49924535
0.49924517
0.49924493
0.49924523
0.499245
0.49924523
0.4992451
0.499245
0.49924505
0.499245
0.49924475
0.49924535
0.4992445
0.4992447
0.4992453
0.49924523
0.49924475
0.499245
0.49924546
0.4992451
0.499245
0.49924523
0.4992451
0.49924523
0.49924475
0.4992451
0.4992451
0.4992453
0.49924523
0.49924463
0.49924535
0.49924535
0.49924433
0.499245
0.49924487
0.49924463
0.4992454
0.4992451
0.499245
0.499245
0.499245
0.49924505
0.49924463
0.499245
0.49924523
0.49924487
0.4992451
0.4992451
0.49924487
0.49924493
0.49924558
0.49924523
0.49924505
0.4992447
0.49924523
0.49924535
0.49924475
0.49924505
0.49924517
0.499245
0.4992451
0.49924523
0.49924493
0.49924523
0.49924475
0.49924523
0.49924523
0.499245
0.4992451
0.49924493
0.49924475
0.49924475
0.49924463
0.4992451
0.49924463
0.499245
0.49924463
0.49924463
0.4992447
0.4992451
0.4992451
0.49924463
0.4992448
0.49924505
0.49924505
0.4992451
0.4992448
0.49924487
0.49924505
0.49924505
0.49924535
0.49924523
0.4992453
0.49924493
0.4992447
0.49924493
0.49924934
0.4992448
0.49924487
0.49924487
0.49924487
0.49924463
0.49924427
0.49924487
0.49924493
0.499245
0.4992448
0.49924523
0.4992451
0.4992451
0.4992457
0.49924487
0.499245
0.49924463
0.49924493
0.4992447
0.49924487
0.49924475
0.499245
0.49924463
0.49924523
0.499245
0.499245
0.49924523
0.49924523
0.499245
0.49924487
0.49924535
0.49924523
0.49924582
0.49924493
0.49924487
0.49924523
0.49924523
0.49924523
0.49924523
0.49924487
0.49924517
0.49924546
0.499245
0.49924523
0.49924546
0.4992451
0.49924517
0.49924523
0.499245
0.4992451
0.4992453
0.49924505
0.49924523
0.49924517
0.49924523
0.499245
0.4992451
0.499245
0.49924487
0.49924535
0.49924523
0.4992451
0.49924624
0.4992451
0.49924523
0.4992451
0.49924535
0.4992451
0.4992448
0.49924487
0.49924505
0.49924546
0.499245
0.49924517
0.499245
0.49924523
0.49924505
0.49924535
0.4992454
0.499245
0.4992451
0.49924523
0.49924535
0.49924576
0.49924487
0.49924487
0.499245
0.4992453
0.49924517
0.4992448
0.49924487
0.4992451
0.499245
0.49924475
0.49924493
0.4992451
0.49924523
0.4992453
0.499245
0.49924487
0.4992451
0.4992454
0.49924535
0.49924505
0.4992451
0.4992451
0.4992451
0.49924523
0.49924546
0.499245
0.4992451
0.49924523
0.49924523
0.49924487
0.49924505
0.49924523
0.4992451
0.4992447
0.499245
0.499245
0.49924403
0.4992451
0.4992451
0.49924523
0.4992454
0.49924487
0.499245
0.4992451
0.49924523
0.49924487
0.4992451
0.49924487
0.49924463
0.49924487
0.49924523
0.49924523
0.4992447
0.49924505
0.499245
0.499245
0.49924546
0.49924487
0.49924713
0.49924475
0.49924505
0.499245
0.49924493
0.49924487
0.499245
0.49924523
0.49924475
0.49924487
0.4992448
0.4992454
0.4992451
0.49924517
0.4992451
0.49924523
0.499245
0.49924475
0.49924487
0.499245
0.49924523
0.499245
0.49924517
0.49924523
0.49924505
0.499245
0.499245
0.49924487
0.4992448
0.499245
0.4992451
0.4992451
0.49924505
0.499245
0.49924487
0.49924487
0.49924523
0.49924493
0.499245
0.49924517
0.49924517
0.49924493
0.499245
0.49924517
0.49924475
0.49924475
0.49924487
0.49924487
0.499245
0.49924493
0.49924487
0.49924487
0.49924493
0.49924558
0.499245
0.49924523
0.49924535
0.49924493
0.49924523
0.49924463
0.49924505
0.49924546
0.4992447
0.49924535
0.4992451
0.49924397
0.4992451
0.49924523
0.4992451
0.49924546
0.49924517
0.49924487
0.4992448
0.499245
0.49924535
0.49924546
0.49924487
0.49924487
0.49924475
0.49924505
0.4992451
0.49924487
0.499245
0.49924535
0.499245
0.49924493
0.4992451
0.49924475
0.499245
0.4992451
0.499245
0.49924523
0.4992451
0.49924463
0.49924403
0.499245
0.49924523
0.4992457
0.49924552
0.49924523
0.4992451
0.49924523
0.4992451
0.4992453
0.49924487
0.499245
0.4992451
0.4992451
0.499245
0.49924487
0.499245
0.49924523
0.4992447
0.49924475
0.4992444
0.4992448
0.49924505
0.499245
0.49924487
0.49924493
0.49924487
0.49924487
0.49924487
0.49924493
0.499245
0.4992457
0.49924535
0.499245
0.49924523
0.49924493
0.4992451
0.49924487
0.49924505
0.499245
0.4992447
0.4992451
0.49924546
0.49924523
0.49924487
0.49924523
0.499245
0.49924523
0.49924523
0.49924517
0.499245
0.4992451
0.4992451
0.49924523
0.499245
0.49924356
0.49924487
0.49924487
0.49924487
0.49924517
0.49924475
0.49924487
0.49924523
0.49924523
0.499245
0.49924487
0.49924523
0.49924523
0.49924517
0.49924487
0.4992444
0.499245
0.4992451
0.49924487
0.49924475
0.49924505
0.49924487
0.4992451
0.49924493
0.49924523
0.49924475
0.499245
0.49924517
0.49924523
0.49924487
0.49924523
0.4992451
0.49924523
0.49924475
0.499245
0.49924493
0.499245
0.499245
0.49924487
0.499245
0.49924517
0.49924344
0.49924535
0.49924475
0.4992451
0.499245
0.49924505
0.49924427
0.49924487
0.49924403
0.49924475
0.4992448
0.49924505
0.49924523
0.49924523
0.4992451
0.49924487
0.49924535
0.4992451
0.49924517
0.4992451
0.4992451
0.49924463
0.49924523
0.499245
0.49924487
0.49924505
0.499245
0.49924523
0.4992448
0.49924487
0.4992451
0.49924523
0.49924535
0.4992451
0.49924487
0.499245
0.499245
0.4992453
0.4992444
0.49924517
0.4992451
0.49924493
0.4992451
0.49924487
0.49924535
0.49924487
0.4992451
0.49924523
0.49924523
0.4992451
0.4992451
0.49924487
0.4992451
0.4992451
0.4992451
0.49924535
0.4992454
0.49924487
0.4992451
0.4992451
0.49924493
0.49924463
0.49924535
0.49924535
0.49924487
0.49924475
0.4992451
0.49924523
0.4992447
0.49924463
0.4992451
0.49924493
0.49924487
0.49924487
0.49924463
0.4992447
0.4992445
0.499245
0.4992454
0.49924487
0.499245
0.49924463
0.4992451
0.49924582
0.499245
0.499245
0.4992447
0.49924517
0.4992453
0.4992451
0.49924505
0.49924487
0.49924535
0.49924487
0.49924487
0.4992453
0.49924493
0.49924517
0.49924523
0.49924523
0.499245
0.49924523
0.49924344
0.499245
0.4992453
0.49924487
0.499245
0.49924463
0.4992448
0.499245
0.4992453
0.49924457
0.49924505
0.4992448
0.4992453
0.4992451
0.49924535
0.49924535
0.499245
0.49924523
0.499245
0.49924392
0.4992448
0.49924523
0.4992451
0.499245
0.49924535
0.49924523
0.49924523
0.49924487
0.4992448
0.49924523
0.49924368
0.4992447
0.499245
0.4992448
0.49924427
0.49924487
0.4992451
0.49924535
0.49924523
0.49924475
0.49924505
0.499245
0.499245
0.4992453
0.499245
0.499245
0.49924523
0.49924523
0.49924517
0.49924475
0.49924517
0.49924475
0.49924523
0.49924344
0.49924517
0.49924523
0.49924475
0.4992451
0.4992451
0.4992451
0.4992451
0.499245
0.49924505
0.49924523
0.49924523
0.49924582
0.49924523
0.499245
0.49924535
0.499245
0.49924523
0.499245
0.49924493
0.49924505
0.4992451
0.49924433
0.4992453
0.49924517
0.49924517
0.4992453
0.4992451
0.49924487
0.4992453
0.4992451
0.4992444
0.499245
0.4992453
0.49924523
0.49924457
0.49924487
0.49924487
0.49924475
0.4992451
0.49924523
0.49924475
0.49924546
0.49924487
0.4992447
0.49924535
0.4992445
0.49924523
0.499245
0.4992451
0.49924487
0.49924505
0.49924493
0.49924493
0.49924487
0.4992451
0.4992451
0.49924475
0.4992451
0.4992447
0.49924505
0.4992451
0.49924505
0.49924475
0.4992453
0.4992448
0.49924517
0.4992451
0.4992453
0.49924487
0.4992447
0.499245
0.4992453
0.4992451
0.49924523
0.49924487
0.499245
0.49924487
0.4992447
0.4992451
0.4992448
0.4992451
0.49924505
0.49924493
0.49924487
0.49924535
0.4992451
0.49924517
0.49924487
0.49924487
0.49924535
0.4992454
0.49924517
0.49924487
0.499245
0.49924475
0.499245
0.4992451
0.49924487
0.49924487
0.4992451
0.49924546
0.4992451
0.49924338
0.49924487
0.49924505
0.499245
0.4992447
0.4992448
0.4992451
0.49924523
0.499245
0.49924463
0.49924523
0.49924392
0.49924523
0.49924487
0.49924475
0.4992451
0.49924487
0.4992451
0.49924487
0.4992451
0.49924523
0.4992451
0.499245
0.49924487
0.49924487
0.499245
0.49924487
0.49924523
0.4992451
0.4992451
0.49924517
0.49924505
0.4992451
0.4992451
0.49924463
0.49924493
0.49924487
0.4992431
0.49924493
0.499245
0.49924523
0.49924517
0.49924505
0.4992451
0.49924535
0.4992451
0.499245
0.49924523
0.4992451
0.49924445
0.4992454
0.4992451
0.49924475
0.49924487
0.49924505
0.49924523
0.49924535
0.499245
0.4992432
0.499245
0.49924487
0.49924487
0.499245
0.4992447
0.4992451
0.49924427
0.499245
0.49924535
0.4992451
0.499245
0.49924517
0.49924535
0.49924523
0.4992447
0.49924505
0.49924523
0.499245
0.4992445
0.49924493
0.499245
0.49924487
0.49924463
0.4992451
0.49924487
0.49924475
0.49924523
0.499245
0.49924535
0.49924463
0.49924487
0.49924487
0.4992451
0.49924517
0.49924475
0.49924535
0.4992451
0.49924517
0.49924535
0.49924505
0.49924535
0.4992447
0.49924523
0.49924445
0.49924523
0.4992451
0.49924487
0.49924523
0.49924523
0.49924487
0.499245
0.49924535
0.49924493
0.49924558
0.499245
0.49924487
0.49924475
0.49924457
0.49924493
0.49924517
0.49924517
0.49924487
0.49924523
0.4992453
0.499245
0.49924493
0.4992448
0.49924487
0.49924487
0.49924517
0.49924505
0.4992451
0.49924487
0.49924487
0.49924523
0.499245
0.4992448
0.49924517
0.4992451
0.49924457
0.49924505
0.49924523
0.4992451
0.49924487
0.4992451
0.49924487
0.49924487
0.49924463
0.4992451
0.4992451
0.49924433
0.49924463
0.49924505
0.4992454
0.49924475
0.49924493
0.49924523
0.4992451
0.4992451
0.49924463
0.49924493
0.49924678
0.49924487
0.49924517
0.499245
0.4992447
0.49924535
0.49924582
0.499245
0.4992448
0.49924523
0.4992451
0.49924475
0.49924403
0.49924475
0.499245
0.49924523
0.499245
0.49924475
0.499245
0.49924535
0.49924535
0.499245
0.49924463
0.4992451
0.499245
0.49924475
0.4992445
0.499245
0.499245
0.49924546
0.499245
0.499245
0.49924517
0.4992448
0.49924475
0.4992451
0.49924523
0.499245
0.49924487
0.49924517
0.49924493
0.4992451
0.4992451
0.49924517
0.49924517
0.49924487
0.49924487
0.4992451
0.49924487
0.49924487
0.49924505
0.49924487
0.49924487
0.499245
0.4992451
0.49924523
0.4992454
0.4992451
0.49924487
0.49924523
0.49924445
0.49924517
0.49924493
0.4992451
0.49924523
0.4992428
0.4992451
0.4992451
0.499245
0.4992451
0.49924463
0.49924475
0.49924487
0.4992451
0.49924505
0.49924505
0.49924445
0.49924517
0.49924463
0.49924535
0.4992451
0.49924445
0.499245
0.49924517
0.49924493
0.49924487
0.499245
0.4992448
0.49924558
0.49924475
0.4992447
0.49924523
0.49924523
0.49924505
0.49924523
0.49924487
0.49924487
0.49924523
0.49924505
0.4992451
0.49924475
0.499245
0.4992453
0.4992448
0.4992451
0.499245
0.49924517
0.49924487
0.499245
0.49924523
0.4992448
0.49924523
0.49924475
0.49924523
0.49924523
0.49924475
0.499245
0.49924487
0.49924505
0.49924505
0.4992445
0.4992453
0.4992451
0.49924487
0.4992453
0.49924493
0.49924535
0.49924463
0.4992451
0.49924505
0.4992451
0.49924523
0.49924517
0.49924523
0.49924517
0.499245
0.49924487
0.49924427
0.4992451
0.49924463
0.4992451
0.49924523
0.4992451
0.49924523
0.49924415
0.4992451
0.4992451
0.49924475
0.4992451
0.49924535
0.4992451
0.49924517
0.4992451
0.49924487
0.4992451
0.49924457
0.4992451
0.499245
0.499245
0.49924487
0.49924487
0.499245
0.49924475
0.4992451
0.49924487
0.49924523
0.4992451
0.49924517
0.4992438
0.4992451
0.49924517
0.49924475
0.49924523
0.499245
0.4992451
0.499245
0.49924487
0.4992454
0.4992451
0.49924523
0.499245
0.49924487
0.4992451
0.49924523
0.49924487
0.49924517
0.49924487
0.4992451
0.49924535
0.49924505
0.49924493
0.499245
0.49924523
0.499245
0.49924487
0.49924546
0.49924475
0.4992448
0.49924523
0.499245
0.4992451
0.49924517
0.49924505
0.49924487
0.49924493
0.4992451
0.49924463
0.4992451
0.4992451
0.49924523
0.499245
0.49924523
0.49924523
0.499245
0.4992438
0.49924505
0.4992451
0.49924523
0.4992448
0.49924523
0.4992451
0.49924523
0.49924505
0.4992451
0.4992447
0.499245
0.49924475
0.49924517
0.49924487
0.49924487
0.49924505
0.4992447
0.49924582
0.49924523
0.49924523
0.4992451
0.4992451
0.49924493
0.4992451
0.4992451
0.4992448
0.49924558
0.49924487
0.49924546
0.49924493
0.499245
0.4992451
0.499245
0.49924535
0.4992448
0.4992448
0.499245
0.49924523
0.499245
0.49924546
0.49924487
0.49924523
0.49924445
0.49924523
0.49924535
0.49924493
0.49924523
0.4992444
0.49924505
0.4992451
0.499245
0.49924433
0.49924487
0.49924517
0.4992453
0.49924487
0.499245
0.49924523
0.4992453
0.49924517
0.499245
0.49924523
0.4992451
0.499245
0.49924487
0.4992451
0.4992453
0.49924475
0.4992447
0.499245
0.499245
0.49924463
0.49924493
0.499245
0.49924535
0.49924487
0.499245
0.49924415
0.49924517
0.4992451
0.49924535
0.4992451
0.49924475
0.49924493
0.49924487
0.49924475
0.49924493
0.499245
0.49924487
0.49924523
0.499245
0.49924493
0.4992451
0.49924523
0.49924523
0.4992451
0.4992451
0.49924487
0.49924475
0.49924546
0.4992451
0.49924475
0.49924517
0.49924523
0.49924535
0.49924475
0.4992444
0.4992451
0.49924487
0.4992448
0.49924606
0.49924487
0.499245
0.49924517
0.49924475
0.499245
0.4992445
0.49924523
0.49924523
0.499245
0.499245
0.49924523
0.49924487
0.49924487
0.4992453
0.4992451
0.49924487
0.4992451
0.499245
0.499245
0.49924505
0.49924523
0.49924535
0.49924493
0.4992451
0.49924493
0.49924487
0.499245
0.49924493
0.49924397
0.4992435
0.4992451
0.499245
0.49924523
0.49924535
0.49924493
0.499245
0.49924523
0.4992451
0.4992451
0.49924487
0.49924463
0.4992447
0.4992448
0.49924535
0.4992448
0.49924487
0.49924523
0.49924475
0.4992444
0.49924493
0.4992451
0.4992451
0.499245
0.49924463
0.4992448
0.4992453
0.49924523
0.4992445
0.49924487
0.4992444
0.49924505
0.4992445
0.49924517
0.4992444
0.49924535
0.49924535
0.4992451
0.49924475
0.4992451
0.49924487
0.499245
0.499245
0.49924505
0.4992451
0.49924487
0.49924463
0.499245
0.49924535
0.49924535
0.49924493
0.49924487
0.49924487
0.49924475
0.4992448
0.49924475
0.49924487
0.49924475
0.4992454
0.4992451
0.49924487
0.49924475
0.49924535
0.49924517
0.49924332
0.49924487
0.4992451
0.49924457
0.49924517
0.4992451
0.49924523
0.49924493
0.4992451
0.49924517
0.49924505
0.49924505
0.4992451
0.49924487
0.49924523
0.4992453
0.49924582
0.4992451
0.49924493
0.49924487
0.4992445
0.499245
0.49924517
0.4992451
0.49924487
0.49924523
0.499245
0.49924505
0.49924475
0.49924523
0.4992451
0.49924475
0.4992451
0.49924535
0.49924535
0.4992451
0.499245
0.49924493
0.49924487
0.499245
0.49924517
0.49924487
0.4992448
0.49924523
0.4992448
0.49924487
0.4992451
0.49924505
0.499245
0.49924475
0.49924463
0.49924546
0.4992444
0.4992451
0.49924535
0.49924487
0.499245
0.49924487
0.49924487
0.49924487
0.49924493
0.49924523
0.4992451
0.49924487
0.49924558
0.49924475
0.49924505
0.49924523
0.49924523
0.4992451
0.4992451
0.49924493
0.49924487
0.49924558
0.49924523
0.4992453
0.49924493
0.49924487
0.499245
0.49924487
0.4992451
0.49924517
0.4992451
0.4992448
0.49924475
0.49924517
0.49924523
0.49924475
0.49924487
0.49924546
0.499245
0.4992448
0.4992448
0.499245
0.4992448
0.4992448
0.49924505
0.49924493
0.4992448
0.4992445
0.4992448
0.49924517
0.499245
0.49924475
0.49924505
0.49924487
0.49924523
0.49924487
0.49924487
0.49924493
0.49924493
0.499245
0.499245
0.49924523
0.4992451
0.49924487
0.4992453
0.49924505
0.49924546
0.49924487
0.49924487
0.49924475
0.4992448
0.49924487
0.4992457
0.49924523
0.49924523
0.49924475
0.49924487
0.49924523
0.499245
0.49924332
0.49924523
0.499245
0.49924493
0.49924487
0.499245
0.49924487
0.49924463
0.49924523
0.4992451
0.4992451
0.499245
0.49924535
0.49924523
0.49924487
0.49924546
0.49924463
0.499245
0.49924445
0.49924523
0.49924487
0.49924535
0.499245
0.499245
0.499245
0.4992451
0.49924505
0.49924475
0.49924487
0.499245
0.49924487
0.499245
0.49924546
0.499245
0.49924475
0.4992451
0.49924487
0.49924505
0.4992451
0.49924505
0.49924535
0.49924517
0.49924487
0.49924487
0.49924487
0.49924487
0.49924552
0.4992451
0.49924505
0.49924523
0.49924523
0.4992448
0.4992451
0.49924487
0.4992451
0.4992451
0.49924523
0.4992451
0.49924463
0.4992451
0.49924505
0.49924517
0.49924523
0.49924523
0.49924517
0.49924493
0.499245
0.49924475
0.49924523
0.49924487
0.4992451
0.49924517
0.49924487
0.49924487
0.49924523
0.49924535
0.49924487
0.49924487
0.49924475
0.49924475
0.49924535
0.49924487
0.49924505
0.4992451
0.49924487
0.49924445
0.49924523
0.499245
0.49924523
0.499245
0.49924523
0.4992447
0.49924475
0.49924475
0.49924523
0.49924535
0.49924493
0.49924505
0.49924403
0.49924535
0.49924487
0.499245
0.49924523
0.49924523
0.49924523
0.49924493
0.49924487
0.49924475
0.49924517
0.49924487
0.49924523
0.499245
0.49924487
0.4992453
0.4992451
0.49924505
0.4992451
0.499245
0.49924523
0.499245
0.49924523
0.4992453
0.4992447
0.49924523
0.49924493
0.49924564
0.4992447
0.4992448
0.49924487
0.49924505
0.49924487
0.49924493
0.49924606
0.49924487
0.49924487
0.49924487
0.49924493
0.49924493
0.4992451
0.499245
0.49924505
0.49924523
0.499245
0.49924427
0.499245
0.49924493
0.499245
0.49924523
0.49924487
0.4992451
0.49924523
0.4992451
0.49924546
0.4992451
0.4992451
0.499245
0.49924487
0.49924475
0.49924523
0.49924475
0.49924523
0.49924523
0.49924493
0.49924505
0.49924517
0.49924487
0.499245
0.499245
0.49924475
0.49924487
0.49924523
0.49924505
0.4992453
0.499245
0.49924487
0.4992451
0.4992451
0.4992453
0.4992448
0.49924493
0.49924487
0.49924505
0.49924475
0.499245
0.49924523
0.4992451
0.499245
0.4992448
0.49924523
0.49924475
0.499245
0.49924535
0.49924523
0.49924517
0.4992451
0.49924487
0.49924487
0.49924517
0.4992451
0.49924517
0.49924505
0.49924487
0.49924487
0.4992448
0.499245
0.4992451
0.49924517
0.49924517
0.49924523
0.4992453
0.49924546
0.49924535
0.49924463
0.49924475
0.49924517
0.49924475
0.499245
0.49924487
0.49924445
0.4992451
0.4992451
0.49924463
0.4992451
0.49924487
0.4992451
0.49924487
0.4992448
0.49924523
0.4992448
0.49924487
0.499245
0.49924523
0.49924487
0.4992451
0.49924523
0.49924552
0.4992451
0.4992451
0.4992454
0.4992454
0.49924493
0.49924505
0.499245
0.499245
0.499245
0.49924487
0.499245
0.4992451
0.4992451
0.49924523
0.49924487
0.49924517
0.4992451
0.49924403
0.499245
0.4992445
0.499245
0.499245
0.4992451
0.4992451
0.49924505
0.49924475
0.49924487
0.4992451
0.49924463
0.49924535
0.499245
0.49924487
0.49924475
0.49924487
0.49924582
0.49924517
0.49924505
0.4992448
0.49924523
0.49924505
0.49924493
0.49924523
0.49924487
0.49924535
0.4992453
0.4992451
0.4992448
0.4992454
0.49924493
0.49924487
0.49924475
0.49924475
0.49924535
0.49924487
0.49924523
0.49924487
0.49924546
0.49924523
0.49924505
0.49924523
0.49924535
0.4992451
0.49924475
0.49924475
0.499245
0.49924493
0.49924487
0.49924427
0.4992451
0.49924505
0.4992447
0.4992453
0.49924463
0.49924523
0.499245
0.499245
0.4992451
0.4992448
0.49924493
0.4992451
0.49924517
0.49924523
0.4992451
0.4992451
0.49924517
0.4992451
0.49924487
0.49924523
0.499245
0.49924523
0.49924558
0.4992451
0.49924552
0.49924487
0.49924487
0.4992451
0.4992451
0.49924523
0.49924523
0.49924558
0.49924487
0.49924463
0.49924487
0.4992453
0.4992444
0.49924493
0.49924523
0.49924493
0.499245
0.49924523
0.49924523
0.49924552
0.49924523
0.4992451
0.49924487
0.49924505
0.4992451
0.49924552
0.499245
0.4992451
0.49924487
0.49924457
0.49924463
0.49924523
0.4992447
0.49924487
0.49924517
0.4992448
0.4992453
0.49924487
0.4992451
0.499245
0.49924535
0.49924523
0.4992451
0.499245
0.4992451
0.4992451
0.49924523
0.49924523
0.49924523
0.49924475
0.499245
0.4992451
0.49924523
0.4992451
0.49924517
0.49924493
0.49924523
0.49924523
0.49924546
0.49924403
0.4992448
0.49924523
0.49924487
0.49924535
0.49924493
0.49924463
0.49924463
0.49924475
0.499245
0.49924505
0.49924523
0.49924523
0.49924505
0.49924487
0.49924505
0.49924535
0.49924475
0.4992451
0.49924558
0.49924463
0.4992447
0.49924493
0.49924487
0.4992451
0.49924505
0.49924535
0.49924475
0.49924523
0.49924463
0.49924523
0.499245
0.4992451
0.499245
0.49924487
0.49924487
0.49924427
0.49924493
0.4992451
0.499245
0.4992453
0.49924487
0.4992451
0.49924463
0.4992445
0.49924517
0.499245
0.499245
0.49924475
0.499245
0.4992447
0.49924487
0.499245
0.4992451
0.49924475
0.49924493
0.499245
0.49924487
0.4992453
0.49924523
0.49924487
0.4992448
0.499245
0.4992451
0.49924487
0.49924523
0.4992451
0.499245
0.49924487
0.49924797
0.4992451
0.499245
0.49924487
0.4992453
0.499245
0.4992451
0.4992457
0.4992457
0.4992445
0.49924487
0.4992448
0.49924475
0.49924475
0.499245
0.49924493
0.49924475
0.499245
0.4992445
0.49924523
0.49924487
0.49924523
0.4992448
0.49924475
0.499245
0.49924523
0.49924487
0.499245
0.49924493
0.4992442
0.49924535
0.49924523
0.49924552
0.49924505
0.49924463
0.49924487
0.4992447
0.4992448
0.4992448
0.4992451
0.4992454
0.49924523
0.49924558
0.49924487
0.4992451
0.49924523
0.49924505
0.4992451
0.49924487
0.49924457
0.49924487
0.49924552
0.49924517
0.4992451
0.4992451
0.49924523
0.49924487
0.49924487
0.49924463
0.49924535
0.49924487
0.49924523
0.49924546
0.49924487
0.4992451
0.49924535
0.4992445
0.49924546
0.49924517
0.49924517
0.49924487
0.49924505
0.49924546
0.499245
0.4992451
0.4992451
0.49924505
0.49924517
0.49924517
0.49924523
0.4992451
0.49924523
0.49924487
0.4992451
0.4992448
0.4992451
0.49924487
0.49924493
0.4992451
0.49924523
0.4992447
0.499245
0.49924493
0.49924427
0.4992451
0.49924523
0.49924523
0.49924475
0.4992451
0.49924493
0.49924475
0.49924523
0.49924517
0.499245
0.499245
0.499245
0.49924392
0.49924475
0.49924475
0.49924487
0.499245
0.4992445
0.4992448
0.499245
0.49924505
0.49924535
0.49924505
0.49924475
0.49924523
0.499245
0.49924535
0.4992453
0.4992438
0.49924487
0.499245
0.49924475
0.49924523
0.4992444
0.4992451
0.49924475
0.49924558
0.49924457
0.4992451
0.4992447
0.49924493
0.49924517
0.4992451
0.4992451
0.499245
0.499245
0.49924427
0.49924487
0.4992451
0.4992451
0.4992454
0.4992451
0.49924505
0.49924463
0.49924493
0.49924493
0.49924505
0.49924523
0.49924487
0.49924535
0.4992451
0.49924463
0.49924523
0.49924523
0.49924493
0.49924535
0.49924523
0.499245
0.499245
0.49924505
0.49924475
0.49924475
0.4992451
0.49924523
0.4992451
0.49924546
0.4992445
0.49924523
0.4992453
0.49924505
0.49924487
0.49924505
0.499245
0.49924475
0.499245
0.49924475
0.4992451
0.49924475
0.49924487
0.499245
0.49924523
0.49924475
0.4992445
0.4992454
0.49924546
0.49924475
0.49924523
0.49924493
0.49924535
0.49924457
0.49924523
0.49924523
0.49924535
0.49924493
0.49924523
0.4992453
0.49924505
0.4992448
0.49924487
0.49924517
0.49924487
0.49924517
0.49924523
0.49924487
0.49924475
0.4992451
0.49924433
0.49924475
0.499245
0.499245
0.499245
0.4992451
0.49924523
0.4992451
0.49924475
0.499245
0.49924475
0.49924523
0.49924463
0.49924487
0.4992451
0.49924493
0.4992454
0.49924523
0.49924523
0.4992448
0.4992451
0.49924493
0.49924487
0.499245
0.49924535
0.49924493
0.499245
0.4992451
0.49924475
0.49924546
0.49924523
0.49924523
0.49924523
0.49924517
0.49924493
0.4992447
0.4992451
0.4992451
0.4992451
0.49924487
0.49924463
0.4992448
0.49924523
0.49924517
0.4992447
0.49924535
0.49924493
0.49924487
0.49924487
0.49924475
0.49924493
0.49924505
0.49924487
0.4992451
0.499245
0.49924523
0.49924493
0.49924487
0.49924475
0.49924523
0.49924523
0.4992451
0.49924523
0.499245
0.49924493
0.499245
0.4992451
0.49924505
0.4992453
0.49924475
0.49924535
0.49924487
0.49924487
0.49924523
0.49924517
0.49924487
0.49924475
0.49924493
0.49924523
0.4992451
0.4992445
0.4992453
0.499245
0.49924493
0.499245
0.499245
0.49924475
0.49924523
0.49924546
0.49924487
0.49924523
0.49924505
0.4992451
0.4992451
0.4992451
0.49924487
0.4992451
0.499245
0.49924535
0.49924535
0.49924517
0.49924517
0.49924493
0.49924523
0.49924427
0.49924535
0.49924523
0.4992451
0.49924475
0.49924463
0.49924523
0.499245
0.49924523
0.49924487
0.49924523
0.4992451
0.49924493
0.4992451
0.4992453
0.499245
0.499245
0.4992451
0.49924403
0.4992448
0.49924487
0.49924523
0.4992447
0.499245
0.49924505
0.499245
0.4992445
0.4992451
0.499245
0.499245
0.49924475
0.4992444
0.49924463
0.49924475
0.49924475
0.49924415
0.49924523
0.49924517
0.49924517
0.499245
0.49924517
0.499245
0.49924523
0.49924523
0.499245
0.499245
0.49924523
0.4992451
0.49924475
0.49924546
0.4992451
0.49924523
0.49924535
0.49924505
0.49924487
0.49924487
0.4992451
0.49924505
0.49924463
0.4992451
0.4992448
0.49924505
0.49924523
0.499245
0.49924517
0.49924368
0.4992454
0.499245
0.49924535
0.49924523
0.49924493
0.49924576
0.49924564
0.49924523
0.4992447
0.499245
0.499245
0.4992451
0.49924493
0.4992451
0.4992444
0.49924558
0.49924505
0.49924523
0.49924487
0.49924523
0.499245
0.4992448
0.49924517
0.4992451
0.49924397
0.4992451
0.499245
0.4992447
0.4992451
0.49924535
0.4992447
0.49924517
0.49924564
0.49924397
0.49924523
0.49924505
0.4992445
0.49924475
0.4992451
0.499245
0.4992445
0.49924493
0.49924493
0.49924487
0.4992451
0.49924505
0.49924517
0.49924523
0.499245
0.49924523
0.49924427
0.49924523
0.49924487
0.49924463
0.4992445
0.49924517
0.49924487
0.49924487
0.499245
0.49924493
0.49924403
0.4992453
0.49924505
0.49924463
0.49924475
0.49924517
0.49924523
0.49924523
0.4992451
0.4992453
0.4992442
0.499245
0.49924654
0.4992451
0.49924487
0.499245
0.4992448
0.4992451
0.49924505
0.4992451
0.49924332
0.49924487
0.49924517
0.4992448
0.49924546
0.49924523
0.49924487
0.49924558
0.49924493
0.49924433
0.4992451
0.49924523
0.49924475
0.4992451
0.499245
0.499245
0.4992451
0.49924505
0.49924487
0.49924475
0.4992451
0.49924475
0.4992453
0.49924493
0.49924535
0.49924475
0.49924523
0.4992451
0.49924475
0.49924475
0.49924487
0.49924523
0.49924487
0.499245
0.4992441
0.499245
0.4992448
0.49924666
0.49924475
0.49924505
0.49924535
0.49924505
0.4992447
0.499245
0.49924475
0.49924564
0.4992451
0.4992451
0.4992448
0.4992445
0.49924517
0.49924475
0.49924475
0.49924475
0.49924517
0.4992451
0.49924463
0.4992454
0.4992451
0.49924523
0.49924475
0.49924475
0.4992453
0.49924505
0.4992451
0.499245
0.499245
0.4992445
0.4992448
0.49924475
0.4992451
0.4992453
0.49924505
0.49924535
0.4992447
0.49924493
0.49924517
0.49924546
0.49924475
0.49924475
0.49924505
0.49924487
0.4992453
0.49924523
0.4992451
0.499245
0.499245
0.4992451
0.4992451
0.4992448
0.4992451
0.49924487
0.4992451
0.49924403
0.49924487
0.49924517
0.4992448
0.499245
0.4992448
0.49924517
0.49924523
0.4992451
0.4992448
0.49924517
0.49924505
0.49924523
0.4992451
0.49924523
0.49924487
0.49924475
0.49924523
0.4992451
0.49924487
0.4992451
0.49924487
0.4992451
0.4992451
0.49924463
0.4992451
0.49924535
0.4992453
0.4992448
0.49924487
0.49924517
0.49924487
0.49924517
0.49924487
0.49924523
0.49924475
0.49924493
0.4992451
0.4992453
0.4992448
0.4992447
0.4992451
0.49924523
0.49924475
0.499245
0.4992451
0.49924546
0.49924463
0.49924517
0.49924487
0.49924535
0.49924505
0.49924517
0.49924523
0.4992453
0.49924487
0.49924505
0.49924523
0.4992451
0.499245
0.49924505
0.4992453
0.499245
0.49924487
0.499245
0.49924487
0.49924546
0.499245
0.49924517
0.49924517
0.49924493
0.4992451
0.49924433
0.499245
0.49924517
0.49924487
0.499245
0.49924493
0.49924505
0.4992475
0.4992448
0.499245
0.499245
0.499245
0.49924487
0.499245
0.49924487
0.49924487
0.49924505
0.49924535
0.49924487
0.4992448
0.49924523
0.499245
0.49924475
0.49924517
0.4992448
0.49924552
0.49924523
0.4992453
0.49924523
0.49924475
0.49924535
0.4992451
0.49924475
0.49924546
0.49924493
0.49924487
0.49924523
0.49924475
0.49924546
0.49924505
0.49924535
0.499245
0.499245
0.49924475
0.49924505
0.49924493
0.49924487
0.49924505
0.49924546
0.49924523
0.49924475
0.4992451
0.499245
0.49924487
0.49924535
0.49924487
0.4992453
0.49924552
0.49924523
0.4992444
0.49924505
0.4992453
0.49924463
0.4992451
0.49924463
0.49924523
0.499245
0.49924523
0.49924517
0.499245
0.4992451
0.49924487
0.49924517
0.499245
0.499245
0.49924487
0.499245
0.49924427
0.49924523
0.4992451
0.49924523
0.499245
0.49924546
0.49924487
0.4992451
0.4992451
0.499245
0.49924523
0.4992451
0.499245
0.499245
0.49924517
0.49924523
0.49924463
0.4992451
0.499245
0.499245
0.49924523
0.49924517
0.4992451
0.49924535
0.49924493
0.49924487
0.49924463
0.49924517
0.49924713
0.4992445
0.49924475
0.49924576
0.4992451
0.49924493
0.49924487
0.49924523
0.49924487
0.49924546
0.4992451
0.4992451
0.4992451
0.49924505
0.49924493
0.49924517
0.499245
0.49924475
0.49924487
0.49924523
0.49924505
0.49924487
0.49924523
0.4992451
0.4992451
0.49924517
0.49924523
0.49924487
0.49924487
0.499245
0.49924493
0.4992441
0.49924505
0.49924523
0.49924475
0.49924505
0.49924523
0.499245
0.4992451
0.499245
0.49924523
0.4992451
0.49924487
0.499245
0.49924463
0.49924523
0.4992451
0.4992451
0.4992451
0.49924523
0.49924475
0.499245
0.4992453
0.4992445
0.49924523
0.4992453
0.49924535
0.49924487
0.4992445
0.4992451
0.4992451
0.49924475
0.4992453
0.49924523
0.49924523
0.49924523
0.49924475
0.49924493
0.49924535
0.49924523
0.49924523
0.49924487
0.499245
0.4992451
0.4992451
0.49924487
0.4992451
0.4992448
0.4992451
0.49924487
0.49924523
0.4992444
0.49924374
0.49924487
0.4992447
0.4992451
0.49924523
0.49924505
0.49924475
0.49924517
0.4992451
0.49924463
0.4992451
0.4992451
0.4992444
0.49924487
0.499245
0.49924505
0.49924475
0.4992451
0.49924517
0.49924505
0.49924535
0.499245
0.4992451
0.49924517
0.4992453
0.4992451
0.49924487
0.49924475
0.4992448
0.49924505
0.49924517
0.4992451
0.49924505
0.49924487
0.49924493
0.49924523
0.49924523
0.49924517
0.49924523
0.4992448
0.4992451
0.4992448
0.49924624
0.49924487
0.49924493
0.4992451
0.49924457
0.4992451
0.49924487
0.4992448
0.49924523
0.4992448
0.49924487
0.49924475
0.49924487
0.4992444
0.49924463
0.49924493
0.4992451
0.49924487
0.499245
0.49924535
0.4992457
0.49924523
0.49924505
0.49924517
0.4992451
0.49924487
0.499245
0.49924475
0.4992451
0.49924535
0.4992447
0.499245
0.49924523
0.49924505
0.49924487
0.4992448
0.49924487
0.4992451
0.49924487
0.4992451
0.49924523
0.4992447
0.49924433
0.49924505
0.49924493
0.49924523
0.4992451
0.49924475
0.4992451
0.4992453
0.49924505
0.49924523
0.4992454
0.49924487
0.49924487
0.49924487
0.49924487
0.49924535
0.49924487
0.49924517
0.49924487
0.4992451
0.49924475
0.49924457
0.49924487
0.49924582
0.4992451
0.49924523
0.499245
0.4992453
0.49924487
0.499245
0.49924523
0.4992454
0.49924535
0.4992453
0.499245
0.49924558
0.49924558
0.499245
0.49924457
0.4992451
0.4992448
0.4992451
0.4992451
0.4992444
0.49924487
0.4992453
0.49924487
0.49924523
0.4992451
0.49924517
0.49924463
0.49924505
0.49924475
0.49924517
0.49924523
0.49924523
0.4992448
0.49924487
0.49924427
0.49924493
0.49924493
0.499245
0.4992448
0.49924523
0.4992451
0.49924523
0.4992451
0.49924505
0.499245
0.49924523
0.49924582
0.49924475
0.49924475
0.49924523
0.49924523
0.49924487
0.4992457
0.4992451
0.49924505
0.4992451
0.49924493
0.49924517
0.49924535
0.4992448
0.4992451
0.49924546
0.49924487
0.4992447
0.49924457
0.49924493
0.49924487
0.49924475
0.499245
0.49924487
0.4992447
0.49924475
0.49924517
0.4992448
0.49924535
0.4992451
0.4992451
0.4992454
0.49924517
0.49924493
0.49924493
0.49924493
0.49924493
0.499245
0.49924535
0.49924475
0.499245
0.499245
0.4992451
0.49924463
0.49924517
0.499245
0.49924558
0.49924505
0.49924535
0.4992451
0.49924487
0.49924487
0.49924523
0.4992453
0.49924535
0.49924475
0.4992451
0.49924546
0.49924523
0.49924523
0.4992448
0.49924475
0.4992442
0.499245
0.4992451
0.49924487
0.49924487
0.49924523
0.499245
0.49924475
0.49924523
0.49924523
0.49924487
0.499245
0.4992451
0.49924535
0.49924487
0.49924535
0.49924546
0.49924505
0.499245
0.49924517
0.4992444
0.49924493
0.49924487
0.49924517
0.49924487
0.49924487
0.49924493
0.49924463
0.49924505
0.49924523
0.499245
0.4992451
0.49924523
0.49924463
0.49924475
0.49924487
0.49924505
0.49924487
0.4992442
0.49924535
0.4992444
0.4992451
0.49924487
0.4992451
0.49924475
0.499245
0.49924523
0.499245
0.4992447
0.49924487
0.4992451
0.49924475
0.49924517
0.49924517
0.4992451
0.4992451
0.4992451
0.499245
0.49924493
0.4992454
0.4992451
0.49924463
0.49924487
0.4992451
0.49924523
0.4992448
0.49924523
0.4992448
0.49924487
0.49924517
0.49924523
0.4992451
0.499245
0.499245
0.49924487
0.4992451
0.49924517
0.49924546
0.49924487
0.49924487
0.4992451
0.4992448
0.49924487
0.499245
0.499245
0.49924487
0.4992447
0.499245
0.49924523
0.49924487
0.4992448
0.49924487
0.49924523
0.49924535
0.49924576
0.49924487
0.49924493
0.499245
0.4992451
0.49924487
0.49924523
0.49924523
0.499245
0.4992447
0.49924475
0.4992453
0.4992451
0.49924517
0.4992451
0.49924487
0.49924523
0.4992453
0.49924535
0.49924493
0.4992448
0.49924523
0.49924487
0.4992453
0.49924505
0.49924487
0.49924338
0.49924546
0.499245
0.49924475
0.49924546
0.49924487
0.499245
0.4992445
0.4992451
0.49924523
0.49924535
0.499245
0.49924487
0.49924487
0.499245
0.49924493
0.49924523
0.49924487
0.49924475
0.49924535
0.499245
0.49924523
0.49924558
0.49924463
0.4992448
0.49924487
0.4992454
0.49924523
0.4992453
0.49924493
0.4992451
0.49924582
0.49924523
0.4992451
0.49924505
0.4992451
0.499245
0.49924505
0.499245
0.49924523
0.49924487
0.49924523
0.49924523
0.49924463
0.49924445
0.4992451
0.49924535
0.4992451
0.49924535
0.49924523
0.4992457
0.499245
0.49924576
0.4992445
0.49924463
0.49924403
0.49924523
0.49924535
0.49924493
0.49924523
0.4992451
0.49924546
0.49924523
0.49924487
0.49924523
0.49924505
0.49924523
0.49924505
0.49924535
0.499245
0.4992448
0.49924523
0.49924535
0.49924487
0.49924523
0.4992451
0.49924487
0.49924517
0.4992451
0.4992451
0.499245
0.499245
0.499245
0.499245
0.49924576
0.49924505
0.499245
0.499245
0.499245
0.49924463
0.499245
0.49924618
0.49924487
0.49924487
0.49924517
0.49924505
0.49924523
0.49924487
0.49924487
0.49924523
0.49924487
0.49924487
0.4992453
0.4992451
0.49924535
0.49924523
0.49924457
0.49924535
0.49924517
0.49924445
0.49924517
0.49924475
0.499245
0.4992447
0.499245
0.499245
0.4992451
0.49924493
0.49924487
0.49924523
0.49924463
0.4992451
0.499245
0.49924487
0.49924493
0.4992453
0.49924487
0.4992451
0.49924493
0.4992451
0.49924487
0.499245
0.49924517
0.4992445
0.49924505
0.49924517
0.499245
0.49924487
0.49924523
0.49924487
0.49924517
0.499245
0.4992451
0.4992448
0.499245
0.499245
0.499245
0.49924535
0.49924463
0.49924546
0.49924546
0.49924487
0.4992451
0.49924523
0.49924535
0.4992451
0.4992451
0.49924403
0.49924475
0.49924475
0.4992451
0.49924493
0.49924493
0.49924493
0.49924493
0.499245
0.499245
0.49924505
0.4992451
0.4992451
0.49924487
0.49924523
0.49924558
0.49924523
0.49924487
0.499245
0.49924493
0.499245
0.49924505
0.49924505
0.4992453
0.499245
0.49924475
0.49924475
0.49924487
0.49924487
0.49924493
0.49924517
0.49924523
0.49924415
0.49924523
0.4992453
0.499245
0.49924475
0.499245
0.49924523
0.49924535
0.49924487
0.49924493
0.4992444
0.4992453
0.49924487
0.49924487
0.499245
0.49924487
0.4992448
0.49924487
0.499245
0.49924487
0.49924475
0.49924505
0.4992451
0.4992451
0.49924445
0.49924523
0.4992451
0.49924517
0.499245
0.49924523
0.49924493
0.49924505
0.4992451
0.49924523
0.4992451
0.4992448
0.4992448
0.49924487
0.4992447
0.49924523
0.4992447
0.49924523
0.49924463
0.49924475
0.499245
0.49924546
0.49924523
0.499245
0.49924487
0.49924475
0.49924487
0.4992447
0.49924487
0.49924487
0.4992451
0.4992451
0.499245
0.4992451
0.4992448
0.49924535
0.49924523
0.49924523
0.499245
0.49924493
0.49924523
0.49924523
0.499245
0.49924618
0.49924493
0.499245
0.4992451
0.49924523
0.499245
0.49924487
0.49924523
0.49924523
0.499245
0.499245
0.49924487
0.49924487
0.499245
0.49924487
0.4992454
0.49924535
0.49924505
0.49924523
0.49924517
0.4992451
0.49924535
0.49924487
0.4992451
0.499245
0.499245
0.49924487
0.49924523
0.49924487
0.499245
0.49924487
0.49924475
0.49924475
0.4992451
0.49924558
0.499245
0.49924523
0.49924487
0.49924523
0.49924487
0.49924523
0.49924523
0.4992448
0.49924457
0.4992453
0.4992451
0.49924558
0.499245
0.4992451
0.4992453
0.49924487
0.49924475
0.49924487
0.49924517
0.49924505
0.4992451
0.499245
0.49924475
0.49924463
0.49924463
0.49924517
0.49924523
0.49924505
0.49924523
0.49924535
0.49924475
0.499245
0.49924523
0.49924505
0.49924517
0.49924505
0.49924493
0.4992451
0.49924457
0.499245
0.49924487
0.49924487
0.49924523
0.49924475
0.49924523
0.49924487
0.4992451
0.49924487
0.49924546
0.4992451
0.4992451
0.4992451
0.49924445
0.4992453
0.49924535
0.49924487
0.4992451
0.499245
0.49924445
0.49924517
0.49924487
0.49924487
0.49924475
0.49924487
0.49924523
0.49924487
0.49924493
0.49924523
0.49924487
0.4992451
0.4992451
0.499245
0.4992451
0.4992447
0.49924535
0.4992451
0.4992447
0.499245
0.4992451
0.49924487
0.49924523
0.49924505
0.49924475
0.499245
0.499245
0.49924552
0.49924523
0.4992451
0.49924535
0.4992448
0.49924523
0.499245
0.49924475
0.49924517
0.49924523
0.4992453
0.49924487
0.4992451
0.49924475
0.49924523
0.49924487
0.49924487
0.4992451
0.49924523
0.4992453
0.4992447
0.499245
0.4992451
0.49924546
0.4992447
0.49924523
0.49924487
0.4992445
0.49924523
0.4992451
0.49924535
0.49924517
0.49924535
0.499245
0.4992451
0.49924535
0.49924523
0.49924487
0.49924415
0.49924493
0.49924517
0.49924517
0.49924487
0.499245
0.49924487
0.49924475
0.49924535
0.4992457
0.49924487
0.4992451
0.49924332
0.49924475
0.4992448
0.49924445
0.4992453
0.49924493
0.49924523
0.49924475
0.49924505
0.49924523
0.499245
0.49924505
0.49924457
0.49924487
0.4992451
0.4992457
0.49924523
0.49924487
0.49924517
0.49924546
0.49924403
0.4992451
0.499245
0.4992451
0.499245
0.4992451
0.499245
0.499245
0.49924523
0.49924487
0.49924487
0.4992451
0.4992451
0.49924535
0.4992448
0.49924535
0.4992448
0.49924445
0.49924475
0.49924487
0.49924463
0.49924487
0.49924523
0.49924523
0.49924463
0.49924505
0.49924523
0.49924558
0.49924475
0.4992451
0.49924463
0.49924487
0.49924487
0.49924475
0.4992451
0.4992451
0.4992445
0.4992447
0.4992451
0.49924463
0.499245
0.49924415
0.4992451
0.49924535
0.49924535
0.49924493
0.49924523
0.49924487
0.49924475
0.49924487
0.49924546
0.49924487
0.49924487
0.4992451
0.4992451
0.4992451
0.49924487
0.4992448
0.499245
0.49924535
0.4992451
0.49924523
0.4992448
0.49924523
0.49924523
0.49924475
0.49924487
0.49924535
0.499245
0.49924546
0.499245
0.4992447
0.49924475
0.4992451
0.49924475
0.49924493
0.49924517
0.49924523
0.4992457
0.49924487
0.49924493
0.49924487
0.4992453
0.49924487
0.499245
0.499245
0.49924546
0.499245
0.49924475
0.49924487
0.49924487
0.49924558
0.49924523
0.4992448
0.49924505
0.4992451
0.4992454
0.499245
0.49924535
0.49924505
0.49924523
0.49924487
0.49924475
0.49924535
0.499245
0.49924523
0.4992451
0.49924523
0.49924517
0.49924457
0.49924523
0.49924493
0.4992451
0.49924517
0.49924535
0.4992451
0.49924487
0.49924487
0.49924523
0.49924475
0.49924487
0.49924523
0.499245
0.49924523
0.49924487
0.49924487
0.49924546
0.49924487
0.4992451
0.49924475
0.49924505
0.49924517
0.4992454
0.49924523
0.49924487
0.49924535
0.49924523
0.49924487
0.49924487
0.49924517
0.499245
0.49924517
0.4992451
0.4992447
0.49924487
0.49924505
0.49924493
0.49924505
0.49924517
0.49924523
0.4992451
0.4992453
0.49924535
0.4992451
0.4992451
0.49924523
0.4992451
0.49924546
0.49924487
0.49924523
0.4992448
0.49924523
0.499245
0.49924487
0.49924487
0.49924475
0.499245
0.49924523
0.49924517
0.49924546
0.4992448
0.49924493
0.49924493
0.49924475
0.4992451
0.499245
0.49924535
0.49924493
0.499245
0.4992445
0.4992451
0.499245
0.49924427
0.4992444
0.499245
0.499245
0.4992447
0.49924415
0.49924505
0.49924463
0.49924463
0.49924505
0.49924505
0.49924505
0.499245
0.49924475
0.49924505
0.49924475
0.4992448
0.49924523
0.49924475
0.4992453
0.499245
0.49924463
0.49924487
0.49924493
0.49924487
0.49924493
0.49924487
0.49924487
0.499245
0.49924487
0.4992451
0.49924487
0.49924463
0.49924487
0.4992451
0.4992453
0.4992451
0.49924475
0.49924463
0.49924463
0.499245
0.49924523
0.49924427
0.49924535
0.49924475
0.49924505
0.4992451
0.49924517
0.499245
0.4992448
0.49924505
0.49924463
0.4992451
0.49924493
0.4992451
0.49924487
0.4992451
0.499245
0.49924517
0.49924487
0.4992451
0.49924487
0.499245
0.4992451
0.49924535
0.4992451
0.49924523
0.49924517
0.49924546
0.49924487
0.499245
0.499245
0.499245
0.49924463
0.499245
0.49924463
0.49924535
0.4992454
0.49924463
0.49924523
0.49924582
0.49924487
0.49924487
0.49924558
0.4992451
0.49924493
0.49924505
0.4992451
0.49924493
0.49924535
0.4992445
0.499245
0.49924523
0.4992451
0.49924487
0.4992453
0.49924535
0.49924535
0.49924487
0.4992451
0.49924523
0.4992451
0.4992451
0.4992453
0.49924517
0.49924487
0.49924505
0.499245
0.49924523
0.499245
0.49924493
0.4992451
0.499245
0.4992451
0.49924487
0.4992451
0.4992451
0.499245
0.49924487
0.499245
0.49924517
0.499245
0.49924535
0.4992448
0.49924463
0.49924493
0.4992448
0.49924517
0.49924493
0.4992451
0.49924475
0.49924523
0.4992453
0.499245
0.49924487
0.49924535
0.49924487
0.4992445
0.499245
0.499245
0.49924535
0.499245
0.49924463
0.4992448
0.4992451
0.4992448
0.499245
0.49924535
0.499245
0.499245
0.49924517
0.49924523
0.4992451
0.49924493
0.4992451
0.49924535
0.49924475
0.4992451
0.499245
0.4992451
0.49924487
0.49924523
0.4992448
0.49924517
0.49924535
0.49924558
0.49924493
0.4992448
0.49924487
0.4992448
0.49924386
0.499245
0.499245
0.4992451
0.4992444
0.49924493
0.49924463
0.49924493
0.49924517
0.49924487
0.49924463
0.49924487
0.4992448
0.4992451
0.49924505
0.49924523
0.49924493
0.49924535
0.4992451
0.49924487
0.4992451
0.499245
0.49924475
0.49924517
0.4992447
0.49924546
0.49924523
0.49924535
0.499245
0.49924475
0.499245
0.49924487
0.4992451
0.4992445
0.499245
0.49924487
0.49924523
0.4992447
0.49924463
0.49924517
0.49924457
0.49924523
0.49924505
0.49924427
0.49924487
0.49924517
0.499245
0.499245
0.4992453
0.49924487
0.4992451
0.49924523
0.4992453
0.4992451
0.49924523
0.4992451
0.49924546
0.49924487
0.49924517
0.4992451
0.499245
0.49924523
0.4992448
0.49924493
0.49924535
0.4992451
0.499245
0.49924493
0.49924487
0.49924517
0.49924535
0.49924487
0.4992451
0.49924523
0.4992451
0.499245
0.49924487
0.4992451
0.499245
0.49924576
0.49924463
0.499245
0.49924523
0.4992451
0.49924487
0.49924463
0.49924487
0.49924493
0.499245
0.4992451
0.4992451
0.49924523
0.49924463
0.4992448
0.49924487
0.4992451
0.49924517
0.4992451
0.499245
0.49924535
0.49924523
0.49924487
0.49924475
0.49924475
0.4992451
0.499245
0.49924475
0.4992444
0.49924493
0.49924487
0.499245
0.49924487
0.49924618
0.4992451
0.4992451
0.49924475
0.4992448
0.4992451
0.49924517
0.499245
0.49924493
0.4992451
0.49924523
0.4992453
0.49924487
0.49924517
0.4992451
0.4992445
0.49924505
0.499245
0.49924487
0.4992453
0.4992451
0.49924523
0.49924475
0.4992453
0.4992448
0.4992453
0.4992448
0.49924487
0.49924523
0.4992453
0.4992451
0.4992448
0.49924463
0.49924517
0.4992451
0.4992442
0.49924523
0.4992451
0.4992447
0.49924523
0.49924493
0.4992451
0.49924487
0.49924552
0.49924487
0.49924487
0.499245
0.49924487
0.49924523
0.49924475
0.499245
0.49924535
0.49924535
0.499245
0.4992448
0.49924505
0.49924517
0.49924487
0.49924523
0.49924582
0.49924523
0.49924493
0.499245
0.4992451
0.49924475
0.4992448
0.4992451
0.49924475
0.4992444
0.49924517
0.49924475
0.499245
0.49924415
0.49924463
0.49924475
0.49924493
0.49924523
0.49924427
0.49924523
0.4992451
0.49924487
0.49924487
0.49924475
0.49924427
0.49924487
0.49924463
0.49924523
0.49924523
0.49924505
0.49924487
0.49924463
0.49924397
0.49924523
0.4992451
0.49924475
0.49924505
0.4992451
0.49924487
0.49924487
0.49924493
0.49924487
0.49924523
0.49924505
0.499245
0.4992451
0.49924487
0.49924517
0.499245
0.49924487
0.49924487
0.49924517
0.49924523
0.49924523
0.49924493
0.49924523
0.4992454
0.49924463
0.4992451
0.4992451
0.4992447
0.499245
0.49924523
0.49924523
0.4992448
0.499245
0.499245
0.49924487
0.49924487
0.49924523
0.49924517
0.499245
0.49924487
0.49924487
0.49924463
0.49924535
0.49924517
0.49924493
0.49924487
0.499245
0.499245
0.4992444
0.499245
0.49924523
0.49924523
0.49924433
0.49924427
0.4992451
0.49924523
0.49924535
0.4992451
0.4992447
0.49924517
0.4992451
0.4992451
0.4992451
0.49924535
0.49924505
0.49924535
0.49924523
0.49924505
0.4992454
0.4992451
0.49924517
0.4992451
0.49924523
0.49924433
0.49924487
0.49924457
0.4992451
0.49924517
0.49924505
0.4992457
0.499245
0.49924475
0.49924487
0.49924475
0.4992451
0.49924493
0.49924475
0.499245
0.4992451
0.49924487
0.4992447
0.499245
0.49924487
0.4992451
0.49924523
0.49924523
0.49924475
0.49924546
0.4992451
0.499245
0.49924523
0.49924523
0.4992451
0.49924523
0.49924475
0.4992451
0.499245
0.49924523
0.49924475
0.49924558
0.49924523
0.49924523
0.49924138
0.499245
0.49924517
0.49924487
0.49924558
0.49924523
0.49924487
0.49924517
0.49924523
0.4992451
0.49924475
0.49924475
0.49924523
0.499245
0.4992454
0.49924523
0.4992451
0.49924505
0.49924463
0.4992451
0.49924523
0.49924523
0.49924517
0.499245
0.49924517
0.499245
0.49924487
0.49924517
0.4992444
0.4992448
0.49924535
0.49924475
0.49924487
0.49924487
0.49924546
0.49924582
0.49924487
0.49924493
0.49924535
0.49924493
0.4992447
0.49924523
0.49924427
0.4992448
0.4992451
0.4992451
0.49924505
0.4992451
0.49924558
0.49924552
0.49924493
0.49924493
0.49924487
0.4992457
0.4992454
0.49924493
0.49924517
0.499245
0.4992451
0.499245
0.49924445
0.4992451
0.4992451
0.49924487
0.4992451
0.499245
0.499245
0.49924475
0.4992451
0.49924487
0.49924475
0.4992451
0.49924523
0.4992447
0.49924493
0.49924523
0.499245
0.49924523
0.499245
0.49924546
0.49924505
0.49924517
0.49924493
0.49924487
0.49924582
0.4992451
0.4992451
0.49924475
0.49924523
0.4992453
0.49924487
0.4992445
0.4992451
0.49924487
0.49924517
0.499245
0.499245
0.49924487
0.4992451
0.49924487
0.4992448
0.49924487
0.49924546
0.49924475
0.4992451
0.49924487
0.49924487
0.4992451
0.49924487
0.49924517
0.49924517
0.49924475
0.49924594
0.49924356
0.49924487
0.49924546
0.49924535
0.4992444
0.499245
0.49924475
0.49924606
0.49924505
0.4992453
0.49924463
0.4992447
0.4992451
0.49924487
0.4992451
0.49924487
0.4992451
0.49924558
0.49924523
0.4992444
0.49924523
0.49924546
0.49924523
0.49924427
0.49924487
0.49924505
0.49924493
0.49924523
0.49924517
0.49924487
0.49924487
0.4992451
0.49924505
0.4992451
0.499245
0.4992451
0.49924475
0.49924487
0.49924475
0.49924523
0.49924475
0.499245
0.49924523
0.49924487
0.49924523
0.4992451
0.49924487
0.4992451
0.499245
0.4992453
0.49924535
0.4992451
0.49924535
0.49924427
0.4992451
0.4992445
0.4992448
0.4992451
0.4992451
0.49924505
0.49924403
0.49924487
0.49924487
0.49924487
0.49924475
0.49924487
0.49924475
0.49924523
0.49924523
0.49924517
0.4992451
0.4992444
0.49924523
0.49924517
0.49924517
0.4992453
0.4992451
0.4992451
0.4992447
0.49924535
0.49924535
0.4992451
0.49924505
0.4992451
0.4992447
0.4992451
0.49924523
0.4992453
0.49924487
0.49924475
0.499245
0.49924546
0.49924463
0.4992451
0.4992451
0.49924535
0.49924517
0.49924523
0.49924463
0.4992451
0.4992451
0.49924433
0.49924523
0.49924523
0.4992448
0.4992453
0.49924463
0.49924505
0.49924535
0.49924505
0.49924475
0.49924493
0.4992451
0.49924517
0.49924487
0.499245
0.4992451
0.4992451
0.4992457
0.4992453
0.49924517
0.49924493
0.49924523
0.49924362
0.49924463
0.49924535
0.49924463
0.49924493
0.4992445
0.49924523
0.49924475
0.499245
0.49924505
0.4992448
0.4992451
0.4992451
0.49924487
0.49924517
0.49924517
0.4992451
0.49924487
0.4992453
0.49924475
0.49924505
0.49924392
0.49924493
0.49924535
0.49924475
0.499245
0.4992448
0.49924493
0.49924535
0.49924487
0.49924523
0.49924487
0.4992451
0.49924487
0.49924487
0.499245
0.49924493
0.499245
0.4992451
0.49924487
0.499245
0.49924487
0.49924487
0.4992451
0.499245
0.4992448
0.49924505
0.4992438
0.4992451
0.49924535
0.49924523
0.499245
0.4992445
0.4992451
0.499245
0.49924493
0.4992451
0.4992451
0.49924487
0.49924505
0.4992451
0.49924535
0.49924487
0.49924487
0.49924457
0.49924523
0.49924517
0.499245
0.4992451
0.49924433
0.4992457
0.4992451
0.49924487
0.49924523
0.49924523
0.49924463
0.49924535
0.4992451
0.4992451
0.49924523
0.499245
0.49924493
0.49924523
0.49924535
0.4992451
0.49924505
0.49924493
0.49924493
0.4992448
0.49924487
0.499245
0.49924493
0.4992453
0.4992451
0.49924558
0.49924546
0.4992451
0.49924546
0.4992451
0.49924487
0.499245
0.49924517
0.499245
0.49924546
0.499245
0.49924475
0.49924523
0.49924517
0.49924523
0.49924523
0.49924523
0.4992451
0.49924523
0.4992451
0.49924487
0.49924475
0.49924523
0.49924475
0.499245
0.49924463
0.4992451
0.499245
0.4992451
0.49924475
0.49924487
0.49924487
0.49924475
0.49924487
0.49924487
0.49924535
0.49924463
0.4992451
0.49924487
0.49924487
0.49924564
0.49924475
0.49924493
0.49924523
0.499245
0.49924493
0.49924487
0.49924523
0.49924487
0.4992451
0.4992448
0.499245
0.4992451
0.499245
0.4992451
0.4992451
0.4992445
0.4992451
0.49924475
0.49924487
0.4992454
0.499245
0.49924523
0.4992448
0.499245
0.4992451
0.49924505
0.49924487
0.49924487
0.49924505
0.49924606
0.49924493
0.4992451
0.49924493
0.499245
0.4992451
0.49924487
0.49924535
0.49924493
0.49924487
0.49924523
0.49924475
0.49924475
0.49924642
0.49924517
0.49924487
0.49924475
0.49924564
0.49924487
0.499245
0.49924475
0.49924493
0.49924475
0.499245
0.49924523
0.49924523
0.4992453
0.49924463
0.49924487
0.49924463
0.49924523
0.4992444
0.499245
0.49924558
0.49924487
0.49924517
0.4992448
0.499245
0.4992451
0.49924493
0.49924445
0.49924493
0.4992451
0.49924505
0.49924493
0.4992451
0.49924523
0.4992453
0.499245
0.499245
0.49924523
0.4992451
0.49924535
0.49924493
0.4992451
0.499245
0.49924523
0.49924517
0.49924493
0.499245
0.49924535
0.49924487
0.49924493
0.49924475
0.49924487
0.49924493
0.49924523
0.49924487
0.49924493
0.49924475
0.49924415
0.4992451
0.49924523
0.49924505
0.4992451
0.4992451
0.49924487
0.4992451
0.499245
0.49924535
0.49924463
0.4992451
0.4992451
0.49924487
0.499245
0.49924517
0.4992451
0.499245
0.49924463
0.49924505
0.4992451
0.49924517
0.49924523
0.49924487
0.49924487
0.4992451
0.4992451
0.4992444
0.4992448
0.4992453
0.49924523
0.49924487
0.49924505
0.4992448
0.49924475
0.49924463
0.4992451
0.49924463
0.4992448
0.49924523
0.49924523
0.49924517
0.4992451
0.4992448
0.4992448
0.49924517
0.49924487
0.49924505
0.4992451
0.4992444
0.4992451
0.49924487
0.49924487
0.49924517
0.49924523
0.49924487
0.49924493
0.499245
0.499245
0.49924463
0.49924523
0.49924535
0.4992451
0.4992445
0.4992451
0.49924523
0.49924487
0.49924535
0.499245
0.4992454
0.49924475
0.49924487
0.49924487
0.49924475
0.49924487
0.49924493
0.49924535
0.4992451
0.49924487
0.499245
0.49924523
0.49924523
0.499245
0.49924546
0.49924523
0.4992451
0.49924463
0.49924523
0.4992451
0.49924487
0.49924487
0.499245
0.49924463
0.49924493
0.49924546
0.49924517
0.49924535
0.49924463
0.49924487
0.49924523
0.49924475
0.499245
0.4992451
0.49924523
0.4992451
0.499245
0.4992447
0.49924475
0.49924493
0.4992451
0.49924517
0.49924523
0.4992448
0.4992451
0.49924505
0.49924523
0.4992453
0.49924535
0.499245
0.49924523
0.49924517
0.499245
0.4992451
0.49924558
0.49924463
0.49924475
0.49924535
0.49924457
0.4992453
0.4992451
0.4992448
0.4992451
0.49924523
0.49924487
0.49924487
0.4992453
0.49924523
0.4992448
0.49924546
0.499245
0.49924493
0.4992451
0.49924356
0.49924463
0.49924523
0.49924523
0.49924487
0.4992451
0.49924535
0.499245
0.49924487
0.49924523
0.499245
0.4992451
0.499245
0.499245
0.49924493
0.499245
0.4992451
0.4992451
0.4992453
0.49924463
0.49924523
0.49924505
0.49924487
0.49924523
0.49924493
0.499245
0.49924523
0.499245
0.499245
0.4992451
0.49924517
0.49924487
0.49924523
0.4992451
0.49924523
0.49924463
0.4992453
0.4992447
0.4992453
0.49924505
0.49924487
0.499245
0.49924523
0.49924475
0.49924487
0.49924523
0.49924523
0.49924523
0.49924523
0.4992453
0.49924475
0.49924558
0.49924523
0.49924505
0.4992444
0.4992451
0.4992451
0.49924523
0.4992451
0.49924475
0.49924517
0.49924493
0.49924523
0.49924523
0.4992448
0.4992451
0.499245
0.49924487
0.4992453
0.4992453
0.4992454
0.49924463
0.49924475
0.4992451
0.49924535
0.49924523
0.4992451
0.49924523
0.4992448
0.4992451
0.49924523
0.49924523
0.49924523
0.4992451
0.49924487
0.49924487
0.49924523
0.4992451
0.4992451
0.49924505
0.4992451
0.49924475
0.49924535
0.4992451
0.499245
0.499245
0.49924487
0.49924487
0.49924493
0.49924606
0.4992451
0.49924523
0.499245
0.49924403
0.4992451
0.4992453
0.49924523
0.49924505
0.4992451
0.49924535
0.49924558
0.4992451
0.4992451
0.4992448
0.49924475
0.4992454
0.499245
0.49924487
0.499245
0.49924523
0.49924487
0.49924523
0.4992451
0.499245
0.499245
0.49924487
0.49924487
0.49924463
0.499245
0.49924505
0.4992451
0.4992454
0.49924475
0.499245
0.499245
0.499245
0.4992451
0.4992451
0.49924546
0.49924523
0.49924523
0.49924475
0.49924523
0.49924535
0.4992451
0.499245
0.4992451
0.49924523
0.49924487
0.49924463
0.4992445
0.4992451
0.4992451
0.49924463
0.499245
0.4992448
0.49924517
0.49924362
0.499245
0.49924523
0.4992448
0.49924487
0.49924457
0.49924463
0.49924535
0.4992451
0.49924493
0.49924505
0.49924523
0.4992451
0.49924523
0.49924487
0.499245
0.499245
0.49924523
0.49924517
0.49924505
0.4992451
0.49924523
0.49924505
0.4992451
0.49924523
0.499245
0.49924546
0.49924463
0.499245
0.4992451
0.499245
0.4992451
0.4992451
0.49924546
0.4992448
0.499245
0.49924523
0.499245
0.49924463
0.4992453
0.499245
0.49924487
0.49924517
0.49924487
0.4992451
0.4992451
0.49924487
0.4992445
0.49924463
0.49924523
0.4992448
0.49924475
0.49924523
0.49924523
0.49924487
0.49924427
0.4992448
0.49924487
0.49924523
0.49924487
0.4992457
0.4992451
0.49924523
0.499245
0.49924523
0.49924505
0.49924535
0.4992451
0.4992451
0.4992451
0.49924523
0.49924523
0.49924523
0.49924535
0.49924523
0.49924487
0.49924487
0.4992451
0.49924463
0.49924523
0.49924505
0.49924487
0.49924475
0.499245
0.4992453
0.49924457
0.49924535
0.499245
0.4992451
0.49924505
0.49924493
0.49924475
0.49924505
0.4992451
0.499245
0.49924505
0.49924535
0.49924523
0.49924487
0.4992453
0.49924517
0.49924487
0.49924487
0.4992445
0.49924523
0.4992444
0.499245
0.49924505
0.4992453
0.49924523
0.49924487
0.49924487
0.499245
0.4992447
0.4992451
0.4992457
0.49924505
0.49924463
0.49924505
0.499245
0.4992451
0.49924493
0.4992451
0.49924517
0.4992448
0.49924523
0.499245
0.49924463
0.49924523
0.49924475
0.49924445
0.49924487
0.49924517
0.49924523
0.49924523
0.499245
0.49924475
0.499245
0.4992451
0.49924487
0.49924487
0.49924475
0.49924517
0.49924523
0.49924487
0.49924576
0.49924487
0.499245
0.49924517
0.49924523
0.49924475
0.49924505
0.49924475
0.49924487
0.4992453
0.49924487
0.49924475
0.49924487
0.4992451
0.49924523
0.4992445
0.49924493
0.49924487
0.4992451
0.49924535
0.4992451
0.49924505
0.49924487
0.4992445
0.4992451
0.4992451
0.49924523
0.4992444
0.49924487
0.49924475
0.49924517
0.49924493
0.4992451
0.49924487
0.4992451
0.49924463
0.499245
0.4992448
0.499245
0.49924523
0.499245
0.4992444
0.49924487
0.49924487
0.49924546
0.4992451
0.4992451
0.4992445
0.49924475
0.49924487
0.49924523
0.49924582
0.49924523
0.4992451
0.49924487
0.49924487
0.49924517
0.4992445
0.49924505
0.499245
0.49924517
0.49924475
0.49924487
0.49924535
0.49924487
0.4992451
0.4992451
0.499245
0.49924487
0.49924457
0.4992447
0.49924427
0.49924487
0.49924523
0.4992451
0.49924523
0.49924505
0.499245
0.49924463
0.49924523
0.4992451
0.4992453
0.49924505
0.4992451
0.4992451
0.49924517
0.499245
0.49924517
0.499245
0.49924457
0.49924493
0.4992451
0.49924517
0.49924403
0.49924517
0.49924487
0.4992445
0.49924487
0.49924517
0.4992451
0.499245
0.4992451
0.4992447
0.49924493
0.49924493
0.4992451
0.49924475
0.499245
0.49924493
0.49924487
0.49924493
0.49924523
0.49924487
0.49924535
0.4992448
0.4992447
0.49924487
0.49924523
0.49924493
0.49924535
0.49924505
0.4992448
0.4992448
0.4992451
0.4992451
0.4992451
0.4992448
0.49924505
0.49924475
0.49924487
0.49924546
0.499245
0.49924505
0.4992451
0.49924523
0.49924463
0.49924523
0.4992448
0.49924505
0.49924493
0.49924523
0.49924523
0.49924523
0.49924475
0.49924535
0.4992451
0.49924505
0.4992451
0.499245
0.49924523
0.499245
0.49924493
0.499245
0.49924517
0.49924457
0.49924475
0.4992451
0.49924535
0.49924535
0.4992451
0.49924493
0.4992451
0.4992451
0.499245
0.49924487
0.49924523
0.49924475
0.49924487
0.49924535
0.49924523
0.49924487
0.49924487
0.4992451
0.499245
0.49924517
0.49924463
0.4992445
0.4992451
0.49924475
0.499245
0.4992448
0.499245
0.49924487
0.49924487
0.49924523
0.4992448
0.49924523
0.49924535
0.49924576
0.499245
0.49924523
0.49924463
0.4992448
0.49924517
0.49924487
0.4992451
0.49924523
0.49924523
0.49924475
0.49924475
0.4992475
0.49924535
0.49924463
0.4992421
0.49924523
0.49924487
0.49924487
0.4992454
0.49924505
0.499245
0.4992451
0.49924487
0.49924463
0.499245
0.4992453
0.4992451
0.49924505
0.49924487
0.49924475
0.49924505
0.4992451
0.4992445
0.49924523
0.49924493
0.4992448
0.4992451
0.4992451
0.49924523
0.49924517
0.49924493
0.4992451
0.49924523
0.499245
0.4992451
0.49924487
0.4992451
0.4992451
0.499245
0.49924487
0.4992451
0.4992451
0.4992448
0.499245
0.4992451
0.49924523
0.49924475
0.49924427
0.49924517
0.49924487
0.49924356
0.4992444
0.4992441
0.4992451
0.49924523
0.49924475
0.499245
0.499245
0.499245
0.4992451
0.4992451
0.49924475
0.4992451
0.49924523
0.49924523
0.4992451
0.49924487
0.499245
0.49924523
0.49924535
0.49924427
0.49924475
0.49924487
0.49924475
0.49924523
0.4992448
0.49924505
0.4992444
0.49924523
0.49924523
0.49924463
0.499245
0.49924433
0.49924535
0.49924457
0.49924463
0.49924487
0.49924505
0.4992451
0.4992451
0.4992448
0.49924487
0.4992445
0.49924523
0.49924523
0.4992451
0.49924487
0.49924535
0.49924475
0.49924558
0.49924475
0.49924487
0.49924463
0.4992448
0.49924463
0.49924475
0.4992445
0.49924487
0.49924463
0.4992451
0.49924505
0.4992445
0.4992451
0.49924475
0.499245
0.499245
0.499245
0.49924487
0.4992451
0.4992448
0.49924523
0.49924487
0.49924535
0.499245
0.49924457
0.4992463
0.49924523
0.499245
0.499245
0.4992453
0.499245
0.499245
0.49924415
0.499245
0.49924475
0.49924487
0.49924487
0.49924523
0.4992451
0.49924546
0.4992448
0.49924517
0.49924487
0.49924558
0.499245
0.4992448
0.4992445
0.49924618
0.49924505
0.4992451
0.49924463
0.49924487
0.49924505
0.4992451
0.49924546
0.499245
0.499245
0.49924535
0.49924517
0.499245
0.49924487
0.49924487
0.49924517
0.49924487
0.499245
0.4992451
0.49924487
0.49924535
0.49924487
0.499245
0.49924463
0.49924505
0.4992447
0.49924517
0.4992445
0.4992451
0.49924487
0.49924487
0.49924493
0.49924523
0.4992451
0.4992451
0.49924487
0.49924523
0.49924535
0.4992445
0.49924523
0.49924487
0.49924487
0.49924517
0.49924517
0.4992451
0.49924505
0.49924487
0.49924523
0.499245
0.49924463
0.49924535
0.4992448
0.49924523
0.49924487
0.49924463
0.49924487
0.4992447
0.49924517
0.4992451
0.4992451
0.499245
0.49924457
0.499245
0.49924523
0.49924493
0.49924535
0.49924535
0.499245
0.49924487
0.49924535
0.4992447
0.4992451
0.4992448
0.49924427
0.49924505
0.4992451
0.49924523
0.49924505
0.4992445
0.49924493
0.4992451
0.49924493
0.49924517
0.4992451
0.49924493
0.4992451
0.4992448
0.49924517
0.49924523
0.49924487
0.4992454
0.49924463
0.49924546
0.49924517
0.49924505
0.49924463
0.499245
0.499245
0.49924505
0.49924523
0.4992451
0.49924517
0.49924535
0.49924487
0.4992445
0.499245
0.49924535
0.49924475
0.49924505
0.49924523
0.49924582
0.4992447
0.499245
0.49924517
0.499245
0.49924463
0.4992451
0.49924523
0.49924463
0.49924487
0.49924487
0.49924535
0.4992448
0.4992451
0.49924475
0.49924487
0.4992451
0.499245
0.4992445
0.49924523
0.49924505
0.49924517
0.49924594
0.499245
0.49924475
0.4992451
0.49924463
0.499245
0.4992445
0.49924582
0.49924475
0.4992451
0.4992451
0.49924535
0.49924493
0.499245
0.4992451
0.4992451
0.49924487
0.49924463
0.49924505
0.4992451
0.49924493
0.4992448
0.4992451
0.49924463
0.49924487
0.49924493
0.4992448
0.4992448
0.49924594
0.499245
0.4992451
0.49924487
0.499245
0.4992451
0.4992451
0.49924517
0.49924517
0.49924493
0.499245
0.49924517
0.4992451
0.49924487
0.4992451
0.49924523
0.499245
0.49924523
0.4992448
0.49924523
0.49924475
0.49924505
0.49924523
0.49924487
0.49924487
0.49924487
0.499245
0.49924463
0.49924523
0.49924493
0.49924523
0.4992451
0.499245
0.49924618
0.4992451
0.4992451
0.49924463
0.49924487
0.49924487
0.49924475
0.49924523
0.4992444
0.49924535
0.4992451
0.499245
0.49924487
0.4992453
0.49924475
0.49924523
0.4992453
0.499245
0.49924535
0.4992451
0.49924523
0.4992451
0.4992451
0.49924564
0.49924475
0.49924475
0.49924493
0.4992448
0.49924487
0.49924493
0.49924517
0.499245
0.49924493
0.49924403
0.49924546
0.4992454
0.49924517
0.499245
0.4992451
0.49924493
0.4992451
0.49924523
0.49924517
0.4992451
0.49924487
0.499245
0.499245
0.49924523
0.49924523
0.49924475
0.4992454
0.49924475
0.49924475
0.49924487
0.49924475
0.49924487
0.499245
0.49924487
0.49924475
0.4992451
0.49924535
0.499245
0.4992451
0.4992448
0.49924487
0.4992445
0.49924487
0.49924475
0.4992451
0.49924475
0.49924493
0.49924493
0.49924463
0.4992448
0.49924487
0.49924505
0.4992451
0.4992451
0.49924505
0.4992448
0.49924427
0.499245
0.49924487
0.49924493
0.49924517
0.49924546
0.4992451
0.49924505
0.49924475
0.4992451
0.49924552
0.499245
0.49924535
0.499245
0.49924493
0.49924505
0.49924535
0.49924517
0.49924552
0.49924433
0.49924523
0.499245
0.49924463
0.4992451
0.49924535
0.49924505
0.4992454
0.4992451
0.4992448
0.49924505
0.49924487
0.4992451
0.49924535
0.49924475
0.499245
0.49924487
0.49924487
0.49924463
0.4992444
0.49924487
0.49924457
0.49924535
0.49924487
0.49924463
0.49924403
0.49924475
0.49924487
0.499245
0.49924493
0.499245
0.49924517
0.4992453
0.49924505
0.4992451
0.49924523
0.49924523
0.49924487
0.49924493
0.499245
0.49924517
0.49924535
0.49924475
0.49924475
0.4992454
0.49924493
0.49924463
0.49924463
0.49924403
0.49924546
0.49924433
0.4992453
0.49924523
0.499245
0.499245
0.49924523
0.4992451
0.4992451
0.4992393
0.49924505
0.49924475
0.499245
0.4992444
0.499245
0.49924523
0.49924546
0.499245
0.49924487
0.499245
0.49924505
0.499245
0.4992451
0.49924523
0.49924487
0.499245
0.4992445
0.49924517
0.4992451
0.49924463
0.49924505
0.4992451
0.499245
0.49924523
0.499245
0.49924487
0.4992451
0.49924535
0.49924487
0.49924523
0.4992451
0.49924487
0.4992445
0.49924487
0.4992451
0.4992445
0.4992448
0.49924535
0.4992454
0.49924487
0.49924523
0.49924535
0.4992451
0.49924487
0.499245
0.4992445
0.49924523
0.49924523
0.49924475
0.49924523
0.4992448
0.4992451
0.4992451
0.49924493
0.4992451
0.4992448
0.49924523
0.49924487
0.49924505
0.49924487
0.4992451
0.49924535
0.499245
0.49924517
0.49924523
0.4992447
0.49924505
0.4992442
0.499245
0.49924523
0.49924487
0.4992451
0.4992451
0.49924493
0.49924493
0.49924463
0.49924487
0.49924535
0.49924523
0.4992451
0.499245
0.49924517
0.49924487
0.49924523
0.49924493
0.49924505
0.49924523
0.49924487
0.49924535
0.49924475
0.49924487
0.49924523
0.49924517
0.49924457
0.49924487
0.49924487
0.4992451
0.499245
0.499245
0.49924493
0.49924403
0.49924475
0.4992451
0.49924535
0.4992451
0.4992448
0.4992448
0.49924487
0.49924505
0.4992451
0.49924493
0.49924487
0.49924517
0.4992444
0.49924487
0.49924475
0.4992447
0.49924475
0.499245
0.499245
0.49924493
0.499245
0.4992451
0.4992451
0.4992451
0.4992451
0.49924517
0.4992451
0.49924403
0.49924868
0.4992444
0.49924523
0.4992448
0.49924523
0.49924487
0.49924606
0.4992453
0.49924505
0.49924517
0.49924487
0.4992451
0.49924505
0.4992451
0.4992451
0.49924505
0.49924463
0.49924523
0.499245
0.49924523
0.49924475
0.4992451
0.49924517
0.499245
0.49924523
0.499245
0.49924505
0.4992451
0.49924535
0.49924487
0.49924493
0.499245
0.49924517
0.49924523
0.49924487
0.49924523
0.499245
0.4992453
0.49924487
0.49924487
0.49924523
0.49924487
0.49924475
0.499245
0.49924487
0.49924487
0.49924535
0.49924487
0.4992444
0.4992451
0.4992451
0.499245
0.49924493
0.49924475
0.49924505
0.49924475
0.49924344
0.499245
0.49924463
0.49924403
0.49924487
0.49924523
0.49924535
0.49924523
0.499245
0.4992451
0.499245
0.4992451
0.499245
0.49924487
0.499245
0.4992448
0.4992447
0.4992451
0.49924475
0.49924517
0.49924523
0.499245
0.49924457
0.4992453
0.49924487
0.4992451
0.4992451
0.49924487
0.4992448
0.4992451
0.49924475
0.49924564
0.49924594
0.49924475
0.49924517
0.49924523
0.499245
0.4992448
0.49924493
0.4992451
0.49924535
0.49924535
0.49924523
0.49924523
0.49924493
0.49924487
0.4992451
0.49924487
0.49924493
0.49924517
0.49924487
0.49924517
0.4992463
0.4992453
0.4992451
0.49924535
0.49924517
0.4992451
0.499245
0.49924463
0.49924552
0.49924523
0.49924475
0.49924523
0.49924523
0.49924535
0.49924505
0.49924535
0.49924487
0.49924457
0.49924487
0.49924487
0.4992448
0.4992451
0.499245
0.499245
0.49924517
0.49924487
0.49924487
0.49924517
0.499245
0.49924523
0.4992438
0.49924523
0.49924618
0.49924487
0.49924487
0.49924493
0.49924523
0.49924463
0.4992451
0.4992451
0.49924493
0.49924523
0.49924433
0.4992447
0.49924487
0.49924523
0.49924505
0.49924505
0.49924427
0.49924523
0.499245
0.4992451
0.4992451
0.49924475
0.49924517
0.49924558
0.49924505
0.49924493
0.49924523
0.499245
0.4992451
0.49924457
0.4992453
0.49924457
0.4992451
0.499245
0.4992451
0.4992451
0.49924475
0.49924523
0.4992451
0.499245
0.49924463
0.49924535
0.49924535
0.499245
0.4992451
0.49924493
0.4992448
0.49924523
0.49924517
0.4992451
0.4992451
0.4992451
0.49924475
0.499245
0.499245
0.49924463
0.4992454
0.499245
0.49924523
0.49924535
0.4992451
0.4992451
0.4992451
0.49924493
0.49924475
0.4992451
0.49924487
0.499245
0.4992451
0.49924505
0.49924475
0.49924493
0.49924523
0.4992448
0.49924517
0.49924517
0.49924523
0.499245
0.499245
0.49924546
0.49924475
0.49924487
0.49924493
0.49924505
0.49924493
0.49924487
0.4992427
0.49924505
0.499245
0.49924523
0.4992451
0.49924487
0.49924493
0.4992453
0.49924505
0.49924475
0.49924523
0.49924523
0.49924445
0.49924523
0.499245
0.499245
0.49924517
0.49924415
0.49924546
0.49924546
0.49924517
0.4992447
0.4992448
0.499245
0.4992451
0.4992451
0.49924546
0.49924505
0.4992453
0.49924493
0.49924535
0.49924475
0.499245
0.49924517
0.49924624
0.49924517
0.4992448
0.49924415
0.499245
0.4992444
0.49924523
0.4992448
0.49924475
0.49924523
0.4992451
0.49924475
0.49924535
0.49924523
0.49924487
0.49924362
0.49924487
0.49924523
0.49924523
0.4992447
0.4992448
0.49924463
0.499245
0.49924523
0.49924517
0.499245
0.49924487
0.49924535
0.499245
0.49924523
0.49924475
0.49924487
0.4992453
0.4992451
0.4992453
0.49924493
0.49924463
0.49924487
0.49924523
0.49924546
0.4992451
0.49924487
0.49924523
0.49924535
0.49924487
0.499245
0.49924487
0.4992448
0.4992451
0.49924535
0.4992451
0.49924523
0.49924463
0.49924487
0.49924523
0.49924493
0.49924493
0.4992457
0.49924558
0.49924487
0.49924475
0.49924463
0.49924493
0.49924523
0.49924475
0.499245
0.499245
0.49924487
0.49924517
0.49924523
0.4992451
0.49924475
0.49924517
0.49924535
0.49924487
0.49924463
0.4992445
0.499245
0.4992454
0.499245
0.49924517
0.499245
0.4992451
0.49924725
0.4992451
0.499245
0.49924558
0.49924487
0.49924546
0.49924475
0.49924523
0.4992451
0.4992447
0.49924487
0.49924523
0.49924523
0.49924523
0.4992448
0.4992451
0.49924463
0.49924552
0.49924523
0.49924487
0.499245
0.499245
0.49924505
0.49924245
0.49924493
0.49924463
0.49924546
0.49924487
0.49924487
0.49924487
0.4992451
0.49924535
0.49924475
0.4992453
0.49924523
0.49924487
0.49924475
0.49924505
0.49924505
0.49924517
0.49924523
0.499245
0.4992451
0.4992451
0.49924523
0.49924517
0.49924487
0.49924475
0.499245
0.49924493
0.49924475
0.4992451
0.49924517
0.499245
0.4992448
0.4992451
0.499245
0.49924475
0.49924487
0.4992451
0.49924523
0.499245
0.4992448
0.49924546
0.499245
0.4992453
0.49924505
0.4992445
0.49924517
0.4992451
0.49924535
0.49924463
0.49924475
0.4992451
0.49924487
0.49924487
0.499245
0.49924487
0.499245
0.49924546
0.49924505
0.49924487
0.4992448
0.49924517
0.49924523
0.499245
0.4992451
0.4992451
0.49924505
0.499245
0.49924517
0.499245
0.49924648
0.49924493
0.49924487
0.49924505
0.4992448
0.4992448
0.49924493
0.49924487
0.49924493
0.49924523
0.4992438
0.49924126
0.499245
0.49924523
0.49924523
0.49924457
0.49924535
0.49924475
0.49924487
0.499245
0.49924517
0.49924475
0.4992451
0.499245
0.4992444
0.49924517
0.49924523
0.4992451
0.49924523
0.49924403
0.49924487
0.49924546
0.49924523
0.499245
0.49924493
0.4992451
0.49924475
0.49924523
0.49924493
0.49924546
0.49924463
0.49924487
0.49924487
0.4992451
0.49924493
0.499245
0.49924588
0.4992454
0.4992448
0.49924475
0.49924475
0.499245
0.49924523
0.4992451
0.49924463
0.49924475
0.49924493
0.49924493
0.499245
0.49924487
0.499246
0.49924487
0.499245
0.4992448
0.49924517
0.49924505
0.4992451
0.4992451
0.4992447
0.49924487
0.49924505
0.49924493
0.49924523
0.49924493
0.49924463
0.49924523
0.49924487
0.499245
0.49924463
0.4992451
0.499245
0.49924535
0.49924535
0.4992448
0.4992451
0.49924487
0.49924487
0.49924463
0.49924523
0.4992451
0.49924523
0.4992451
0.4992451
0.49924523
0.49924475
0.49924475
0.49924523
0.49924487
0.4992451
0.4992451
0.4992451
0.499245
0.4992451
0.49924535
0.49924475
0.499245
0.49924475
0.49924487
0.49924493
0.49924487
0.4992451
0.4992448
0.49924487
0.4992451
0.49924493
0.49924594
0.4992451
0.49924517
0.49924523
0.49924487
0.4992451
0.499245
0.49924475
0.49924505
0.49924636
0.4992448
0.49924523
0.49924535
0.49924487
0.49924487
0.49924475
0.4992451
0.49924517
0.49924463
0.49924487
0.49924523
0.4992447
0.4992448
0.4992451
0.49924475
0.49924523
0.49924523
0.4992451
0.49924523
0.49924475
0.49924487
0.49924517
0.49924517
0.4992451
0.4992453
0.49924427
0.49924523
0.4992451
0.4992447
0.49924463
0.49924487
0.49924493
0.49924487
0.4992454
0.49924475
0.4992453
0.49924493
0.49924523
0.49924487
0.4992451
0.499245
0.49924535
0.49924523
0.4992451
0.49924475
0.49924535
0.49924475
0.49924487
0.499245
0.499245
0.49924493
0.49924523
0.49924493
0.49924517
0.499245
0.499245
0.49924493
0.4992451
0.49924552
0.49924493
0.49924415
0.4992445
0.49924487
0.4992451
0.4992451
0.49924535
0.4992453
0.49924475
0.499245
0.49924523
0.49924487
0.49924487
0.499245
0.49924487
0.49924535
0.49924475
0.49924475
0.49924523
0.4992451
0.4992451
0.49924427
0.4992451
0.49924487
0.4992451
0.4992451
0.4992451
0.49924535
0.49924487
0.4992438
0.49924517
0.49924517
0.49924493
0.49924487
0.4992457
0.49924517
0.499245
0.499245
0.49924475
0.49924487
0.4992451
0.49924463
0.49924523
0.4992451
0.49924517
0.49924493
0.49924523
0.49924535
0.49924523
0.4992453
0.49924523
0.49924523
0.49924487
0.4992451
0.49924493
0.499245
0.49924487
0.49924493
0.4992451
0.49924427
0.49924517
0.49924457
0.49924493
0.49924463
0.49924535
0.499245
0.4992451
0.49924505
0.499245
0.49924517
0.4992445
0.49924505
0.499245
0.49924487
0.49924523
0.4992453
0.499245
0.49924546
0.49924487
0.4992451
0.49924475
0.49924475
0.49924523
0.4992451
0.49924505
0.49924493
0.49924487
0.4992451
0.49924487
0.49924517
0.49924505
0.4992451
0.49924517
0.499245
0.499245
0.49924523
0.49924505
0.4992448
0.49924535
0.49924487
0.49924505
0.49924505
0.4992445
0.49924463
0.499245
0.499245
0.49924487
0.4992451
0.49924535
0.49924475
0.4992448
0.4992453
0.49924487
0.499245
0.49924397
0.4992451
0.49924517
0.49924523
0.4992451
0.4992451
0.4992451
0.4992451
0.49924487
0.4992451
0.49924487
0.499245
0.49924517
0.4992448
0.49924493
0.499245
0.49924463
0.499245
0.49924487
0.49924523
0.49924523
0.49924546
0.4992448
0.49924415
0.49924487
0.499245
0.4992451
0.499245
0.49924463
0.49924487
0.4992451
0.49924487
0.49924517
0.49924475
0.49924487
0.49924493
0.4992453
0.49924505
0.4992451
0.499245
0.4992442
0.499245
0.49924523
0.49924487
0.499245
0.49924523
0.49924487
0.4992448
0.49924517
0.4992457
0.49924546
0.4992451
0.4992451
0.4992451
0.49924558
0.49924463
0.4992451
0.499245
0.4992454
0.49924558
0.4992451
0.4992451
0.49924487
0.49924517
0.49924505
0.49924427
0.49924523
0.49924523
0.49924523
0.49924517
0.49924487
0.499245
0.4992451
0.49924523
0.49924785
0.4992451
0.49924523
0.49924523
0.49924487
0.49924546
0.4992448
0.4992451
0.49924523
0.49924493
0.49924487
0.4992451
0.499245
0.499245
0.49924523
0.49924517
0.49924523
0.49924517
0.499245
0.49924636
0.49924523
0.4992454
0.49924523
0.49924487
0.499245
0.49924487
0.4992453
0.49924523
0.49924505
0.4992418
0.49924523
0.49924505
0.49924523
0.4992451
0.4992454
0.49924517
0.4992451
0.49924392
0.49924517
0.499245
0.4992451
0.499245
0.4992451
0.499245
0.49924475
0.49924487
0.49924523
0.49924475
0.49924517
0.4992454
0.49924517
0.49924475
0.4992457
0.49924463
0.49924517
0.49924535
0.499245
0.4992451
0.49924523
0.4992454
0.4992451
0.49924523
0.4992451
0.49924523
0.4992451
0.49924505
0.499245
0.4992451
0.499245
0.49924505
0.499245
0.49924505
0.49924487
0.49924517
0.49924523
0.499245
0.49924463
0.49924523
0.4992451
0.4992451
0.4992451
0.49924493
0.49924463
0.4992448
0.49924475
0.4992448
0.49924523
0.4992451
0.49924505
0.49924505
0.49924523
0.49924475
0.49924588
0.49924523
0.49924505
0.49924523
0.4992448
0.49924505
0.499245
0.4992438
0.49924487
0.499245
0.49924493
0.49924517
0.4992451
0.49924463
0.4992451
0.4992448
0.49924523
0.499245
0.49924487
0.49924487
0.49924487
0.4992445
0.49924523
0.4992451
0.49924487
0.4992445
0.49924475
0.49924523
0.4992451
0.49924535
0.49924487
0.49924463
0.49924487
0.499245
0.49924505
0.4992451
0.49924546
0.499245
0.4992447
0.4992445
0.49924475
0.49924523
0.49924523
0.49924487
0.49924523
0.49924523
0.49924523
0.49924457
0.49924505
0.4992453
0.49924487
0.49924487
0.499245
0.49924546
0.49924505
0.49924487
0.49924475
0.49924475
0.499245
0.49924505
0.4992451
0.499245
0.49924475
0.49924487
0.49924517
0.49924523
0.4992445
0.49924487
0.49924523
0.4992457
0.4992451
0.4992451
0.49924493
0.4992448
0.49924475
0.499245
0.4992447
0.49924487
0.49924535
0.49924487
0.4992451
0.4992451
0.4992448
0.49924487
0.49924505
0.4992451
0.4992451
0.49924487
0.4992451
0.49924457
0.49924475
0.499245
0.49924546
0.49924427
0.49924475
0.49924523
0.499245
0.49924487
0.499245
0.4992445
0.49924493
0.499245
0.49924487
0.49924487
0.49924535
0.49924487
0.499245
0.49924487
0.49924546
0.49924487
0.49924487
0.49924475
0.499245
0.49924552
0.4992444
0.4992457
0.49924523
0.49924558
0.4992451
0.49924493
0.49924475
0.49924487
0.49924517
0.49924487
0.4992448
0.49924523
0.49924517
0.49924487
0.4992451
0.49924523
0.49924487
0.49924535
0.4992451
0.49924493
0.49924523
0.4992451
0.49924487
0.49924493
0.49924487
0.4992457
0.49924487
0.49924457
0.49924517
0.4992451
0.49924475
0.49924523
0.4992451
0.499245
0.49924415
0.49924505
0.49924487
0.49924493
0.49924493
0.49924505
0.4992451
0.49924523
0.49924517
0.49924487
0.499245
0.49924523
0.49924487
0.49924475
0.49924487
0.49924457
0.4992451
0.49924445
0.4992451
0.49924546
0.4992451
0.4992451
0.49924546
0.49924535
0.49924475
0.49924403
0.49924463
0.499245
0.49924487
0.49924493
0.49924523
0.49924558
0.49924475
0.499245
0.49924523
0.49924487
0.4992453
0.49924546
0.49924487
0.49924475
0.4992444
0.49924493
0.49924523
0.49924523
0.4992454
0.49924517
0.49924487
0.499245
0.49924487
0.49924535
0.49924463
0.49924523
0.49924487
0.4992451
0.49924517
0.49924457
0.49924523
0.49924493
0.49924487
0.499245
0.49924523
0.49924487
0.49924523
0.4992451
0.49924487
0.49924487
0.4992453
0.4992453
0.49924493
0.499245
0.49924517
0.49924505
0.49924487
0.499245
0.4992451
0.4992448
0.49924493
0.499245
0.4992451
0.499245
0.49924505
0.49924475
0.49924552
0.49924475
0.49924487
0.49924493
0.49924487
0.49924546
0.4992451
0.49924493
0.4992447
0.4992451
0.49924523
0.49924535
0.49924487
0.49924517
0.49924523
0.49924523
0.49924535
0.4992453
0.49924487
0.499245
0.4992445
0.49924427
0.4992451
0.49924523
0.4992448
0.49924427
0.4992451
0.49924475
0.49924457
0.4992448
0.49924487
0.4992444
0.49924505
0.49924505
0.49924523
0.49924463
0.49924493
0.4992453
0.4992451
0.49924487
0.49924517
0.49924523
0.4992451
0.49924475
0.49924523
0.49924535
0.49924535
0.49924523
0.499245
0.4992448
0.4992451
0.4992453
0.4992451
0.49924523
0.49924517
0.49924523
0.49924475
0.4992451
0.499245
0.49924523
0.49924523
0.49924475
0.49924487
0.49924487
0.49924517
0.499247
0.4992451
0.49924487
0.499245
0.49924523
0.49924535
0.4992451
0.49924487
0.4992444
0.499245
0.4992448
0.49924493
0.49924475
0.4992448
0.499245
0.49924523
0.4992444
0.49924505
0.4992451
0.4992448
0.49924535
0.4992445
0.4992444
0.49924487
0.4992451
0.49924487
0.4992451
0.49924493
0.49924493
0.4992451
0.49924493
0.49924487
0.4992453
0.49924523
0.4992447
0.49924463
0.499245
0.4992448
0.49924493
0.4992451
0.49924546
0.49924535
0.4992451
0.49924505
0.49924523
0.49924493
0.49924463
0.49924523
0.49924475
0.49924475
0.49924493
0.49924523
0.4992445
0.4992448
0.49924517
0.499245
0.49924493
0.4992451
0.49924505
0.4992451
0.49924517
0.49924463
0.49924535
0.49924564
0.49924523
0.4992451
0.49924523
0.499245
0.49924523
0.4992451
0.49924475
0.499245
0.49924523
0.4992457
0.499245
0.4992451
0.49924487
0.49924642
0.499245
0.49924505
0.49924523
0.4992451
0.49924487
0.49924487
0.49924463
0.49924523
0.4992454
0.49924523
0.49924523
0.49924475
0.49924523
0.49924463
0.49924523
0.49924487
0.499245
0.49924427
0.4992448
0.499245
0.49924487
0.499245
0.49924505
0.49924487
0.4992447
0.4992447
0.49924523
0.499245
0.49924546
0.4992451
0.49924475
0.49924415
0.49924505
0.49924475
0.499245
0.499245
0.499245
0.49924517
0.49924487
0.49924505
0.49924493
0.4992451
0.4992448
0.49924523
0.4992448
0.49924552
0.49924523
0.49924505
0.4992451
0.49924475
0.4992445
0.499245
0.4992447
0.4992451
0.49924523
0.49924487
0.49924475
0.49924493
0.499245
0.49924523
0.49924535
0.4992451
0.499245
0.4992451
0.49924487
0.4992451
0.49924487
0.49924505
0.49924475
0.49924523
0.49924475
0.4992453
0.4992451
0.49924487
0.4992451
0.49924487
0.499245
0.499245
0.499245
0.4992447
0.49924558
0.4992451
0.49924505
0.49924487
0.49924517
0.49924493
0.499245
0.4992457
0.49924475
0.49924505
0.499245
0.49924487
0.499245
0.49924487
0.49924612
0.49924493
0.49924582
0.49924493
0.49924487
0.49924535
0.4992448
0.49924517
0.499245
0.49924463
0.49924517
0.49924487
0.49924427
0.49924457
0.4992451
0.49924475
0.499245
0.4992451
0.4992451
0.4992448
0.49924523
0.4992453
0.49924505
0.499245
0.4992451
0.49924487
0.4992448
0.49924523
0.49924487
0.49924463
0.4992453
0.4992451
0.499245
0.49924487
0.4992448
0.4992451
0.49924523
0.49924523
0.4992451
0.49924487
0.49924475
0.49924487
0.49924487
0.4992451
0.49924487
0.4992451
0.4992453
0.49924517
0.4992451
0.49924487
0.4992451
0.49924487
0.49924517
0.49924517
0.49924523
0.49924427
0.49924523
0.49924505
0.4992451
0.49924523
0.499245
0.4992451
0.49924517
0.499245
0.499247
0.49924487
0.499245
0.499245
0.49924493
0.4992447
0.4992457
0.49924505
0.4992448
0.499245
0.49924487
0.49924493
0.49924463
0.499245
0.49924487
0.4992451
0.49924487
0.49924487
0.49924475
0.49924523
0.49924505
0.49924487
0.4992448
0.49924535
0.49924463
0.49924535
0.49924487
0.49924475
0.49924505
0.4992451
0.499245
0.49924546
0.4992451
0.499245
0.4992448
0.4992445
0.4992453
0.49924493
0.4992448
0.49924487
0.499245
0.4992448
0.49924487
0.4992451
0.49924517
0.49924523
0.49924523
0.49924493
0.499245
0.49924493
0.49924523
0.4992451
0.4992451
0.499245
0.49924576
0.49924505
0.49924546
0.4992451
0.49924487
0.49924558
0.4992451
0.4992453
0.49924493
0.4992444
0.49924523
0.4992451
0.499245
0.499245
0.4992451
0.4992451
0.4992451
0.49924487
0.49924523
0.49924475
0.499245
0.49924523
0.49924564
0.49924463
0.4992448
0.49924475
0.4992451
0.4992451
0.4992451
0.4992444
0.49924457
0.49924517
0.4992451
0.49924523
0.49924493
0.4992451
0.49924517
0.49924487
0.49924487
0.49924475
0.499245
0.4992451
0.49924505
0.49924475
0.49924487
0.49924475
0.49924475
0.49924517
0.4992451
0.4992453
0.49924505
0.49924523
0.49924523
0.4992457
0.49924487
0.4992451
0.49924487
0.49924523
0.49924493
0.49924487
0.4992451
0.4992453
0.4992451
0.4992448
0.49924505
0.49924493
0.49924493
0.49924493
0.49924487
0.49924487
0.49924535
0.4992445
0.4992451
0.49924487
0.49924487
0.49924487
0.49924475
0.49924517
0.499245
0.49924517
0.4992453
0.4992451
0.49924505
0.49924546
0.49924517
0.49924475
0.49924487
0.49924463
0.49924487
0.49924505
0.4992451
0.49924415
0.49924487
0.4992453
0.49924535
0.49924475
0.499245
0.49924523
0.49924487
0.4992453
0.49924475
0.4992451
0.49924463
0.49924475
0.49924523
0.499245
0.49924505
0.49924535
0.4992447
0.49924487
0.49924475
0.4992451
0.49924457
0.4992451
0.4992451
0.499245
0.4992453
0.4992451
0.4992448
0.49924487
0.49924487
0.49924505
0.49924475
0.499245
0.49924535
0.49924475
0.4992451
0.499245
0.499245
0.499245
0.4992451
0.49924487
0.499245
0.4992451
0.49924505
0.49924523
0.49924493
0.49924535
0.49924523
0.4992451
0.49924517
0.4992453
0.49924517
0.4992453
0.49924523
0.49924505
0.49924523
0.49924546
0.4992448
0.49924523
0.49924475
0.499245
0.49924475
0.49924487
0.49924517
0.49924493
0.4992451
0.49924523
0.499245
0.499245
0.49924463
0.49924535
0.49924523
0.49924505
0.49924386
0.49924463
0.49924493
0.4992447
0.4992451
0.49924517
0.49924487
0.4992445
0.4992451
0.49924487
0.499245
0.4992451
0.49924523
0.49924487
0.499245
0.4992445
0.49924523
0.499245
0.499245
0.49924475
0.49924523
0.4992448
0.499245
0.4992451
0.49924535
0.49924475
0.499245
0.4992451
0.4992447
0.4992451
0.49924517
0.49924523
0.499245
0.49924785
0.49924535
0.49924535
0.49924493
0.49924493
0.499245
0.49924493
0.49924487
0.499245
0.499245
0.49924487
0.499245
0.4992445
0.4992472
0.49924535
0.499245
0.49924505
0.499245
0.4992451
0.49924487
0.49924517
0.49924475
0.49924463
0.49924427
0.49924505
0.499245
0.49924487
0.49924487
0.49924535
0.4992451
0.49924463
0.4992448
0.499245
0.49924523
0.4992451
0.49924505
0.49924487
0.49924463
0.49924594
0.49924523
0.499245
0.4992451
0.499245
0.4992451
0.4992448
0.4992451
0.499245
0.4992451
0.49924523
0.4992451
0.49924523
0.49924517
0.49924505
0.49924487
0.49924493
0.4992448
0.4992444
0.49924475
0.49924487
0.49924415
0.4992451
0.4992453
0.49924487
0.49924713
0.49924523
0.4992453
0.49924523
0.4992451
0.4992451
0.49924493
0.49924457
0.499245
0.49924493
0.49924493
0.49924517
0.49924487
0.4992451
0.49924523
0.499245
0.49924505
0.4992451
0.49924457
0.49924493
0.49924535
0.49924523
0.4992451
0.499245
0.49924523
0.49924463
0.4992445
0.499245
0.49924517
0.49924558
0.49924558
0.4992451
0.4992451
0.49924487
0.49924463
0.49924487
0.49924535
0.49924475
0.4992451
0.49924475
0.49924487
0.4992451
0.49924487
0.49924487
0.499245
0.49924487
0.49924475
0.49924612
0.49924505
0.499245
0.49924523
0.49924487
0.49924517
0.49924487
0.49924475
0.49924487
0.49924517
0.49924517
0.49924505
0.49924445
0.49924535
0.499245
0.4992451
0.4992451
0.49924523
0.4992451
0.4992454
0.49924445
0.4992451
0.49924535
0.49924523
0.49924487
0.49924523
0.49924523
0.49924558
0.49924535
0.4992451
0.4992447
0.4992453
0.49924487
0.49924487
0.49924546
0.4992448
0.49924523
0.49924517
0.49924523
0.49924523
0.49924505
0.49924463
0.49924523
0.49924475
0.49924505
0.4992453
0.49924535
0.49924487
0.49924517
0.49924475
0.4992453
0.499245
0.4992451
0.49924523
0.49924487
0.4992451
0.49924427
0.49924493
0.49924546
0.49924487
0.49924546
0.499245
0.499245
0.49924517
0.49924517
0.49924487
0.49924487
0.49924535
0.49924558
0.49924487
0.4992451
0.4992457
0.49924487
0.49924493
0.49924505
0.4992448
0.499245
0.49924523
0.499245
0.49924487
0.49924517
0.49924505
0.49924505
0.49924493
0.4992445
0.49924517
0.49924517
0.49924475
0.4992448
0.49924487
0.49924558
0.49924517
0.49924505
0.49924487
0.49924546
0.49924517
0.49924344
0.49924475
0.49924535
0.49924475
0.49924517
0.49924487
0.4992445
0.49924475
0.49924493
0.49924505
0.49924475
0.499245
0.49924737
0.49924546
0.49924487
0.4992451
0.49924493
0.49924523
0.49924487
0.49924487
0.49924475
0.49924493
0.4992451
0.49924523
0.4992451
0.499245
0.49924535
0.49924546
0.499245
0.4992451
0.49924535
0.49924427
0.49924523
0.499245
0.49924505
0.49924505
0.49924517
0.49924493
0.499245
0.49924475
0.499245
0.49924523
0.49924535
0.4992451
0.49924505
0.4992454
0.49924523
0.49924523
0.49924457
0.4992451
0.49924517
0.49924493
0.49924523
0.49924487
0.49924523
0.49924523
0.49924487
0.4992451
0.4992451
0.49924523
0.49924523
0.49924523
0.4992445
0.49924487
0.49924594
0.49924463
0.49924582
0.499245
0.49924505
0.49924517
0.49924517
0.49924517
0.49924505
0.49924535
0.49924523
0.49924487
0.499245
0.49924523
0.49924463
0.49924523
0.49924535
0.49924535
0.49924523
0.49924505
0.49924523
0.499245
0.49924535
0.49924505
0.49924594
0.49924535
0.4992451
0.49924505
0.499245
0.4992451
0.49924493
0.49924487
0.49924517
0.499245
0.49924487
0.49924475
0.49924517
0.499245
0.49924493
0.4992451
0.4992453
0.4992451
0.49924523
0.4992451
0.4992448
0.4992451
0.499245
0.4992451
0.49924487
0.49924505
0.49924493
0.49924558
0.49924523
0.49924523
0.49924523
0.49924487
0.4992454
0.49924505
0.49924523
0.49924517
0.49924576
0.49924523
0.4992451
0.49924517
0.49924475
0.499245
0.4992454
0.49924517
0.49924475
0.499245
0.49924433
0.49924487
0.49924517
0.49924463
0.49924517
0.499245
0.49924487
0.4992451
0.49924505
0.49924517
0.49924523
0.4992451
0.499245
0.49924487
0.4992451
0.49924493
0.49924487
0.49924535
0.4992451
0.499245
0.49924487
0.49924523
0.49924463
0.49924493
0.49924487
0.4992451
0.4992448
0.49924517
0.49924546
0.4992451
0.499245
0.49924523
0.4992457
0.4992448
0.49924523
0.49924493
0.499245
0.4992453
0.49924487
0.499245
0.49924487
0.49924487
0.49924523
0.4992444
0.49924517
0.49924535
0.49924523
0.49924505
0.49924475
0.49924523
0.4992451
0.49924487
0.49924535
0.499245
0.49924523
0.49924487
0.49924517
0.4992451
0.49924463
0.4992451
0.49924517
0.4992451
0.499245
0.499245
0.49924523
0.4992454
0.49924523
0.499245
0.49924487
0.49924493
0.4992453
0.49924475
0.4992445
0.49924505
0.4992451
0.49924487
0.499245
0.4992447
0.499245
0.4992448
0.4992447
0.49924535
0.49924475
0.499245
0.4992451
0.49924463
0.4992451
0.49924517
0.4992451
0.49924523
0.49924523
0.4992451
0.4992451
0.49924493
0.49924487
0.499245
0.4992451
0.4992451
0.49924475
0.49924487
0.49924493
0.49924487
0.49924523
0.499245
0.4992447
0.49924487
0.49924487
0.49924493
0.49924314
0.4992451
0.499245
0.49924606
0.499245
0.4992451
0.4992453
0.49924487
0.49924475
0.49924493
0.49924535
0.49924487
0.4992451
0.49924493
0.49924582
0.49924707
0.4992451
0.49924463
0.49924487
0.4992445
0.4992454
0.49924493
0.49924523
0.499245
0.49924493
0.49924457
0.49924493
0.49924493
0.49924415
0.4992444
0.49924523
0.49924493
0.49924463
0.49924558
0.499245
0.4992451
0.49924523
0.49924487
0.49924475
0.49924487
0.4992454
0.49924493
0.49924487
0.49924517
0.49924463
0.4992451
0.49924475
0.49924433
0.4992451
0.49924487
0.49924523
0.49924517
0.49924487
0.499245
0.49924475
0.49924403
0.49924487
0.49924493
0.49924523
0.499245
0.499245
0.499245
0.49924493
0.49924523
0.49924493
0.49924648
0.49924505
0.49924535
0.49924427
0.49924523
0.499245
0.49924487
0.49924445
0.499245
0.499245
0.499245
0.499245
0.49924463
0.49924427
0.49924475
0.49924505
0.49924487
0.4992445
0.499245
0.49924487
0.4992448
0.49924523
0.49924487
0.4992451
0.49924535
0.49924505
0.49924564
0.4992451
0.499245
0.49924368
0.499245
0.49924487
0.4992451
0.499245
0.49924475
0.49924463
0.49924487
0.499245
0.49924493
0.49924505
0.49924517
0.49924487
0.49924487
0.49924487
0.49924546
0.49924487
0.4992451
0.49924517
0.4992451
0.49924493
0.49924546
0.49924493
0.49924487
0.4992451
0.4992451
0.49924523
0.49924523
0.49924487
0.49924475
0.4992451
0.49924517
0.4992453
0.499245
0.4992453
0.49924463
0.49924523
0.49924517
0.49924535
0.49924487
0.49924505
0.4992448
0.499245
0.49924463
0.49924493
0.4992451
0.49924487
0.499245
0.49924523
0.49924487
0.49924487
0.49924523
0.499245
0.499245
0.49924493
0.4992451
0.49924457
0.4992451
0.4992463
0.49924505
0.499245
0.49924493
0.499245
0.49924493
0.49924487
0.49924487
0.49924523
0.49924463
0.49924535
0.4992453
0.49924415
0.4992451
0.499245
0.49924487
0.49924523
0.49924487
0.49924463
0.49924463
0.49924487
0.49924505
0.4992447
0.499245
0.49924546
0.49924487
0.499245
0.4992451
0.4992451
0.49924517
0.49924487
0.49924523
0.49924487
0.49924523
0.4992448
0.4992447
0.49924487
0.4992448
0.49924475
0.4992454
0.49924487
0.49924523
0.49924487
0.499245
0.49924445
0.49924535
0.499245
0.49924523
0.4992442
0.49924487
0.49924487
0.49924487
0.49924487
0.49924606
0.49924463
0.4992451
0.4992451
0.499245
0.4992448
0.499245
0.49924523
0.49924493
0.49924505
0.4992453
0.4992448
0.49924475
0.499245
0.499245
0.49924487
0.49924552
0.4992451
0.49924463
0.4992451
0.49924523
0.49924535
0.49924517
0.4992457
0.49924523
0.49924487
0.49924523
0.499245
0.49924487
0.499245
0.4992451
0.49924523
0.49924523
0.49924523
0.49924487
0.49924535
0.499245
0.49924487
0.49924493
0.4992454
0.49924493
0.49924535
0.4992448
0.49924487
0.4992453
0.4992451
0.4992451
0.49924517
0.49924523
0.49924523
0.49924517
0.49924535
0.49924475
0.49924517
0.4992447
0.49924475
0.49924517
0.4992444
0.4992451
0.49924517
0.4992454
0.4992448
0.49924505
0.4992448
0.49924487
0.4992451
0.499245
0.49924487
0.49924487
0.499245
0.49924523
0.4992451
0.499245
0.49924523
0.49924523
0.49924487
0.4992444
0.49924487
0.4992444
0.499245
0.49924523
0.49924487
0.499245
0.49924487
0.4992451
0.49924523
0.49924487
0.4992451
0.499245
0.49924487
0.49924517
0.4992444
0.4992451
0.49924475
0.49924505
0.49924523
0.4992451
0.49924487
0.4992451
0.49924493
0.49924517
0.49924546
0.49924475
0.4992451
0.49924523
0.499245
0.49924487
0.4992453
0.49924487
0.4992451
0.4992451
0.49924505
0.49924523
0.4992445
0.49924517
0.49924487
0.49924463
0.49924487
0.49924517
0.49924558
0.49924493
0.499245
0.4992457
0.4992447
0.499245
0.49924493
0.4992445
0.49924523
0.49924523
0.49924546
0.499245
0.4992445
0.49924523
0.49924463
0.4992451
0.49924493
0.49924517
0.4992454
0.49924517
0.49924523
0.49924505
0.49924523
0.49924487
0.499245
0.4992454
0.49924487
0.49924415
0.4992445
0.49924463
0.49924493
0.49924523
0.499245
0.49924517
0.49924505
0.499245
0.49924505
0.49924535
0.4992451
0.4992451
0.49924505
0.4992451
0.49924523
0.4992451
0.49924487
0.49924487
0.49924535
0.49924487
0.49924505
0.49924475
0.4992453
0.49924535
0.49924487
0.49924523
0.49924523
0.4992448
0.49924493
0.4992451
0.4992451
0.49924457
0.4992448
0.49924517
0.49924523
0.49924427
0.49924517
0.49924523
0.49924493
0.49924517
0.4992451
0.4992451
0.499245
0.49924558
0.4992451
0.49924517
0.499245
0.49924505
0.49924427
0.49924475
0.49924487
0.499245
0.499245
0.49924523
0.49924475
0.49924475
0.49924523
0.4992448
0.4992445
0.4992451
0.4992451
0.49924535
0.4992451
0.4992451
0.4992451
0.49924487
0.49924523
0.49924523
0.4992453
0.499245
0.49924487
0.49924523
0.49924517
0.499245
0.49924487
0.499245
0.49924517
0.4992451
0.4992451
0.4992447
0.49924523
0.49924535
0.49924546
0.49924475
0.4992451
0.49924493
0.499245
0.499245
0.499245
0.49924487
0.4992454
0.49924517
0.4992451
0.49924457
0.49924493
0.49924487
0.499245
0.49924487
0.49924523
0.49924475
0.49924523
0.49924475
0.49924546
0.49924475
0.4992448
0.49924487
0.49924535
0.49924523
0.49924523
0.499245
0.49924535
0.4992453
0.49924505
0.499245
0.4992448
0.4992448
0.49924505
0.49924475
0.4992451
0.499245
0.4992453
0.49924475
0.4992451
0.49924487
0.499245
0.4992451
0.49924433
0.49924517
0.499245
0.49924487
0.49924535
0.49924493
0.499245
0.49924505
0.49924487
0.4992454
0.49924487
0.49924523
0.49924558
0.49924493
0.49924558
0.49924606
0.499245
0.4992445
0.4992451
0.4992447
0.4992453
0.499245
0.49924523
0.49924546
0.49924475
0.49924487
0.4992451
0.49924535
0.499245
0.49924487
0.4992457
0.49924463
0.49924505
0.49924517
0.49924523
0.49924535
0.49924505
0.4992451
0.49924523
0.49924594
0.49924475
0.4992453
0.499245
0.49924427
0.49924487
0.4992448
0.4992444
0.49924493
0.49924535
0.4992451
0.49924517
0.4992451
0.49924326
0.49924517
0.49924523
0.49924517
0.4992454
0.49924523
0.4992447
0.4992454
0.49924517
0.49924487
0.49924487
0.499245
0.49924517
0.4992453
0.499245
0.4992444
0.49924487
0.49924493
0.499245
0.49924487
0.49924505
0.4992438
0.49924523
0.499245
0.4992448
0.49924487
0.49924523
0.4992451
0.49924487
0.49924487
0.49924403
0.4992451
0.499245
0.49924415
0.49924487
0.49924487
0.49924403
0.49924487
0.49924457
0.49924535
0.49924487
0.49924517
0.49924546
0.49924523
0.49924475
0.49924493
0.499245
0.49924487
0.499245
0.49924535
0.49924535
0.49924523
0.49924517
0.4992451
0.49924505
0.49924523
0.49924475
0.49924493
0.49924517
0.4992451
0.499245
0.499245
0.49924475
0.4992451
0.4992451
0.4992454
0.49924457
0.49924523
0.49924505
0.49924517
0.4992445
0.49924558
0.499245
0.49924546
0.4992451
0.499245
0.49924523
0.49924523
0.49924487
0.4992448
0.49924523
0.49924535
0.49924535
0.49924523
0.49924475
0.49924535
0.499245
0.499245
0.49924523
0.4992451
0.49924517
0.49924517
0.49924487
0.4992453
0.4992444
0.499245
0.49924475
0.49924475
0.49924493
0.49924523
0.4992451
0.49924487
0.499245
0.49924487
0.4992451
0.49924523
0.49924523
0.4992451
0.49924487
0.49924463
0.4992451
0.49924523
0.49924523
0.499245
0.49924523
0.49924487
0.49924475
0.4992453
0.49924523
0.49924487
0.49924487
0.49924475
0.499245
0.49924475
0.4992448
0.4992445
0.49924487
0.49924523
0.49924517
0.499245
0.49924517
0.49924493
0.49924523
0.49924505
0.49924487
0.4992447
0.49924487
0.49924505
0.49924463
0.4992451
0.4992451
0.49924493
0.4992453
0.49924463
0.49924517
0.4992451
0.49924523
0.49924475
0.49924517
0.49924535
0.49924535
0.49924523
0.4992451
0.499245
0.499245
0.49924523
0.4992453
0.49924517
0.49924523
0.499245
0.4992448
0.49924487
0.49924535
0.49924558
0.4992451
0.49924493
0.499245
0.49924475
0.49924475
0.49924362
0.4992451
0.49924523
0.49924487
0.49924505
0.4992448
0.49924475
0.49924487
0.49924523
0.49924523
0.4992453
0.49924475
0.499245
0.49924523
0.49924457
0.49924517
0.49924493
0.49924487
0.499245
0.49924517
0.4992451
0.4992457
0.4992448
0.49924523
0.49924523
0.4992453
0.4992445
0.4992451
0.49924505
0.49924493
0.499245
0.499245
0.49924505
0.499245
0.499245
0.49924493
0.49924487
0.49924546
0.49924487
0.49924487
0.49924475
0.4992451
0.49924523
0.49924582
0.49924487
0.49924487
0.49924546
0.49924463
0.49924487
0.499245
0.49924552
0.4992447
0.499245
0.49924463
0.4992451
0.49924493
0.4992451
0.49924463
0.49924523
0.49924523
0.4992453
0.4992451
0.49924523
0.49924535
0.49924505
0.49924493
0.49924487
0.4992448
0.49924505
0.49924463
0.4992453
0.49924475
0.49924535
0.49924475
0.49924517
0.4992451
0.49924523
0.49924487
0.499245
0.49924487
0.49924487
0.49924487
0.49924535
0.49924475
0.499245
0.49924523
0.4992451
0.49924475
0.49924523
0.4992453
0.4992451
0.4992454
0.4992451
0.49924546
0.4992451
0.499245
0.49924523
0.499245
0.49924523
0.4992454
0.4992453
0.49924535
0.499245
0.499245
0.499245
0.49924475
0.49924523
0.49924535
0.49924487
0.4992451
0.49924475
0.49924493
0.4992451
0.49924523
0.49924487
0.4992451
0.49924463
0.49924523
0.49924523
0.4992451
0.4992454
0.49924535
0.49924493
0.49924535
0.4992451
0.49924487
0.49924475
0.49924517
0.49924505
0.499245
0.49924475
0.49924475
0.4992451
0.49924487
0.49924475
0.49924523
0.49924523
0.499245
0.4992451
0.499245
0.49924487
0.49924523
0.49924475
0.49924475
0.4992451
0.499245
0.49924517
0.4992451
0.49924535
0.4992453
0.4992448
0.499245
0.49924505
0.499245
0.49924493
0.49924487
0.49924475
0.499245
0.4992451
0.49924523
0.49924523
0.4992453
0.4992451
0.49924535
0.49924523
0.4992451
0.49924487
0.49924475
0.4992451
0.49924517
0.4992451
0.49924535
0.499245
0.49924535
0.49924493
0.499245
0.49924487
0.49924487
0.499245
0.49924535
0.4992451
0.49924475
0.49924505
0.49924427
0.49924558
0.499245
0.49924535
0.49924475
0.499245
0.4992451
0.49924535
0.4992451
0.4992447
0.49924523
0.49924487
0.49924487
0.4992451
0.4992447
0.4992453
0.4992451
0.4992442
0.49924505
0.49924523
0.49924535
0.4992451
0.4992448
0.499245
0.49924445
0.49924487
0.4992448
0.49924523
0.49924487
0.49924523
0.4992451
0.49924535
0.4992448
0.4992451
0.499245
0.49924475
0.49924505
0.4992454
0.499245
0.4992451
0.49924523
0.49924523
0.49924475
0.49924535
0.49924487
0.49924517
0.49924487
0.49924517
0.49924487
0.4992451
0.4992448
0.49924535
0.49924517
0.49924517
0.49924487
0.49924487
0.49924487
0.49924475
0.4992482
0.4992451
0.4992451
0.49924475
0.49924487
0.4992451
0.49924487
0.499245
0.49924487
0.49924535
0.49924535
0.49924415
0.49924493
0.4992453
0.49924582
0.49924517
0.49924523
0.49924475
0.4992451
0.49924487
0.49924535
0.4992451
0.49924487
0.4992451
0.49924487
0.49924535
0.499245
0.49924517
0.4992451
0.49924523
0.499245
0.49924487
0.49924493
0.499245
0.49924475
0.499245
0.499245
0.49924517
0.49924493
0.49924535
0.4992448
0.49924475
0.49924463
0.49924535
0.49924487
0.4992447
0.4992451
0.49924523
0.49924517
0.49924475
0.49924523
0.4992444
0.4992451
0.49924403
0.49924427
0.49924415
0.49924535
0.49924523
0.499245
0.4992447
0.499245
0.49924493
0.4992451
0.499245
0.4992451
0.4992444
0.49924475
0.4992451
0.49924475
0.49924487
0.4992448
0.49924523
0.499245
0.4992451
0.49924523
0.49924487
0.4992451
0.49924487
0.4992453
0.49924487
0.4992453
0.49924457
0.49924523
0.499245
0.499245
0.4992451
0.49924463
0.49924493
0.49924487
0.49924523
0.4992451
0.4992448
0.4992448
0.49924517
0.499245
0.4992451
0.49924523
0.49924493
0.49924523
0.4992445
0.49924487
0.49924487
0.49924523
0.499245
0.49924463
0.49924505
0.49924475
0.49924463
0.49924546
0.49924523
0.4992447
0.49924582
0.499245
0.499245
0.499245
0.49924505
0.499245
0.4992451
0.49924523
0.49924505
0.49924487
0.49924487
0.4992451
0.4992451
0.4992451
0.49924523
0.4992448
0.4992451
0.49924523
0.4992451
0.49924517
0.49924493
0.49924463
0.49924523
0.499245
0.49924523
0.4992451
0.49924505
0.49924487
0.4992451
0.49924523
0.49924535
0.49924487
0.49924523
0.4992453
0.499245
0.499245
0.49924517
0.49924475
0.49924505
0.49924487
0.49924475
0.499245
0.49924493
0.499245
0.49924523
0.49924475
0.49924517
0.49924535
0.49924463
0.49924523
0.4992448
0.4992453
0.49924493
0.49924523
0.49924493
0.49924678
0.499245
0.499245
0.49924487
0.4992451
0.49924523
0.4992448
0.49924475
0.4992451
0.49924523
0.499245
0.49924535
0.49924523
0.499245
0.4992447
0.49924427
0.49924517
0.49924523
0.49924523
0.4992451
0.49924493
0.49924523
0.499245
0.4992448
0.49924517
0.49924487
0.4992447
0.4992451
0.49924487
0.499245
0.49924523
0.49924505
0.49924475
0.49924535
0.49924558
0.49924505
0.4992444
0.49924517
0.4992454
0.49924493
0.4992451
0.49924487
0.49924344
0.4992451
0.4992451
0.499245
0.4992451
0.49924493
0.4992451
0.49924487
0.49924523
0.4992451
0.49924517
0.49924493
0.4992451
0.49924463
0.49924487
0.499245
0.49924487
0.49924493
0.4992451
0.49924523
0.49924475
0.499245
0.49924517
0.4992451
0.49924487
0.4992445
0.49924427
0.49924487
0.49924523
0.49924487
0.4992457
0.499245
0.49924493
0.499245
0.49924487
0.49924457
0.4992451
0.49924493
0.49924487
0.49924433
0.499245
0.49924493
0.49924523
0.49924535
0.49924552
0.4992444
0.49924505
0.49924535
0.4992451
0.49924487
0.49924487
0.4992453
0.4992448
0.49924523
0.4992445
0.49924523
0.49924523
0.49924517
0.499245
0.499245
0.49924523
0.49924517
0.49924546
0.49924493
0.49924487
0.4992451
0.49924487
0.4992453
0.49924535
0.49924505
0.49924505
0.49924505
0.49924523
0.4992451
0.49924475
0.499245
0.4992451
0.49924493
0.4992451
0.49924546
0.49924517
0.49924523
0.49924493
0.4992451
0.4992451
0.49924493
0.4992451
0.49924493
0.49924517
0.499245
0.49924475
0.4992451
0.49924475
0.4992445
0.49924475
0.4992451
0.4992451
0.499245
0.49924475
0.49924523
0.4992453
0.4992451
0.4992476
0.4992451
0.49924487
0.49924505
0.49924487
0.49924523
0.49924475
0.49924487
0.49924487
0.499245
0.49924535
0.499245
0.49924523
0.49924523
0.49924552
0.49924487
0.49924487
0.4992451
0.49924475
0.49924523
0.49924487
0.49924523
0.4992451
0.4992451
0.49924523
0.4992451
0.49924487
0.499245
0.4992451
0.49924523
0.499245
0.4992453
0.4992451
0.49924487
0.4992454
0.49924505
0.4992448
0.499245
0.4992451
0.4992451
0.499245
0.49924487
0.4992448
0.4992454
0.49924463
0.49924517
0.4992451
0.4992451
0.49924487
0.49924523
0.4992451
0.49924546
0.4992453
0.49924463
0.4992453
0.49924493
0.49924487
0.49924487
0.49924493
0.49924517
0.49924487
0.4992453
0.49924397
0.49924475
0.499245
0.49924505
0.49924552
0.49924487
0.4992451
0.49924487
0.49924505
0.4992451
0.49924487
0.4992448
0.49924523
0.4992451
0.4992448
0.49924523
0.4992451
0.49924487
0.4992448
0.4992448
0.49924487
0.49924493
0.499245
0.49924535
0.4992451
0.499245
0.49924493
0.4992451
0.49924487
0.49924523
0.4992444
0.49924517
0.4992453
0.4992447
0.499245
0.49924523
0.49924535
0.49924523
0.49924517
0.49924487
0.4992451
0.49924487
0.4992453
0.499245
0.49924475
0.49924523
0.49924487
0.4992453
0.49924475
0.4992448
0.49924463
0.49924475
0.4992453
0.4992445
0.49924523
0.499245
0.49924505
0.49924475
0.49924463
0.49924517
0.49924487
0.49924475
0.49924523
0.499245
0.49924493
0.49924493
0.49924523
0.499245
0.49924487
0.4992451
0.49924487
0.49924523
0.49924487
0.4992453
0.49924475
0.49924475
0.49924517
0.499245
0.49924523
0.4992451
0.499245
0.49924517
0.49924523
0.4992454
0.49924517
0.49924463
0.49924475
0.49924463
0.4992451
0.49924487
0.49924433
0.49924535
0.499245
0.499245
0.4992442
0.49924487
0.49924487
0.4992448
0.49924493
0.499245
0.49924487
0.49924475
0.49924463
0.49924505
0.49924487
0.4992451
0.49924535
0.49924523
0.49924606
0.49924505
0.49924487
0.4992448
0.4992451
0.4992445
0.49924493
0.499245
0.49924505
0.49924535
0.4992451
0.49924463
0.4992451
0.49924535
0.4992451
0.49924475
0.49924546
0.4992451
0.49924517
0.4992451
0.4992451
0.49924487
0.499245
0.4992451
0.4992448
0.49924427
0.499245
0.499245
0.49924475
0.499245
0.49924487
0.4992451
0.499245
0.4992451
0.49924523
0.4992445
0.499245
0.49924487
0.49924523
0.4992451
0.49924487
0.499245
0.4992451
0.49924493
0.4992454
0.49924475
0.4992451
0.49924457
0.49924523
0.499245
0.499245
0.499245
0.49924475
0.4992448
0.49924493
0.499245
0.499245
0.4992448
0.49924517
0.49924517
0.49924487
0.4992448
0.4992453
0.49924463
0.49924493
0.499245
0.49924487
0.4992451
0.499245
0.499245
0.4992451
0.49924487
0.49924463
0.499245
0.4992448
0.49924523
0.499245
0.49924487
0.4992448
0.499245
0.49924546
0.4992453
0.49924517
0.4992451
0.49924427
0.4992448
0.49924517
0.49924487
0.49924523
0.4992451
0.49924523
0.49924475
0.49924535
0.49924487
0.49924487
0.499245
0.49924487
0.49924523
0.49924475
0.4992454
0.49924517
0.49924493
0.49924535
0.49924523
0.4992451
0.49924457
0.49924523
0.49924505
0.4992445
0.4992451
0.499245
0.49924523
0.49924523
0.49924493
0.49924546
0.49924535
0.49924523
0.499245
0.499245
0.49924523
0.4992453
0.49924523
0.499245
0.4992451
0.49924505
0.499245
0.49924487
0.49924523
0.499245
0.4992451
0.49924487
0.49924523
0.49924487
0.4992451
0.4992451
0.49924517
0.49924463
0.499245
0.49924475
0.4992453
0.49924523
0.49924445
0.49924523
0.49924392
0.49924475
0.49924535
0.4992453
0.49924487
0.49924463
0.4992453
0.49924487
0.49924463
0.499245
0.49924415
0.49924523
0.49924535
0.499245
0.499245
0.49924523
0.4992453
0.4992445
0.49924487
0.49924535
0.49924487
0.49924535
0.49924475
0.4992451
0.499245
0.49924517
0.4992451
0.499245
0.4992445
0.4992451
0.49924535
0.49924487
0.49924523
0.4992451
0.49924463
0.49924624
0.49924517
0.49924487
0.499245
0.49924463
0.4992451
0.4992445
0.49924487
0.49924558
0.49924487
0.49924517
0.4992451
0.4992445
0.49924475
0.49924493
0.499245
0.49924475
0.499245
0.49924505
0.49924523
0.49924523
0.49924487
0.49924564
0.49924505
0.49924487
0.49924505
0.49924487
0.4992451
0.49924505
0.4992451
0.49924487
0.49924523
0.49924475
0.4992451
0.499245
0.4992444
0.499245
0.49924067
0.499245
0.49924493
0.499245
0.49924546
0.4992451
0.4992447
0.4992453
0.49924475
0.4992451
0.49924505
0.4992451
0.499245
0.49924493
0.49924517
0.4992451
0.49924487
0.49924475
0.49924505
0.49924558
0.49924523
0.49924535
0.499245
0.49924523
0.49924487
0.49924487
0.49924523
0.49924493
0.49924594
0.499245
0.49924487
0.4992447
0.49924475
0.4992453
0.49924493
0.49924463
0.499245
0.49924535
0.49924517
0.4992451
0.49924523
0.49924505
0.49924493
0.4992447
0.4992448
0.49924487
0.4992451
0.499245
0.49924487
0.49924493
0.49924535
0.499245
0.4992451
0.49924535
0.49924457
0.49924487
0.4992451
0.49924505
0.49924517
0.49924523
0.499245
0.499245
0.4992451
0.4992451
0.4992453
0.49924487
0.4992447
0.4992447
0.49924505
0.49924487
0.49924487
0.49924493
0.4992451
0.49924457
0.4992451
0.49924546
0.49924493
0.49924517
0.4992451
0.49924678
0.49924475
0.49924493
0.49924493
0.49924475
0.4992454
0.49924505
0.499245
0.49924463
0.49924487
0.4992453
0.49924487
0.49924475
0.4992448
0.49924523
0.49924523
0.49924523
0.4992451
0.4992445
0.499245
0.49924535
0.4992453
0.49924505
0.49924523
0.49924493
0.49924523
0.49924523
0.4992448
0.49924487
0.49924475
0.49924546
0.49924493
0.49924552
0.49924505
0.499245
0.49924463
0.49924397
0.49924517
0.4992451
0.4992445
0.49924475
0.499245
0.4992451
0.49924552
0.49924523
0.49924493
0.4992447
0.49924523
0.4992451
0.49924487
0.499245
0.49924487
0.49924523
0.4992454
0.4992451
0.49924475
0.49924487
0.49924493
0.49924493
0.4992451
0.4992448
0.49924523
0.49924445
0.4992448
0.49924475
0.49924535
0.49924523
0.4992451
0.49924493
0.49924487
0.49924517
0.49924475
0.4992451
0.49924487
0.49924487
0.49924475
0.49924517
0.49924505
0.49924314
0.49924517
0.49924475
0.499245
0.49924523
0.49924487
0.4992451
0.49924535
0.4992451
0.49924517
0.49924558
0.49924552
0.49924487
0.49924535
0.4992451
0.49924475
0.49924523
0.49924463
0.499245
0.49924475
0.49924505
0.49924463
0.49924535
0.49924487
0.499245
0.49924523
0.49924493
0.4992453
0.499245
0.49924523
0.499245
0.49924576
0.49924517
0.49924487
0.49924523
0.49924523
0.499245
0.49924493
0.4992451
0.49924493
0.4992451
0.4992445
0.49924487
0.49924523
0.49924427
0.49924517
0.499245
0.49924517
0.499245
0.4992445
0.49924487
0.499245
0.49924546
0.49924546
0.4992451
0.49924505
0.4992448
0.499245
0.4992451
0.499245
0.49924606
0.4992451
0.49924505
0.4992451
0.499245
0.4992451
0.49924493
0.49924535
0.49924523
0.499245
0.49924493
0.499245
0.4992453
0.49924517
0.49924487
0.4992447
0.4992451
0.49924487
0.49924523
0.499245
0.49924487
0.49924505
0.49924493
0.49924517
0.49924487
0.49924535
0.499245
0.49924517
0.499245
0.49924535
0.4992453
0.49924582
0.49924487
0.49924463
0.49924475
0.4992451
0.49924517
0.499245
0.4992445
0.49924523
0.49924535
0.49924523
0.499245
0.49924487
0.49924463
0.49924463
0.49924523
0.499245
0.49924523
0.49924517
0.4992451
0.4992447
0.499245
0.4992442
0.4992453
0.49924535
0.49924523
0.49924493
0.4992451
0.49924523
0.4992451
0.4992454
0.49924487
0.4992451
0.49924463
0.49924493
0.49924523
0.49924517
0.49924517
0.49924523
0.4992448
0.49924523
0.49924535
0.49924487
0.49924523
0.4992451
0.49924487
0.4992451
0.4992451
0.4992448
0.49924535
0.499245
0.49924487
0.49924415
0.49924517
0.499245
0.499245
0.49924487
0.49924558
0.49924433
0.49924546
0.49924535
0.49924517
0.49924463
0.49924523
0.4992453
0.49924523
0.499245
0.499245
0.4992451
0.49924487
0.4992441
0.49924523
0.499245
0.49924523
0.499245
0.49924558
0.4992453
0.49924523
0.4992451
0.4992444
0.49924546
0.4992451
0.49924487
0.49924523
0.4992451
0.49924487
0.49924475
0.4992451
0.4992451
0.4992451
0.49924523
0.4992451
0.49924487
0.499245
0.49924523
0.4992451
0.49924523
0.49924487
0.499245
0.49924505
0.499245
0.4992451
0.4992451
0.49924463
0.49924457
0.4992453
0.49924546
0.49924558
0.49924535
0.49924535
0.4992454
0.4992451
0.4992451
0.49924523
0.499245
0.49924546
0.49924463
0.4992451
0.49924463
0.49924463
0.49924523
0.49924487
0.49924523
0.4992448
0.49924523
0.49924523
0.4992451
0.49924523
0.49924517
0.49924505
0.4992453
0.4992451
0.49924535
0.49924505
0.49924535
0.49924487
0.49924523
0.49924523
0.49924535
0.499245
0.49924475
0.49924517
0.49924523
0.49924523
0.49924523
0.4992454
0.49924487
0.49924487
0.4992448
0.4992451
0.49924493
0.4992453
0.4992453
0.49924523
0.49924475
0.49924535
0.4992448
0.49924475
0.499245
0.49924475
0.49924487
0.49924493
0.4992451
0.49924487
0.49924475
0.49924475
0.499245
0.49924517
0.4992451
0.4992451
0.49924493
0.49924493
0.49924463
0.49924523
0.49924475
0.4992451
0.49924523
0.49924493
0.49924517
0.499245
0.49924523
0.4992453
0.49924523
0.4992448
0.49924475
0.499245
0.49924487
0.49924523
0.49924457
0.49924523
0.49924517
0.499245
0.49924517
0.4992451
0.4992451
0.49924523
0.4992451
0.49924487
0.49924523
0.499245
0.4992445
0.49924475
0.49924487
0.49924523
0.4992451
0.49924523
0.499245
0.49924535
0.4992445
0.499245
0.49924546
0.4992445
0.4992454
0.49924505
0.499245
0.49924523
0.499245
0.49924505
0.499245
0.4992451
0.49924505
0.4992445
0.49924475
0.4992451
0.49924523
0.49924523
0.4992451
0.49924523
0.499245
0.49924475
0.499245
0.49924523
0.49924517
0.49924517
0.49924487
0.49924523
0.4992453
0.49924558
0.4992454
0.499245
0.49924487
0.49924546
0.499245
0.49924535
0.499245
0.49924475
0.4992447
0.49924523
0.4992451
0.4992451
0.49924523
0.499245
0.49924523
0.49924546
0.4992448
0.499245
0.4992454
0.49924475
0.49924475
0.4992451
0.4992445
0.49924517
0.49924546
0.4992451
0.49924546
0.4992451
0.499245
0.49924487
0.49924523
0.49924523
0.49924457
0.49924487
0.499245
0.49924517
0.49924535
0.49924523
0.4992451
0.49924475
0.49924517
0.49924523
0.499245
0.4992451
0.49924487
0.49924475
0.49924463
0.499245
0.49924505
0.49924457
0.4992451
0.499245
0.4992457
0.49924523
0.49924505
0.499245
0.4992453
0.49924487
0.49924487
0.49924517
0.4992451
0.49924475
0.4992451
0.49924523
0.4992451
0.4992453
0.49924523
0.49924546
0.49924475
0.4992451
0.49924523
0.499245
0.49924487
0.49924487
0.4992451
0.49924475
0.49924487
0.49924517
0.49924457
0.49924523
0.49924517
0.49924338
0.4992451
0.4992451
0.4992451
0.4992453
0.49924517
0.499245
0.49924487
0.49924493
0.4992454
0.49924475
0.49924523
0.49924517
0.49924487
0.49924582
0.4992451
0.49924523
0.4992453
0.4992444
0.49924517
0.49924475
0.49924523
0.49924475
0.49924487
0.49924487
0.4992451
0.499245
0.4992451
0.49924493
0.499245
0.49924523
0.49924493
0.499245
0.499245
0.4992451
0.4992457
0.49924594
0.4992447
0.4992451
0.499245
0.4992453
0.4992451
0.49924475
0.49924487
0.49924475
0.4992451
0.49924487
0.4992451
0.49924487
0.49924523
0.49924535
0.49924457
0.49924445
0.49924487
0.49924535
0.49924517
0.49924523
0.499245
0.49924487
0.4992453
0.49924523
0.49924594
0.4992453
0.49924487
0.49924505
0.49924618
0.4992448
0.49924594
0.49924487
0.4992453
0.49924505
0.4992448
0.4992453
0.49924535
0.49924487
0.499245
0.4992451
0.49924487
0.49924487
0.4992451
0.49924487
0.49924487
0.499245
0.49924487
0.49924475
0.49924487
0.4992451
0.49924535
0.49924535
0.499245
0.49924505
0.499245
0.49924493
0.499245
0.4992451
0.4992451
0.49924487
0.49924523
0.4992451
0.49924552
0.49924517
0.4992448
0.4992448
0.49924523
0.4992453
0.49924505
0.49924505
0.49924535
0.49924523
0.49924505
0.49924523
0.4992451
0.49924517
0.49924505
0.49924535
0.49924475
0.49924523
0.49924523
0.4992453
0.4992451
0.4992451
0.49924523
0.499245
0.49924487
0.4992451
0.49924487
0.4992451
0.49924487
0.49924517
0.4992451
0.49924463
0.499245
0.4992451
0.4992451
0.49924535
0.49924487
0.499245
0.49924487
0.49924487
0.4992451
0.49924457
0.49924493
0.49924487
0.49924523
0.49924505
0.4992451
0.4992447
0.4992447
0.499245
0.49924475
0.4992451
0.49924487
0.499245
0.4992451
0.49924463
0.49924463
0.49924475
0.499245
0.49924463
0.4992451
0.499245
0.4992451
0.49924523
0.4992451
0.49924523
0.49924505
0.49924475
0.49924505
0.4992451
